 -0.00000119349942430  0.00001338862293427  0.00002816202550588  0.00004184724775138
  0.00005482080004153  0.00006766308737910  0.00008077924328404  0.00009444118345571
  0.00010847030534960  0.00012284696401288  0.00013753733031702  0.00015253956376341
  0.00016816493138039  0.00018475099584868  0.00020221066161747  0.00022062372804893
  0.00024016940820719  0.00026045985464237  0.00028146526558528  0.00030344619226429
  0.00032629038638747  0.00035025238807076  0.00037545626567848  0.00040150993058611
  0.00042860181454988  0.00045666634308712  0.00048566486485404  0.00051609087276892
  0.00054769902082876  0.00058089375978624  0.00061646273184909  0.00065268281839713
  0.00069038947436462  0.00073023415307864  0.00077210129772064  0.00081631056053745
  0.00086162622488649  0.00090960721409741  0.00095989183467437  0.00101211989783492
  0.00106692811905914  0.00112350454699427  0.00118349141464554  0.00124923725756469
  0.00131585786884137  0.00138264521469829  0.00145251052094017  0.00152592816032969
  0.00160314163367773  0.00168196882585163  0.00175865557973256  0.00184119682911505
  0.00192596882277996  0.00201574608359126  0.00210901221989932  0.00220435889210165
  0.00230231554809431  0.00240486204347552  0.00251408243427325  0.00262730807683764
  0.00275828858286959  0.00289124213366005  0.00303055743226044  0.00316995435355803
  0.00331151136463027  0.00346493823015161  0.00363944544633490  0.00382074684996337
  0.00399904030117391  0.00418401159232186  0.00437996801365501  0.00459603831599109
  0.00482214662689414  0.00508006940932949  0.00535463616022321  0.00562657372309178
  0.00590304425830762  0.00620871507276593  0.00649378902238265  0.00680058958885728
  0.00710784917823178  0.00746640254302740  0.00788894556840502  0.00849729653116134
  0.00915253916774517  0.00985873565912971  0.01051338290371309  0.01129911318507539
  0.01251308359389341  0.01394406180777587  0.01519122756166042  0.01645282389887823
  0.02052709366221468  0.02970698297594891  0.11051140292431863  1.00000000000000000
 -0.00235211685570706  0.00912022403672674  0.01903189907722612  0.02923460674443930
  0.03970819182654699  0.05027988886201216  0.06087526376484944  0.07172954062125922
  0.08241918834801591  0.09298917436710247  0.10370303931874603  0.11483671475659762
  0.12586857086258871  0.13651311146155809  0.14671930580525250  0.15705409495591913
  0.16741107791273727  0.17791257848468719  0.18836597615239026  0.19865148079557007
  0.20877999900406347  0.21909863622419648  0.22955345973099034  0.24017505421980964
  0.25053144900619606  0.26093414689875671  0.27124552805756985  0.28162028172126374
  0.29194678329929513  0.30232606821482616  0.31277140874271392  0.32317837925699411
  0.33345640067136340  0.34368685563143864  0.35385791395346478  0.36445896670185396
  0.37504754369885457  0.38605736534909701  0.39702912040577198  0.40816359021881238
  0.41936909780901366  0.43024880457696252  0.44100527052755639  0.45154700818705362
  0.46216475198478968  0.47273263459089615  0.48317049469688456  0.49368927424771214
  0.50414085903527206  0.51466266891153600  0.52511418066210158  0.53544087239272264
  0.54549771661393098  0.55545270384604373  0.56557662421239208  0.57601614029298087
  0.58660555421895133  0.59724348687360229  0.60791416607258442  0.61850964653928520
  0.62894272692611242  0.63910879058597969  0.64911159205890379  0.65930662706699994
  0.66966570329949882  0.68027786788657751  0.69108270231226165  0.70189050435996037
  0.71251190471856118  0.72300786489364843  0.73379930535786164  0.74492419908679064
  0.75573875997502715  0.76664154136616491  0.77736565512288358  0.78829890842730721
  0.79874331899454176  0.80908539400622270  0.81934936887483034  0.82954292563997223
  0.83982086231697006  0.85032570502945959  0.86113744422865479  0.87197720628010300
  0.88272915093963988  0.89344695868022339  0.90428959955645571  0.91478973691996346
  0.92530169931370365  0.93587479721295108  0.94660872219782910  0.95742701665232044
  0.96790088958913301  0.97854602858918038  0.98925142375740505  1.00000000000000000
 -0.00361462241363076  0.02292214151252385  0.04226112703760976  0.05882918502580205
  0.07389804430437218  0.08790491100426144  0.10123271157728646  0.11388794558343354
  0.12614265668731595  0.13819705839263974  0.14991506095706120  0.16141002329138904
  0.17265062559069735  0.18359099750409621  0.19419290037661230  0.20450703485008007
  0.21473071317100087  0.22489318615470025  0.23506994438053155  0.24519346195195091
  0.25509598486307028  0.26484930442271681  0.27443247079185334  0.28389015924662675
  0.29323051911545062  0.30238643579537439  0.31152923241811908  0.32064537365322382
  0.32971968287018794  0.33871077827797119  0.34768671556570380  0.35649423174448058
  0.36524013417092516  0.37388599097652397  0.38256134711780193  0.39120094233032410
  0.39978857456918687  0.40835610903550257  0.41692116216045011  0.42552238141203774
  0.43410388538423289  0.44266255623882422  0.45123259549676403  0.45983476545159696
  0.46849508848998761  0.47715669286330670  0.48576778644929985  0.49421721232521260
  0.50251637208736044  0.51069762560780363  0.51887022597730814  0.52719524019416630
  0.53568433104468560  0.54421235698613435  0.55280405392862753  0.56129667389121685
  0.56990060659850705  0.57855180621595403  0.58712988135447874  0.59583063258978819
  0.60475379759892534  0.61375660656518827  0.62260501390327461  0.63116890319910512
  0.63968091416643114  0.64836712540410413  0.65721816554460899  0.66610778756045730
  0.67487752140886870  0.68359665044697948  0.69248972474533710  0.70150338835378390
  0.71059367319587829  0.71968677435158535  0.72875969257407458  0.73802001198060474
  0.74744747925512822  0.75694725633734250  0.76642669809102337  0.77593613399463801
  0.78564477206350969  0.79557236749252191  0.80587971046270090  0.81640657715448262
  0.82701746714571678  0.83770757953703290  0.84859527507022559  0.85986075464367506
  0.87172241339325496  0.88453887524219377  0.89796478601061092  0.91171847456459520
  0.92645488658580688  0.94321691343690284  0.96523365658926685  1.00000000000000000
 -0.02028050400839171  0.12172816602152613  0.16000274510331008  0.18344055046458477
  0.20132492840334965  0.21622149825282766  0.22941738491594130  0.24143112063279190
  0.25249314403237821  0.26275447755248804  0.27253691267662872  0.28144151566743747
  0.28999038947654143  0.29818111977095352  0.30602654078847713  0.31379133592663649
  0.32096875124244906  0.32804384273613979  0.33504485094387754  0.34197427496740485
  0.34880829251082612  0.35538300884820806  0.36173623507862435  0.36800095894871132
  0.37416704468331702  0.38013569456669993  0.38601077426676988  0.39183606276465843
  0.39754091705319711  0.40313715891050722  0.40871155140898308  0.41425686139177337
  0.41968676031162910  0.42499985934083390  0.43020980489020483  0.43551754082759131
  0.44077365008992575  0.44606065818485102  0.45127891692609406  0.45644887763597358
  0.46160594971360625  0.46676103968638610  0.47190823819295408  0.47701879217225196
  0.48210249025563640  0.48722846435306583  0.49237669559169844  0.49753110771618769
  0.50264403940964519  0.50780997903803271  0.51288460053728369  0.51800068887618278
  0.52309719995531823  0.52813886094719664  0.53318751361725170  0.53825079852778435
  0.54335410276768881  0.54856213566448453  0.55382775784862304  0.55913328481866265
  0.56449636307368978  0.56986131989402800  0.57523080115354819  0.58055115937156831
  0.58598599877108004  0.59150050770823681  0.59708028369947808  0.60274481052940421
  0.60851071701020876  0.61434422333653371  0.62021101455734140  0.62613289408505235
  0.63215272870486605  0.63830066520888429  0.64461157156780291  0.65122585128124788
  0.65798513727036279  0.66481461571502931  0.67176571959728859  0.67898155338454258
  0.68623630346527031  0.69376578175450254  0.70149967823010473  0.70942066505096557
  0.71790256319365831  0.72656136977870145  0.73604949787255114  0.74604039776939779
  0.75708753424001607  0.76912901894996732  0.78252837846188084  0.79786733284692479
  0.81611927285269270  0.83975530197136483  0.87918220386647694  1.00000000000000000
   2.5315686564967452E-002  -1.0000000000000000     
 T T T T T T T T T T T T T T T T F F F F F F F F F F F F F F F F
  <DiscreteSampler_grid>
  grouped_processes
  1 # 1 for a reference and 2 for a running grid.
  10 # Attribute 'min_bin_probing_points' of the grid.
  1 # Attribute 'grid_mode' of the grid. 1=='default',2=='initialization'
  0.0000000000000000 # Attribute 'small_contrib_threshold' of the grid.
  0.5000000000000000 # Attribute 'damping_power' of the grid.
 # binID   n_entries weight   weight_sqr   abs_weight
    10   10   4.743037118503793E+009   1.523391305194739E+020   4.743037118503793E+009
    16   10   4.743037118503791E+009   1.523391305194738E+020   4.743037118503791E+009
  </DiscreteSampler_grid>
