 -0.00000072718288722  0.00001575507331257  0.00002907140580893  0.00004373615766784
  0.00005793026855685  0.00007265571043704  0.00008807121704223  0.00010432920124047
  0.00012158589645248  0.00013971278700396  0.00015838373883980  0.00017788123315766
  0.00019859292943249  0.00022076987959240  0.00024430892447797  0.00026883663969959
  0.00029447561747521  0.00032132928523141  0.00034989852134728  0.00038054355736956
  0.00041269878690536  0.00044659875125735  0.00048224128649262  0.00051920685840610
  0.00055791060724533  0.00059827408315794  0.00064076147425086  0.00068554816948403
  0.00073241928599374  0.00078200094269526  0.00083504141706976  0.00089053412123601
  0.00094785447024790  0.00100612295207293  0.00106534552682514  0.00112826621040338
  0.00119328383874352  0.00126074466306625  0.00133212079172749  0.00140628445775644
  0.00148293288946354  0.00156193374580065  0.00164282534209942  0.00172673954006336
  0.00181592813272070  0.00191304208567628  0.00201640149273453  0.00212207545817358
  0.00223386902774885  0.00234906369743340  0.00246851681060665  0.00259071433101014
  0.00271955190453200  0.00285621361656597  0.00299815345448013  0.00314036057512714
  0.00329145899706710  0.00345483756164584  0.00361986931400322  0.00379131028912621
  0.00396987744998204  0.00416715298860296  0.00437583254335299  0.00460736073085432
  0.00486539053497624  0.00514675246914615  0.00544228476579441  0.00572739401552768
  0.00599481968943703  0.00626860452148323  0.00654232037483932  0.00682172459194408
  0.00712391400147005  0.00744710812878099  0.00778070306858003  0.00814858193735132
  0.00854208153217346  0.00902374200741976  0.00961235704102407  0.01022950341425649
  0.01083385137921357  0.01138708623650786  0.01195279021327225  0.01265890190797941
  0.01336632599954164  0.01412311821112495  0.01488524928393837  0.01567530624498499
  0.01650674669145297  0.01736145573448739  0.01901203078998109  0.02087998976394022
  0.02504297351046655  0.03105662865930209  0.52141102710390363  1.00000000000000000
 -0.00224539922956162  0.00913542852212762  0.01905780627190133  0.02944194669724713
  0.03987134480301785  0.05034401755798908  0.06097448940057204  0.07169683647656215
  0.08219325601927836  0.09253822772507116  0.10311405095620804  0.11347130069123502
  0.12403100202838571  0.13481380387858957  0.14564952009438378  0.15611015019609029
  0.16646131216476370  0.17705520794009086  0.18771983040873114  0.19813008013308428
  0.20861060115232233  0.21923297447668672  0.22997315072361096  0.24051913394529362
  0.25093991205827265  0.26125537469377408  0.27168942878429225  0.28232217500419088
  0.29307049617325437  0.30370259414938455  0.31430281119879550  0.32483701947191901
  0.33533721094588265  0.34569182505874829  0.35601209216462798  0.36644020206325528
  0.37686249119330367  0.38736917521752701  0.39802725763478208  0.40868856143761551
  0.41920311521424369  0.42968613581840465  0.44011195205316389  0.45075037931033141
  0.46138382145723550  0.47213059312713707  0.48273220392143795  0.49316868173496115
  0.50370203389879087  0.51431741453742530  0.52501422982705959  0.53570320180626729
  0.54640733868043723  0.55717250881180158  0.56775453707155221  0.57827430728056961
  0.58859572504920932  0.59904154936935416  0.60958527482826030  0.62014241200675535
  0.63048066192268848  0.64061423061699607  0.65094862860108882  0.66133988304059466
  0.67187010365694078  0.68242056957702191  0.69308798990930887  0.70367252413356529
  0.71403707894473878  0.72445166595894384  0.73496771432849550  0.74575218818534006
  0.75644814091108792  0.76716903894231470  0.77789637362015795  0.78849991720016988
  0.79910639529384264  0.80968555231966477  0.82045198584998780  0.83135390021379119
  0.84232257065282512  0.85341187420701858  0.86413631258318757  0.87464980502061085
  0.88507115811270454  0.89535908004762343  0.90561722388188814  0.91571256663033385
  0.92611210082931716  0.93660902472891039  0.94719200682308358  0.95771924031901601
  0.96857781981300684  0.97922907994192609  0.98979904672898167  1.00000000000000000
 -0.00485390483982150  0.02558204634650409  0.04655883227682515  0.06391608621061926
  0.07945447612655636  0.09373094389676467  0.10717785825838408  0.12010787534403983
  0.13261602281166354  0.14477925343129841  0.15664830283386449  0.16817597433041254
  0.17935856912293813  0.19027887498143428  0.20095539527866293  0.21138215430055859
  0.22161093746285043  0.23171940272002398  0.24170021887686718  0.25154124979123621
  0.26126849676811936  0.27092312327993895  0.28055150778139726  0.29012236759870130
  0.29958333190358111  0.30892676521735402  0.31812727839130384  0.32721693150015779
  0.33625008242318710  0.34521613231802961  0.35412459642970406  0.36298014508796361
  0.37174887775149312  0.38040185806603982  0.38897051909788788  0.39751792186871437
  0.40605042484465237  0.41456937071629613  0.42308009290063786  0.43152552326280075
  0.43995875988279787  0.44837901198826641  0.45682430848112765  0.46522940575157784
  0.47368885858877330  0.48207826936228187  0.49034343894850763  0.49871766785294647
  0.50698030057353749  0.51524472090353657  0.52356669128496314  0.53188844275127989
  0.54017593970085453  0.54836088676584827  0.55646823724374861  0.56456806457739950
  0.57268848704030406  0.58083774425814327  0.58898215866629255  0.59715602717730842
  0.60537402754149361  0.61368928271821899  0.62204432233947460  0.63036423983430845
  0.63864175774282972  0.64694615811669354  0.65531812775637943  0.66373821322107229
  0.67211497295222833  0.68052939185015660  0.68907263968850763  0.69772267141569366
  0.70638420693138992  0.71503783021584777  0.72372656805098146  0.73252422920639781
  0.74147404454615196  0.75065967983171333  0.76017042106215638  0.76989789178401491
  0.77980039546657831  0.78989491950477964  0.80021118306289740  0.81065548081500471
  0.82118625669878675  0.83199217886206633  0.84297427413446235  0.85431039354493254
  0.86613180066646511  0.87867089475784332  0.89225618834023346  0.90711163347700041
  0.92344247115184419  0.94188814733426096  0.96586718251262471  1.00000000000000000
 -0.02811582408057271  0.13697778413275774  0.17622279391037032  0.19900598686156123
  0.21613706366838392  0.23043271053541092  0.24294942550865564  0.25416563770117595
  0.26423934146413469  0.27373483793737691  0.28256316609947235  0.29108375871180542
  0.29915629371091579  0.30691051035539485  0.31439454702339209  0.32147183373284743
  0.32839507128255246  0.33515847333367110  0.34177615548628865  0.34830512870589836
  0.35468701451248602  0.36088128448815610  0.36694526495644086  0.37290656114630422
  0.37874599333837944  0.38442125266529614  0.39010162114747343  0.39572752494847246
  0.40124830826357094  0.40665186299141637  0.41196729765069351  0.41722484481494315
  0.42242996465604576  0.42762445435303709  0.43280866640185528  0.43795660339458081
  0.44308197339682415  0.44822441602098045  0.45336857406240783  0.45844246088913587
  0.46341588185657501  0.46828778374862490  0.47312816982077127  0.47798311441205682
  0.48287716222527555  0.48777453109504787  0.49268968998387846  0.49756774175129559
  0.50243996104693223  0.50732922272543635  0.51224093356706779  0.51717175700610030
  0.52209700544210658  0.52699857197749223  0.53190359361160400  0.53681957043374662
  0.54175824995066568  0.54673501539764824  0.55173828267461777  0.55675338839304178
  0.56177116259332616  0.56679817270275357  0.57184588172023998  0.57689764205896266
  0.58198434567827995  0.58711146130339531  0.59238227005311184  0.59773895135270194
  0.60323284605917105  0.60881437480866574  0.61444698159704758  0.62015118403396474
  0.62593433579901725  0.63182198004987100  0.63779507818826264  0.64382704963234727
  0.65011089454020787  0.65653881494488886  0.66310095156346005  0.66984379927788151
  0.67681531730722455  0.68403210298747585  0.69151847495407359  0.69932302116177480
  0.70733124915628554  0.71597377618213831  0.72494919954197301  0.73472463241600050
  0.74512541245221198  0.75645213764350561  0.76910630854653306  0.78365503295147132
  0.80113082414926062  0.82389540214558799  0.86219268487547407  1.00000000000000000
   1.2664537282166162E-002  -1.0000000000000000     
 T T T T T T T T T T T T T T T T F F F F F F F F F F F F F F F F
  <DiscreteSampler_grid>
  grouped_processes
  1 # 1 for a reference and 2 for a running grid.
  10 # Attribute 'min_bin_probing_points' of the grid.
  1 # Attribute 'grid_mode' of the grid. 1=='default',2=='initialization'
  0.0000000000000000 # Attribute 'small_contrib_threshold' of the grid.
  0.5000000000000000 # Attribute 'damping_power' of the grid.
 # binID   n_entries weight   weight_sqr   abs_weight
    10   10   3.449953565042660E+009   3.287762261401564E+019   3.449953565042660E+009
    16   10   3.449953565042660E+009   3.287762261401564E+019   3.449953565042660E+009
  </DiscreteSampler_grid>
