  0.00000179203940673  0.00001123485218779  0.00001790498652738  0.00002339932295480
  0.00002914274993349  0.00003428389565583  0.00003956829468325  0.00004493514538686
  0.00005035420800144  0.00005580885055073  0.00006125274083718  0.00006651710162049
  0.00007192144469031  0.00007740834236896  0.00008298996638513  0.00008876013471110
  0.00009475797574100  0.00010083971290970  0.00010711583572580  0.00011360904592144
  0.00012026804121716  0.00012701709202954  0.00013383321278957  0.00014071359032248
  0.00014773072560077  0.00015495825074695  0.00016241437700501  0.00017002030717103
  0.00017766495429105  0.00018547671217172  0.00019333485527451  0.00020144373940466
  0.00020998164216194  0.00021876982875042  0.00022825221194950  0.00023811833478354
  0.00024848993960299  0.00025920647610920  0.00027011867904692  0.00028135778273080
  0.00029265553977134  0.00030449861016548  0.00031681758235562  0.00032975732396637
  0.00034316378491182  0.00035701597149994  0.00037163127282020  0.00038635850876984
  0.00040214709203672  0.00041824661190513  0.00043521102228372  0.00045345811042792
  0.00047298080750355  0.00049413466899299  0.00051632402714313  0.00054012601874879
  0.00056486043870625  0.00059095181631778  0.00061846829576613  0.00064747072334850
  0.00067840950868041  0.00071069319361547  0.00074512275607061  0.00078071715171786
  0.00082045370590628  0.00086301427562131  0.00090783464798661  0.00095589495728784
  0.00100689727515262  0.00106232523066345  0.00112296743758052  0.00118824068973228
  0.00126088863343902  0.00133772799295553  0.00142557361113712  0.00152211303296261
  0.00162453462474551  0.00174555139642830  0.00186683978049161  0.00199859562213162
  0.00214075831716542  0.00230046009874297  0.00247863335531828  0.00268431306045991
  0.00293411353686896  0.00323258026243969  0.00357790678785109  0.00397871529865198
  0.00449576830024645  0.00525475009853083  0.00613414705378940  0.00705330188378345
  0.00852708278191997  0.01073774393687231  0.11740298483334588  1.00000000000000000
 -0.00190217970248325  0.00944562164895305  0.01976389005995605  0.03028998453739496
  0.04081922256480727  0.05099711626090254  0.06117900124541951  0.07152786431631444
  0.08188080498439936  0.09256165664724743  0.10339409010243088  0.11392510380940411
  0.12455105188623997  0.13543677126856102  0.14627991553066799  0.15682905683091947
  0.16727368878121027  0.17777448652964606  0.18802637771465655  0.19778425932106186
  0.20765411043902590  0.21784993430876903  0.22840041032162767  0.23928025867913427
  0.25027314477195012  0.26137014166037997  0.27243040218715903  0.28326591918447352
  0.29415547595123326  0.30476198740010091  0.31509984128910928  0.32519132209428708
  0.33547726408003020  0.34586322113262441  0.35594156066276345  0.36562222079892326
  0.37554171862311009  0.38604156805737500  0.39684347056796804  0.40745253769552142
  0.41817854687859474  0.42922446414331522  0.44017849714752366  0.45097747232648966
  0.46193682380987944  0.47329171817992211  0.48436532832710616  0.49513289331091392
  0.50555984052655656  0.51593366086350201  0.52648597711416389  0.53700142931749406
  0.54744612103062984  0.55775431549612864  0.56814205322778266  0.57853704906853864
  0.58875895577976312  0.59885376917311173  0.60898199061864566  0.61937195309327930
  0.63004636681294535  0.64093533099004329  0.65160464658228068  0.66192878493412688
  0.67232818891799173  0.68282769600315352  0.69294938227477143  0.70272793295414215
  0.71243687271266021  0.72240747054782706  0.73274893978331346  0.74322674606037409
  0.75365700228346810  0.76433167155645365  0.77514462835620579  0.78643537847270051
  0.79748977291057332  0.80843686350067367  0.81905570262948213  0.82949781697739311
  0.83978952815348240  0.85007896007621586  0.86031115261443158  0.87042691340913780
  0.88069497811785880  0.89133790095252496  0.90188096824691699  0.91216902202254513
  0.92246162412737709  0.93292730293259785  0.94330474709784362  0.95387535356538122
  0.96491161986094620  0.97647599202849822  0.98815233488612197  1.00000000000000000
 -0.00305303468207995  0.02452038316050026  0.04457114211862502  0.06110573429450748
  0.07600626198306876  0.08960250046441347  0.10248738690040719  0.11535900343007374
  0.12779245665702407  0.13950269650083844  0.15085012803468878  0.16206553258086551
  0.17302234600555735  0.18373002609281669  0.19408197257061363  0.20418956700824056
  0.21409084476045784  0.22393160706371484  0.23361737888456624  0.24304927835202356
  0.25220805694131065  0.26125746545502659  0.27017331430722219  0.27901757661206916
  0.28772499486400255  0.29638914305197600  0.30513196825018341  0.31383897056772558
  0.32236839205875883  0.33075562265774089  0.33906522615921336  0.34723835932351066
  0.35530404103290808  0.36322551126273650  0.37105080561462178  0.37904492767298753
  0.38728281159103678  0.39555496819445118  0.40365606145976951  0.41159827212460981
  0.41959861509117397  0.42740879766305212  0.43521504389745785  0.44288113481379027
  0.45051533801432092  0.45810259880343929  0.46545717548317211  0.47289828337121859
  0.48043865578877237  0.48799962942042313  0.49552933312112635  0.50310706939479133
  0.51091409744312999  0.51877579233015081  0.52689344895212109  0.53517884719914177
  0.54321825634278198  0.55114963567830921  0.55910723266709605  0.56717126565129228
  0.57535109149228680  0.58347765407190322  0.59153527344585033  0.59967894422240176
  0.60787870648128728  0.61601123846715511  0.62406279935292819  0.63199270654452511
  0.64003059264094109  0.64837481847400835  0.65683979209541199  0.66542418474330078
  0.67417141536142011  0.68298558216349992  0.69202171948221902  0.70131065997152653
  0.71096151622986925  0.72073133934965894  0.73053319320191701  0.74043328443872136
  0.75033930431075058  0.76027024340235583  0.77041916883740658  0.78096359233101154
  0.79188591826192167  0.80311232698562518  0.81470486197198377  0.82676895300345121
  0.83953450907154215  0.85307044273944077  0.86763734818411453  0.88313824078575542
  0.90098112704645761  0.92245462536716227  0.95127740405846151  1.00000000000000000
 -0.01885587726306547  0.10823791299448685  0.14355290794611805  0.16578250627235383
  0.18332522503411036  0.19827288089128509  0.21171835178998710  0.22412398619603377
  0.23554318554505704  0.24624640407541037  0.25625227503059927  0.26592847073312753
  0.27513512644763860  0.28387417996388731  0.29230982903089109  0.30026147303131551
  0.30796395633248297  0.31549916289552266  0.32281176883600532  0.33011337853787542
  0.33734053124923646  0.34427141362651736  0.35117662124781518  0.35788678870700208
  0.36452349116497273  0.37099961451955371  0.37730491002125133  0.38350302227022892
  0.38963048278467227  0.39571475384888516  0.40175120229858485  0.40770480624441297
  0.41359839189903569  0.41950080425493597  0.42539613657103215  0.43129845531474714
  0.43716750726153891  0.44290259003225368  0.44858391089935934  0.45421335011154418
  0.45974066379839212  0.46517211420294446  0.47059841074442305  0.47609084919997474
  0.48161103589270027  0.48708900503267721  0.49252645792160621  0.49793821020134382
  0.50329188897011878  0.50870743578557565  0.51401877806368201  0.51933944990680048
  0.52475365740833591  0.53030706818467788  0.53591816840032169  0.54161826514088462
  0.54737339164245413  0.55308255819050967  0.55873321458645220  0.56439032471368300
  0.57011231867513845  0.57592227209825930  0.58176064493042778  0.58754380875992762
  0.59326895090118970  0.59903224338650307  0.60486442834093446  0.61085235281800698
  0.61694613979211066  0.62308195011689826  0.62929185546395860  0.63554542156589200
  0.64194003689648149  0.64865806163357198  0.65566838307974373  0.66278751963191396
  0.66994038033808978  0.67715598308284985  0.68452428113966723  0.69226395125371454
  0.70041085070958797  0.70875840485022734  0.71719890812945986  0.72578649597806788
  0.73467328064618276  0.74393321032473514  0.75360107385816111  0.76375034746844250
  0.77464587163819665  0.78658279879060478  0.79984735318769273  0.81489844168299019
  0.83258116759389578  0.85461914099182301  0.89039479455179127  1.00000000000000000
   1.3790436975202226E-002  -1.0000000000000000     
 F T T F T T T T T T T T F T T F F F F F F F F F F F F F F F F F
  <DiscreteSampler_grid>
  grouped_processes
  1 # 1 for a reference and 2 for a running grid.
  10 # Attribute 'min_bin_probing_points' of the grid.
  1 # Attribute 'grid_mode' of the grid. 1=='default',2=='initialization'
  0.0000000000000000 # Attribute 'small_contrib_threshold' of the grid.
  0.5000000000000000 # Attribute 'damping_power' of the grid.
 # binID   n_entries weight   weight_sqr   abs_weight
    10   10   2.447864324542611E+008   1.159894856893704E+017   2.447864324542611E+008
    16   10   2.441787584225441E+008   1.159208891068536E+017   2.441787584225441E+008
  </DiscreteSampler_grid>
