  0.00000067940136402  0.00001249185714241  0.00002716205334903  0.00004058262908933
  0.00005367378541844  0.00006664864626478  0.00007992166702977  0.00009352010462225
  0.00010738767731467  0.00012153315970986  0.00013610021986578  0.00015118284656142
  0.00016688949198186  0.00018338797192815  0.00020053479700584  0.00021874205426780
  0.00023771914923953  0.00025725416111910  0.00027827522361804  0.00029993879522418
  0.00032280371119928  0.00034725622681256  0.00037258029993816  0.00039941549703098
  0.00042754595189619  0.00045702890143842  0.00048732425901864  0.00051788571980501
  0.00055067869508850  0.00058480889968266  0.00062041437198703  0.00065770420357179
  0.00069682625710487  0.00073770712070738  0.00078047202939658  0.00082606263463351
  0.00087333825718679  0.00092183784863703  0.00097039778774113  0.00102050740952487
  0.00107274788370636  0.00112888561735081  0.00118801340863934  0.00124912141518753
  0.00131454719469948  0.00138721913887913  0.00146443899257994  0.00154411431054429
  0.00162701056715560  0.00171564328938657  0.00180722058332858  0.00190213542479427
  0.00200862753834905  0.00212131609052250  0.00223820909965957  0.00235239972794490
  0.00246305117983574  0.00257495592780097  0.00269001246980110  0.00281610123250993
  0.00295120307269525  0.00309219990044857  0.00323341395768110  0.00337562309742722
  0.00352725310288743  0.00369296845675657  0.00387145723381032  0.00406157803161557
  0.00426416074157610  0.00448483664608575  0.00475417649119961  0.00503536777396137
  0.00530280030070247  0.00556550802273918  0.00583542264681269  0.00612598402822251
  0.00650935236519849  0.00700795555570504  0.00752191450929050  0.00821228588051809
  0.00883402311954897  0.00944359985525669  0.01012082795979767  0.01073874585441399
  0.01153475946476954  0.01242494812651345  0.01345313466604362  0.01492592854081402
  0.01736889089461026  0.01990542474915870  0.02215360725870772  0.02681296757897229
  0.04020468865136654  0.06580318410028331  0.08377542293963461  1.00000000000000000
 -0.00274905122806869  0.00999111325661760  0.02096162389880290  0.03183394279634695
  0.04278868709180678  0.05382496847181444  0.06454445646089912  0.07494689168574362
  0.08535991795763205  0.09576933492383215  0.10597728216999837  0.11602791489758539
  0.12601023824511789  0.13613214733888909  0.14626804207879865  0.15641529478260993
  0.16677546430825091  0.17736427560558227  0.18765954020192907  0.19792497392517489
  0.20814495371421338  0.21901557650802778  0.22985667367860654  0.24071857507892608
  0.25129035165588326  0.26181399749568213  0.27212016076351575  0.28247105773505571
  0.29299859199997502  0.30347169810790214  0.31404538717417657  0.32445623311940341
  0.33491735262372729  0.34539468010154684  0.35600969864373960  0.36657738524293360
  0.37721339600827053  0.38787621982103387  0.39853713936508456  0.40931754490382499
  0.42011766966115432  0.43086170810054103  0.44142701703158310  0.45195046982951476
  0.46255723505004531  0.47303467871846916  0.48341561049326343  0.49392735923198644
  0.50430972723588463  0.51479306363810640  0.52514564975058542  0.53559149551659180
  0.54607653739724604  0.55650584457395225  0.56693447064550317  0.57737088881086052
  0.58780387165808612  0.59824024918599705  0.60873669181406509  0.61912879117045372
  0.62955462367765191  0.63991042687724675  0.65028995512339227  0.66060211391318291
  0.67076312449425590  0.68113383515319892  0.69147604330408852  0.70215700585776042
  0.71275073267482014  0.72353453054816996  0.73427315385660663  0.74511683234095105
  0.75577065988114589  0.76635324980434438  0.77692780713225051  0.78745606590948147
  0.79773465513844244  0.80803727799544900  0.81866124750702707  0.82965709437615176
  0.84041294432798730  0.85103084857376077  0.86162740037570640  0.87245765598789482
  0.88313781950115666  0.89365210716681298  0.90404446269973815  0.91433467694444459
  0.92474896322111622  0.93504212863056002  0.94574557024927042  0.95619567925855153
  0.96710596645148394  0.97795353927781525  0.98897686506850602  1.00000000000000000
 -0.00357204582227751  0.02271782430324894  0.04183124004032603  0.05819811025902814
  0.07319754291099423  0.08725682789463041  0.10059106372769287  0.11340077716642358
  0.12587226569876148  0.13786193717509532  0.14941789746910317  0.16057760047324338
  0.17157686306124839  0.18226531064213533  0.19293035766043820  0.20345021315331538
  0.21372545149371783  0.22374838663989460  0.23374712378506543  0.24387951505604988
  0.25394429524662276  0.26390130667964118  0.27371986854569719  0.28335256052462338
  0.29268389821601154  0.30179987389114044  0.31082667310455719  0.31983269227754002
  0.32886217642145410  0.33773483675915161  0.34652077983734403  0.35529994646999652
  0.36405841831824215  0.37280026180055592  0.38143537612679917  0.38995565266893578
  0.39837651201305979  0.40673710005913771  0.41513652431275094  0.42364167976453854
  0.43222691956437054  0.44082505624024215  0.44937377678939416  0.45787922876070880
  0.46639794522203937  0.47490605504023409  0.48345353894546050  0.49198520826768571
  0.50048162595233803  0.50891660359446633  0.51734839731113491  0.52583862993075248
  0.53439157789286873  0.54292339833785497  0.55134766024769333  0.55982578053368459
  0.56826637257247115  0.57677452750680813  0.58537165238668154  0.59401862443731490
  0.60272033924897328  0.61150012472032744  0.62033774137889586  0.62900529889744472
  0.63749003842350072  0.64588006385061547  0.65418659888170783  0.66254187144995536
  0.67109014227752306  0.67979361384758996  0.68866488961625549  0.69763267239745397
  0.70660055847905689  0.71554737965964921  0.72453766905002348  0.73357700321143737
  0.74268841470988012  0.75203913378082277  0.76153332850297550  0.77135210340613591
  0.78124291746218433  0.79137022042269578  0.80122014079892434  0.81121854913893676
  0.82140625720895388  0.83191706130093168  0.84269046737944275  0.85396204683193733
  0.86584967777260013  0.87831848261102130  0.89150899505127368  0.90591873858336092
  0.92182698497184745  0.94017508107744663  0.96426869019624950  1.00000000000000000
 -0.02029691230835994  0.12065833992123817  0.15960364000298727  0.18308088341522130
  0.20139953626787138  0.21637692286667493  0.22940188607239165  0.24118696443541723
  0.25231202200335812  0.26212645764519416  0.27156897825792098  0.28033005305091785
  0.28889253106280088  0.29708486432439313  0.30489668932218300  0.31247621070468123
  0.31961833875408885  0.32665418541745755  0.33355317782570509  0.34023489398057510
  0.34670227185533220  0.35301832460712523  0.35921982729719748  0.36535604640309577
  0.37140034934506400  0.37735295462724056  0.38320342361234611  0.38906642940689851
  0.39490600834822848  0.40065308909423508  0.40630753880795911  0.41189378606211696
  0.41741867406121286  0.42284291601604568  0.42818556538892272  0.43347965369239422
  0.43883069939701336  0.44421156872033468  0.44961537535446910  0.45497854349315242
  0.46030227901491649  0.46556553819356228  0.47076823574944671  0.47593640298543954
  0.48111062809294658  0.48633149783916618  0.49158607391259607  0.49687887678918496
  0.50215493527191113  0.50730367302726043  0.51239476133542328  0.51743729915054837
  0.52254805624525236  0.52774123134082129  0.53297884337548385  0.53821583246950466
  0.54346859688687432  0.54877089381320521  0.55409338789510298  0.55945376050527262
  0.56482701745744057  0.57025709201764752  0.57571944997582869  0.58125890544642178
  0.58686586753419256  0.59252671901485365  0.59819298742067917  0.60389410418217038
  0.60969037895453038  0.61554494815527794  0.62142778215019090  0.62739693300930077
  0.63336728931609854  0.63947403947450177  0.64572049046873192  0.65213442062490456
  0.65865495482334369  0.66528924734020001  0.67215928948663584  0.67919156134231962
  0.68629088387948600  0.69374793079626529  0.70150557540642589  0.70954817141824200
  0.71817380959888699  0.72689405833535881  0.73659827403912681  0.74670919235428579
  0.75801015247680692  0.77015712505390976  0.78388694167553918  0.79908901681242850
  0.81688590826925556  0.83977921322443216  0.87787536512828779  1.00000000000000000
   2.5014142125222245E-002  -1.0000000000000000     
 T T T T T T T T T T T T T T T T F F F F F F F F F F F F F F F F
  <DiscreteSampler_grid>
  grouped_processes
  1 # 1 for a reference and 2 for a running grid.
  10 # Attribute 'min_bin_probing_points' of the grid.
  1 # Attribute 'grid_mode' of the grid. 1=='default',2=='initialization'
  0.0000000000000000 # Attribute 'small_contrib_threshold' of the grid.
  0.5000000000000000 # Attribute 'damping_power' of the grid.
 # binID   n_entries weight   weight_sqr   abs_weight
    10   10   4.774538893247981E+009   7.866629353732312E+019   4.774538893247981E+009
    16   10   4.774538893247981E+009   7.866629353732309E+019   4.774538893247981E+009
  </DiscreteSampler_grid>
