 -0.00008259351902737  0.00078251256649712  0.00169002775764910  0.00296944333444228
  0.00462992157331434  0.00659065048360315  0.00894699246561971  0.01167419506420148
  0.01491158018218738  0.01834319299558047  0.02209329132275414  0.02608575779488357
  0.03036600355941083  0.03494954937511269  0.03975916728125937  0.04497823832549797
  0.05062652284093122  0.05626784322032449  0.06210736351975724  0.06844658282270449
  0.07519767339096362  0.08185559319263619  0.08870856879762894  0.09591072801194728
  0.10313997587340351  0.11058535191525477  0.11810309899166936  0.12581437261272735
  0.13379905370224907  0.14198062198491129  0.15044616477501968  0.15926750108801918
  0.16850980516763125  0.17801454506996489  0.18784702578198612  0.19800047550508884
  0.20820213319291458  0.21839150325048384  0.22876157988202941  0.23949742746008418
  0.25036149728818574  0.26154963926972402  0.27278369891411541  0.28451213936365444
  0.29636333100396806  0.30839711587219493  0.32021149114945996  0.33203018046252269
  0.34419406430926497  0.35667622864170639  0.36943811116508790  0.38248258923594514
  0.39588357091106630  0.40971533264750287  0.42331250252727426  0.43735553715669190
  0.45165331192637942  0.46577607114072711  0.47970903163762652  0.49351348545755702
  0.50723476274093582  0.52089931662588007  0.53443946929702213  0.54795517321722242
  0.56201530120821475  0.57648011912952002  0.59053022256742527  0.60534347807898292
  0.62114141087194263  0.63660136982596860  0.65167501321325383  0.66781384590069093
  0.68406558159523423  0.70031208552950153  0.71654659430874856  0.73231767352742627
  0.74768590320679473  0.76303399200140520  0.77803605008134380  0.79197716395551021
  0.80579321551784733  0.81979632025670579  0.83372876682914654  0.84749655634616095
  0.86106753825992888  0.87421289841253347  0.88712285212064712  0.89989440307002999
  0.91278219688417717  0.92578432807517763  0.93855579688294877  0.95115468897399513
  0.96360490929845433  0.97588040998074899  0.98799258454248873  1.00000000000000000
 -0.00188050862141915  0.00886669141911030  0.01838957741654549  0.02889018216343593
  0.03994475479773321  0.05209908667907318  0.06419099138848225  0.07554034146317813
  0.08644413307641728  0.09711096574895058  0.10788414607688629  0.11834540404773275
  0.12849771993533113  0.13845294290925445  0.14904769563470957  0.16007520395157140
  0.17089740182731383  0.18144419442497650  0.19172796395039221  0.20196284559033675
  0.21181886446078915  0.22110006024802178  0.23015541190821304  0.23922082697157657
  0.24850385964882440  0.25808360344354647  0.26800544949983279  0.27858231316751964
  0.29011676594467772  0.30172963258261387  0.31310944874099655  0.32408721802241747
  0.33465905243394667  0.34514167901870640  0.35592075260791917  0.36697505153783022
  0.37850803377279391  0.39019128158763433  0.40184825119590234  0.41381764532949689
  0.42556217591050866  0.43721572373421419  0.44706905753163356  0.45678836042658161
  0.46680355072539603  0.47741779689212976  0.48792488164686182  0.49852432512055589
  0.51034546303608797  0.52132542100443380  0.53233734706074542  0.54261900796780649
  0.55306891153147664  0.56296894481431070  0.57202401797576574  0.58145874753902860
  0.59075296253008458  0.59989328943463860  0.60894118260108698  0.61826429305944786
  0.62792104231667323  0.63906083504823585  0.64928222798451896  0.65882367018563415
  0.66872841397131344  0.67837980136800824  0.68807216732714482  0.69786518170794754
  0.70782190761503927  0.71801764150385505  0.72847506917318672  0.73915532026320740
  0.75014568933770520  0.76116009405600482  0.77248629286993187  0.78428851061605176
  0.79592950044941713  0.80719456083281860  0.81872012987070053  0.83010237805712284
  0.84118784132676550  0.85186230002419105  0.86326307611693343  0.87512442586036276
  0.88617517094989662  0.89736789547100304  0.90758819953035064  0.91874740871711635
  0.92940948350558961  0.94010732570082034  0.95032866596719634  0.95999477285269064
  0.96963472317792609  0.97955628278738782  0.98981531721450722  1.00000000000000000
 -0.00197955728518241  0.01693697142042930  0.03118363563225415  0.04311303258919463
  0.05424321014924019  0.06483072560742632  0.07526964366513368  0.08560167304447125
  0.09587896363543373  0.10587109823030952  0.11525930286275822  0.12407567033205717
  0.13227513833234250  0.14026444227806512  0.14874205282281944  0.15755372738241111
  0.16640219915339910  0.17520928428575602  0.18374630759498212  0.19239170090137028
  0.20148895577532644  0.20998088436798004  0.21826157736308857  0.22655197536030847
  0.23498805295811084  0.24367113907510513  0.25203101447214910  0.26017029738088870
  0.26848342871598008  0.27711215399174366  0.28571388541803505  0.29371351653731170
  0.30151568683810176  0.30957660628769584  0.31836515470283688  0.32778343887331757
  0.33646985553102426  0.34427836093994829  0.35202518033902452  0.36005311164198994
  0.36842314123480102  0.37677430826519370  0.38515602655936687  0.39347279495690651
  0.40136290242700712  0.40897458446320278  0.41659799154813754  0.42415944508238268
  0.43197289866394650  0.44001724259471098  0.44811735318208101  0.45605888060518213
  0.46434192461042811  0.47306807518801519  0.48150853411308264  0.48964859747915068
  0.49772510319179125  0.50526788974694126  0.51242274250490083  0.51986939121293918
  0.52790611099237750  0.53661146606490806  0.54547890119799902  0.55459982319551804
  0.56377881737595603  0.57324074166967243  0.58291390618464856  0.59286300693255345
  0.60267578678460265  0.61147484909488481  0.62013219022376476  0.62891134665053006
  0.63751355974015134  0.64613428165826770  0.65502587519943722  0.66382176246089553
  0.67322277754352244  0.68380678201197576  0.69520720002585845  0.70643950275061207
  0.71670215195402942  0.72689801818165478  0.73759582274585056  0.74922157470785644
  0.76202291235755892  0.77572472229169620  0.78934950143736493  0.80324990915963546
  0.81726154948144980  0.83259369838632968  0.84969380669139438  0.86930523266273874
  0.89027639121332292  0.91470851381297258  0.94750815062167870  1.00000000000000000
 -0.01918877401206551  0.12665003520523832  0.17650811749657411  0.20871232532966183
  0.23368590664970421  0.25406366905114353  0.27192970483302742  0.28903208504209349
  0.30501788649669492  0.32005415325795200  0.33437357149858665  0.34782217026598433
  0.36092423769115517  0.37343092827274932  0.38487885307315650  0.39576249624950499
  0.40625858316796470  0.41645166869612882  0.42551023014936817  0.43417660582900913
  0.44279326845096684  0.45144460196321212  0.45980405710226741  0.46788436902170788
  0.47582214755464847  0.48364943288468193  0.49137392029303006  0.49881130495012810
  0.50609355940837530  0.51329528875092745  0.52044997379592184  0.52758855390526627
  0.53465021178112737  0.54157819035140942  0.54829097014484940  0.55488027638603143
  0.56147364416293843  0.56798042766280732  0.57445736277479442  0.58088304474056618
  0.58696139779624079  0.59253892276670650  0.59816987581462644  0.60363751158588042
  0.60935829651681783  0.61500504799556843  0.62061410632809644  0.62608986805279299
  0.63142271285359941  0.63664954302462640  0.64186652390908761  0.64721517285926711
  0.65263560095131179  0.65813690625781562  0.66366575914104275  0.66896796937817615
  0.67390515265360573  0.67872848530066177  0.68349169824089939  0.68828989616528369
  0.69314529789137669  0.69802480423968594  0.70278964085573203  0.70756206490694840
  0.71238006393487807  0.71735480531611628  0.72237327223761383  0.72739372971055449
  0.73248039245096641  0.73766634320829116  0.74302525878314851  0.74858784703446368
  0.75423095438871990  0.75979829356807282  0.76534922217949530  0.77103664019609097
  0.77723301485907925  0.78359823063770384  0.78972994248745298  0.79620618267850762
  0.80283010745778771  0.80951345464980951  0.81625117774498601  0.82303132905665444
  0.82998928758374579  0.83727176300955120  0.84501330559918053  0.85291502557406418
  0.86115260876574318  0.86981286575867256  0.87910628222391674  0.88988584914086710
  0.90223460896579188  0.91780356714885303  0.94096708465899881  1.00000000000000000
   1.5919927817092980E-003  -1.0000000000000000     
 T T T T F F F F F F F F T T T T T T T T F F F F F F F F T T T T
  <DiscreteSampler_grid>
  grouped_processes
  1 # 1 for a reference and 2 for a running grid.
  10 # Attribute 'min_bin_probing_points' of the grid.
  1 # Attribute 'grid_mode' of the grid. 1=='default',2=='initialization'
  0.0000000000000000 # Attribute 'small_contrib_threshold' of the grid.
  0.5000000000000000 # Attribute 'damping_power' of the grid.
 # binID   n_entries weight   weight_sqr   abs_weight
    10   10   3.655386594198291E+008   1.338707883809971E+017   3.655386594198291E+008
    11   10   3.655386594198291E+008   1.338707883809971E+017   3.655386594198291E+008
  </DiscreteSampler_grid>
