 -0.00009131832893452  0.00081500154128327  0.00177194411110955  0.00316134269064585
  0.00495053153822334  0.00710241785056626  0.00967137313087449  0.01269153334759715
  0.01601850373259552  0.01959262328729772  0.02351307133038743  0.02774035572094871
  0.03228404657610106  0.03706962109079154  0.04208879891126571  0.04734970495178623
  0.05272803701322667  0.05829067393866016  0.06434096538283630  0.07089625530953093
  0.07772121257658185  0.08454707686129223  0.09176367776282393  0.09919587381796141
  0.10664288372918460  0.11407279728047692  0.12162357072232148  0.12946871509118640
  0.13763394055854999  0.14614936812811402  0.15496658597793594  0.16396963695446781
  0.17319203703786998  0.18263626809466393  0.19206698160882865  0.20163422719565305
  0.21154374935147868  0.22183937362248710  0.23245646033208373  0.24337599216700589
  0.25456077135631150  0.26571560520463372  0.27698547064960050  0.28861165869119376
  0.30071146516434649  0.31316876644205593  0.32565646036734003  0.33809391299452357
  0.35046578176878718  0.36265256677144286  0.37477903178785088  0.38712482564881789
  0.39961756197334314  0.41236344215369852  0.42545886907019026  0.43863058951100597
  0.45193395857034829  0.46526349431446856  0.47866938952621485  0.49209615278375785
  0.50557285360500059  0.51911614205449108  0.53256873328507037  0.54605812945347887
  0.55952507869310530  0.57321863235620207  0.58721105314493460  0.60164498421116663
  0.61659187810857885  0.63196243916321559  0.64714208456639222  0.66190658977933858
  0.67637311356774565  0.69054093471174860  0.70449924161666067  0.71845320029930471
  0.73322446539140496  0.74832777489794322  0.76332639150068238  0.77819244948011368
  0.79307162478950965  0.80753798312263381  0.82161137658044026  0.83576765155633526
  0.85000535995629012  0.86423766369697963  0.87840566957714272  0.89247093246127618
  0.90648482512438899  0.92028407040216786  0.93378318186058806  0.94729426391825100
  0.96080102503821996  0.97411021375424656  0.98717233152743022  1.00000000000000000
 -0.00251192195358732  0.01018723693131159  0.02078937947990781  0.03114900190986487
  0.04124877136812840  0.05205677112298158  0.06257111521164628  0.07305015789360671
  0.08377865732725207  0.09496353626689394  0.10563161499325779  0.11577379652845049
  0.12640817854294290  0.13743431904147008  0.14830964468423219  0.15824630485439675
  0.16793071458893699  0.17763423917273460  0.18705628096318669  0.19666471770594093
  0.20697971701384626  0.21840795863529894  0.23022283364730459  0.24161246787589824
  0.25268724142459748  0.26351952195451828  0.27411784511701748  0.28461709450669359
  0.29478837934784202  0.30440743706708562  0.31395439473933329  0.32407623171333555
  0.33466266204882000  0.34488110187491872  0.35440239166354937  0.36357059344031634
  0.37244657590031793  0.38171304787064286  0.39146676802136182  0.40161213589919331
  0.41186745208807596  0.42201138529631721  0.43231649048723508  0.44268488850519694
  0.45266827196838333  0.46270630944274715  0.47271159415884401  0.48307083805125389
  0.49347846077120738  0.50392954346020391  0.51378468601561045  0.52379105634933143
  0.53426651162143646  0.54489764372634342  0.55558733194654153  0.56622026503395984
  0.57763538173156304  0.58911658499498609  0.60020639562368983  0.61097319476111978
  0.62175799138059429  0.63222946493123955  0.64313143804085804  0.65432312679273363
  0.66586038634745537  0.67689002363977646  0.68753240552200834  0.69778993142553780
  0.70804535391955548  0.71828261130088500  0.72868296059262871  0.73904149312311440
  0.74980068901077024  0.76121304666659773  0.77303196529663054  0.78478068584722760
  0.79608864446782679  0.80715420549763439  0.81828776868970943  0.82941820407600875
  0.84028586644468373  0.85102562560785777  0.86216444202543863  0.87361373147489052
  0.88432891290851035  0.89454908128027399  0.90506570854161628  0.91569898468200739
  0.92614422225068838  0.93665233053841190  0.94738871637428790  0.95855840763992806
  0.96934826061520807  0.97959227877382837  0.98996618650588908  1.00000000000000000
 -0.00300251283009056  0.01816014290269390  0.03365072868372632  0.04684119745784723
  0.05832669431982603  0.06963021698456033  0.08095189294575303  0.09225497663314962
  0.10325612931016141  0.11393811019466479  0.12414791963479144  0.13307307037385521
  0.14158249117299579  0.14990978222157139  0.15768982130855236  0.16550049172067496
  0.17302617805091569  0.18039174085128890  0.18798842762048920  0.19610344146036646
  0.20436630706097000  0.21250051430201086  0.22062607247061733  0.22874977783681449
  0.23676267050169300  0.24493513654438426  0.25316869552767590  0.26193866906320601
  0.27104917021878605  0.28029973842045208  0.28912152813708547  0.29743277188683248
  0.30533530899701455  0.31307489859463372  0.32031805640625488  0.32741054998389485
  0.33466999259090768  0.34205532557399504  0.34978484078145744  0.35779710425577449
  0.36562864887750701  0.37322367617804963  0.38094515860360567  0.38887503596599127
  0.39685026929722889  0.40501380925842911  0.41323843280576439  0.42127532095887982
  0.42905673667616895  0.43691194073020539  0.44479133661189102  0.45254561481535749
  0.46038431002703112  0.46812345595789284  0.47582781093466614  0.48387032575819489
  0.49219703028594464  0.50061466904753060  0.50896211674651770  0.51734005481681611
  0.52590373507311383  0.53448078834230162  0.54316191492210519  0.55176199339317022
  0.56057159499095810  0.56995241401772700  0.57955993069308764  0.58897083604772427
  0.59813665363869972  0.60738967788867948  0.61682213287124765  0.62643581639550616
  0.63632277741022958  0.64682314596043777  0.65826824337881518  0.67006280827696063
  0.68147228317987996  0.69227854588197824  0.70311310709041541  0.71351532918171590
  0.72498470944300497  0.73651135241024723  0.74852728028846427  0.76090470065248206
  0.77299091663637509  0.78495335112894105  0.79738901875065682  0.81095893427792043
  0.82549355560778226  0.84028511951355622  0.85530289727856545  0.87118235864982985
  0.88933533119305508  0.91212934819668112  0.94570619942678058  1.00000000000000000
 -0.01944023162180143  0.13213013449050023  0.18034074606255576  0.21102904032786665
  0.23668805269032017  0.25912618441242607  0.27756366755550915  0.29361240362110930
  0.30817775849332529  0.32154725793552458  0.33397252612567674  0.34589441035780094
  0.35720575307688179  0.36816779944116723  0.37893401361935147  0.39005791077531149
  0.40057881936550876  0.41080212583650960  0.42076971558476089  0.43091227129534765
  0.44080348944314041  0.45026539681953043  0.45951026552283458  0.46772770822067733
  0.47582652261700620  0.48332628729023608  0.49059095387048784  0.49769428109585961
  0.50488563253327989  0.51206409358589766  0.51907481310480774  0.52620379617082202
  0.53313068539038233  0.54026223326385081  0.54667975447175410  0.55306016477825359
  0.55950916195358957  0.56589900473823973  0.57197820861466375  0.57788882969475508
  0.58368969197316067  0.58945140394809514  0.59523267609377384  0.60092628335480780
  0.60667736464998390  0.61254983804652152  0.61842687011438924  0.62437383251539258
  0.63043906499990787  0.63648252327947530  0.64231410045940873  0.64767257958927338
  0.65288651507486029  0.65800717971151479  0.66321018460625991  0.66859774726410071
  0.67409854480803300  0.67959941368120380  0.68505162359923555  0.69061319467200444
  0.69626243283207101  0.70171802244944470  0.70709670120104140  0.71239950035754929
  0.71771230635798899  0.72314466064732275  0.72861050946943140  0.73389934227353193
  0.73914119879586171  0.74445866542638850  0.74966441211136270  0.75495169789088146
  0.76010772400998838  0.76523787972190238  0.77034813605776542  0.77559902111109613
  0.78108105748564938  0.78685491656387319  0.79304737069336473  0.79930807191220576
  0.80556046623750699  0.81147786321460713  0.81773036099226926  0.82405190670704276
  0.83061690206645289  0.83733607452795200  0.84435135576873921  0.85170879117202503
  0.85972435799006419  0.86825824442467425  0.87745863536129109  0.88806658575535069
  0.90050778028093292  0.91706090866595080  0.94277661413288649  1.00000000000000000
   2.0268986404635920E-003  -1.0000000000000000     
 T T T T F F F F F F F F T T T T T T T T F F F F F F F F T T T T
  <DiscreteSampler_grid>
  grouped_processes
  1 # 1 for a reference and 2 for a running grid.
  10 # Attribute 'min_bin_probing_points' of the grid.
  1 # Attribute 'grid_mode' of the grid. 1=='default',2=='initialization'
  0.0000000000000000 # Attribute 'small_contrib_threshold' of the grid.
  0.5000000000000000 # Attribute 'damping_power' of the grid.
 # binID   n_entries weight   weight_sqr   abs_weight
    16   10   3.959050359591652E+008   1.648643014676344E+017   3.959050359591652E+008
    17   10   3.959050359591652E+008   1.648643014676344E+017   3.959050359591652E+008
    19   10   3.959050359591652E+008   1.648643014676344E+017   3.959050359591652E+008
    20   10   3.959050359591652E+008   1.648643014676344E+017   3.959050359591652E+008
    22   10   3.949576959510320E+008   1.640910367033370E+017   3.949576959510320E+008
    23   10   3.949576959510321E+008   1.640910367033370E+017   3.949576959510321E+008
  </DiscreteSampler_grid>
