 -0.00000038460309634  0.00001246794544963  0.00002792397105777  0.00004252015544523
  0.00005608609369485  0.00006931436429478  0.00008298290934359  0.00009693366722503
  0.00011119366868698  0.00012583725672365  0.00014087271772218  0.00015629565310025
  0.00017230643464309  0.00018901585750466  0.00020639776370321  0.00022445659636343
  0.00024361580188238  0.00026367879856231  0.00028468605635539  0.00030664849988673
  0.00032975042367220  0.00035428821952694  0.00037960976776337  0.00040648060876353
  0.00043450885494451  0.00046351731809807  0.00049514645192075  0.00052855776124447
  0.00056324500761287  0.00059954187820595  0.00063684382016940  0.00067537239956444
  0.00071556497246010  0.00075741230590017  0.00080111403703690  0.00084597873089189
  0.00089293134149472  0.00094133621273784  0.00099197435356650  0.00104571033563054
  0.00110205444676587  0.00116230430140936  0.00122650475078270  0.00129364231857543
  0.00136438342958578  0.00143683676411259  0.00150932498669534  0.00158563483418531
  0.00166795968879429  0.00175884197666483  0.00185053495725004  0.00194353017950011
  0.00203862802465604  0.00213358347747826  0.00223208646675974  0.00233836191037419
  0.00245243493953262  0.00258064815917806  0.00270988406264960  0.00284477811784113
  0.00297902998435700  0.00312044463508811  0.00326321783429592  0.00342208620994987
  0.00360124301092633  0.00379261171022519  0.00400171315617857  0.00420898930638974
  0.00443517780738432  0.00468982197587221  0.00497221003033817  0.00526796799480350
  0.00559381968537137  0.00594504809128594  0.00629115735673894  0.00663085129658230
  0.00697826624925679  0.00734763931258886  0.00772069755982023  0.00813763810610213
  0.00867557287028122  0.00915262082704184  0.00971874780125922  0.01040526822509746
  0.01121457215972104  0.01244710058376884  0.01385665658610652  0.01545415582838919
  0.01637659881690206  0.01791935380446259  0.01974901974253570  0.02141023546964825
  0.02409478605251719  0.02780896528873702  0.53196427900352861  1.00000000000000000
 -0.00241945657165648  0.00944597934052832  0.01943993202694773  0.02984917041684001
  0.04021944116541782  0.05080536610435893  0.06137628872523544  0.07213851558786699
  0.08289235532177940  0.09350769670045074  0.10431971457378522  0.11495461319796517
  0.12563588673955797  0.13624054927283913  0.14675341786128912  0.15725526164186759
  0.16766808140735689  0.17828859940619368  0.18912280448647772  0.19987194658845783
  0.21048108722622325  0.22093438116994749  0.23129148380869000  0.24166224795172109
  0.25212586045795676  0.26278169620934555  0.27340984404294616  0.28393589431430877
  0.29456927532458738  0.30539757859820416  0.31611444871024663  0.32661502919582941
  0.33708533897429793  0.34758975052240076  0.35792839397950349  0.36815466720567364
  0.37822325994733869  0.38826986630200871  0.39843763897178963  0.40867971495042649
  0.41915565167356267  0.42968453849620031  0.44022774229224132  0.45075964674792374
  0.46120717125376487  0.47177686562867788  0.48229024972076112  0.49275621292871719
  0.50321297642198826  0.51359971909805613  0.52394918232401677  0.53421277421333224
  0.54468916885342700  0.55538316333493432  0.56615158095061491  0.57676607426522930
  0.58728244215559300  0.59779484847610553  0.60833098712453570  0.61877153711632193
  0.62919751579034067  0.63962975996956783  0.65028435196284839  0.66096525847744747
  0.67174705826546921  0.68253583345425195  0.69343310705146033  0.70416829858120134
  0.71483771350947534  0.72522846290034237  0.73552197145860221  0.74576906777402474
  0.75617986422712469  0.76673482542665694  0.77727180572489252  0.78789247539358354
  0.79835196445767853  0.80892349133720542  0.81939018472161329  0.82997337295911600
  0.84065051020424453  0.85155114526582099  0.86228222156654533  0.87300327760738339
  0.88346745113151282  0.89413504648727471  0.90470629725309626  0.91533173623573438
  0.92621465294225158  0.93710838523308537  0.94797047660075362  0.95873822424268440
  0.96930405535421715  0.97979638517595824  0.98983174783990380  1.00000000000000000
 -0.00355217918443821  0.02211105611051477  0.04139788253219975  0.05791187536950639
  0.07290803858231655  0.08692326099449342  0.10022881136289563  0.11294117270211929
  0.12529553424346285  0.13723018383844995  0.14886667316935298  0.16016015754257792
  0.17122700806792807  0.18192120254051164  0.19252741005503951  0.20299411395055605
  0.21342770391275015  0.22369494424099515  0.23384727793928281  0.24381274810845074
  0.25359229588688126  0.26316574052300068  0.27271175460755337  0.28220624214904833
  0.29170677500268200  0.30111600785991849  0.31040458506951002  0.31973754355017658
  0.32901986027225794  0.33819540526637509  0.34732399908198364  0.35635584313270907
  0.36542984334899808  0.37445936223390913  0.38337371137506809  0.39217709338101320
  0.40089025026753977  0.40956321062942941  0.41812742369019434  0.42655455592860630
  0.43487553661162270  0.44316186130326096  0.45145157300485345  0.45978788465994591
  0.46811642289804600  0.47636588728050722  0.48469304546490610  0.49311246174564327
  0.50164568494171491  0.51007828138053435  0.51855571559710267  0.52696253070596799
  0.53532248653422587  0.54364254046721316  0.55198493586509012  0.56047185923734133
  0.56893737387931720  0.57743747740386153  0.58588812335901297  0.59444551814455848
  0.60308784489794409  0.61175750931336603  0.62048439439559722  0.62899197636551962
  0.63757010778977008  0.64618497922357521  0.65498894339051117  0.66387800433880018
  0.67263175852958301  0.68124618635623457  0.69002013339614265  0.69914894187902810
  0.70838532595578108  0.71759785905009643  0.72674398989434086  0.73602627242195151
  0.74527820643583531  0.75440163399495375  0.76352764269126927  0.77287937999722667
  0.78262983718667034  0.79261839325273598  0.80283511714814981  0.81317584193914538
  0.82370487350454613  0.83443428682661980  0.84577330062516043  0.85756585005693264
  0.87020828245027315  0.88352181702038379  0.89749657966797203  0.91166222980758727
  0.92648453013312060  0.94348946026662595  0.96651288099502608  1.00000000000000000
 -0.01995037009116710  0.12120828873470320  0.16010734050681125  0.18344044812721674
  0.20171306283764567  0.21707617204500143  0.23043321876183481  0.24221836411581624
  0.25295559489872299  0.26265509927566133  0.27218382780569894  0.28110450154792826
  0.28974488321630176  0.29782705844187329  0.30551928217047519  0.31303294300223683
  0.32035319359937120  0.32755951265105682  0.33457684401957993  0.34133009620968963
  0.34795439323080940  0.35457424666093373  0.36109791398003982  0.36750879539813569
  0.37378761292756868  0.37982487631892081  0.38575547281332673  0.39168629359007345
  0.39750893883758681  0.40316351551994983  0.40873500156839432  0.41425086518851861
  0.41965077321811589  0.42489920609301751  0.43010923582197869  0.43536108865447964
  0.44062739416440277  0.44595487163215014  0.45122807465123516  0.45642244147973443
  0.46156822048978019  0.46668713965616471  0.47183846458850631  0.47704419007031656
  0.48224366848900235  0.48742264439419719  0.49251498848740788  0.49760057297598809
  0.50277423097079932  0.50799766004904545  0.51323820021196531  0.51844658903402585
  0.52368054001486319  0.52896972066299242  0.53428253159830574  0.53957423311515085
  0.54480566756272364  0.54990379742742179  0.55496809757174148  0.56011577302451276
  0.56535829554363914  0.57070312028970738  0.57611059367557460  0.58149785308921642
  0.58689498589728473  0.59230419216949393  0.59771214154264996  0.60318390348929640
  0.60882232956310600  0.61463606840193652  0.62052244764454501  0.62649463212575229
  0.63272072308686600  0.63898955559554238  0.64533348095241105  0.65183280606398386
  0.65841439572338889  0.66514223773265502  0.67208233034628384  0.67921732370415655
  0.68643710747847630  0.69396532141900413  0.70174347024970030  0.70989348171562505
  0.71859840915651274  0.72742955385039221  0.73706041698991287  0.74699513500310377
  0.75795522504523294  0.76977478559992718  0.78324679499541305  0.79852242075726687
  0.81675152110021210  0.84031032621577595  0.87895222198363143  1.00000000000000000
   2.5430638360954109E-002  -1.0000000000000000     
 T T T T T T T T T T T T T T T T F F F F F F F F F F F F F F F F
  <DiscreteSampler_grid>
  grouped_processes
  1 # 1 for a reference and 2 for a running grid.
  10 # Attribute 'min_bin_probing_points' of the grid.
  1 # Attribute 'grid_mode' of the grid. 1=='default',2=='initialization'
  0.0000000000000000 # Attribute 'small_contrib_threshold' of the grid.
  0.5000000000000000 # Attribute 'damping_power' of the grid.
 # binID   n_entries weight   weight_sqr   abs_weight
    10   10   2.096963196015554E+009   6.233095125337074E+018   2.096963196015554E+009
    16   10   2.096963196015554E+009   6.233095125337074E+018   2.096963196015554E+009
  </DiscreteSampler_grid>
