 -0.00007464613999588  0.00071620201058525  0.00159331501310355  0.00284331294639248
  0.00456209605604368  0.00660342526970176  0.00902462979102275  0.01175258952413037
  0.01479837769869424  0.01816309410185153  0.02187303652034851  0.02587918199398503
  0.03024615876713554  0.03490284601660634  0.03966101187684069  0.04456345923517413
  0.04976161832240811  0.05523902701066285  0.06095755891990034  0.06696865382616682
  0.07337699264522311  0.08005722817743399  0.08688803434074253  0.09408752664233271
  0.10167889356995531  0.10950224557607459  0.11742239112449997  0.12543375393182585
  0.13378822516711877  0.14248575326964408  0.15139778572730850  0.16042513344035614
  0.16946062267966316  0.17855681680687538  0.18773193859281354  0.19706184668788954
  0.20679419435590693  0.21680190195210375  0.22718174674735411  0.23801731521167147
  0.24925368618371779  0.26058155729754839  0.27221115381083799  0.28420350614445666
  0.29630071635333077  0.30834943916221380  0.32046266139687074  0.33259263079357743
  0.34471757708813239  0.35696851115550920  0.36936965571183794  0.38183613492725116
  0.39442244834161921  0.40728718627216032  0.42029249231139881  0.43373673089174214
  0.44775118092947902  0.46190938575026902  0.47607809324373357  0.49029535132417862
  0.50475019602395610  0.51957515246730634  0.53436148871799749  0.54902430631663957
  0.56375301170079994  0.57838805197014342  0.59315150915146653  0.60818830763632004
  0.62341380123609913  0.63871602382790238  0.65402508424856143  0.66913032431752539
  0.68414660530769855  0.69906426227510321  0.71380322720935163  0.72847680290129990
  0.74293708321720275  0.75712631516563966  0.77116847567833813  0.78512694279183270
  0.79900270739463419  0.81284592437511172  0.82658983891008786  0.84042581443624997
  0.85435129783105446  0.86827759900167001  0.88197000149163118  0.89556667821030200
  0.90903828114753238  0.92245537136632927  0.93586307595230622  0.94899094064548017
  0.96195298184254585  0.97473588571371239  0.98738664804069609  1.00000000000000000
 -0.00255345980690659  0.00971539880445718  0.02027236241115812  0.03137460562555363
  0.04214589941790377  0.05249546547013977  0.06253126558210345  0.07220573584962352
  0.08177702013290709  0.09129872388644035  0.10105919662679125  0.11137096502173302
  0.12181536276535740  0.13211748190853564  0.14234107972821566  0.15244330967775627
  0.16276971415705058  0.17324737478039318  0.18411574445419640  0.19512339705692125
  0.20645762778751323  0.21746744123810727  0.22849665949832901  0.23919824238036394
  0.25031822229366341  0.26066384083893229  0.27076937767352566  0.28072819823109674
  0.29082791612003472  0.30133371681034382  0.31204389996469645  0.32263111690025909
  0.33287421063398709  0.34319389575060716  0.35367812861808434  0.36440570012258716
  0.37518872194462244  0.38649236415688853  0.39748056941638588  0.40832367322537461
  0.41903734088939670  0.42959335426716405  0.43997386694277779  0.45070625589212138
  0.46133218320101199  0.47168679058401169  0.48184201856260001  0.49202866648516252
  0.50206013171790054  0.51249042530075173  0.52313954724122946  0.53473797952150426
  0.54585361529017196  0.55683826365979361  0.56752193772530646  0.57798159363214163
  0.58820452588202676  0.59829351638803363  0.60864000137187635  0.61887422863492303
  0.62915886253461140  0.63960589040867222  0.65006126446240897  0.66071912488013107
  0.67113009309830773  0.68146686498494469  0.69174097239756527  0.70240171327867906
  0.71323792714752954  0.72400715810554472  0.73430396663193187  0.74459291596890131
  0.75494718879933298  0.76560488303141438  0.77634334143624872  0.78722289550222302
  0.79801090064037328  0.80894172576352652  0.81960755712255062  0.83022392474377882
  0.84062387161595109  0.85085101070564173  0.86103220397017266  0.87125367460286229
  0.88168567926857921  0.89208969753192335  0.90234686900821492  0.91285773350973765
  0.92388946436147468  0.93539152663928016  0.94647633451448066  0.95709159606491778
  0.96799077668577549  0.97893753469535505  0.98946527475639601  1.00000000000000000
 -0.00343101180377778  0.01964269538692070  0.03689091086237459  0.05138728055593460
  0.06380188023353948  0.07531695068267143  0.08624286241598203  0.09704188725318764
  0.10784344637908773  0.11861683504203983  0.12900092811238678  0.13915588157137576
  0.14915369943282067  0.15895293096204990  0.16859814050248736  0.17799943695111145
  0.18727958239116069  0.19670468862010249  0.20603071128792133  0.21539983572540283
  0.22490959298872282  0.23412469685635834  0.24319802103420429  0.25265523100279647
  0.26119142193412870  0.27007803663533192  0.27808431680689788  0.28605469809431611
  0.29386808218272986  0.30190132495414695  0.31009029433797475  0.31850079244072321
  0.32705665732851957  0.33540906920392383  0.34332688549461821  0.35118390164392060
  0.35900855849403002  0.36673611377627335  0.37442009760729084  0.38208809655699044
  0.38986074798918985  0.39797090982078887  0.40654690583143016  0.41537323258550668
  0.42412069480439735  0.43299093285656354  0.44164296135473435  0.44992346574376901
  0.45828212036166932  0.46634224994275425  0.47426063229815718  0.48219138183031451
  0.48998801181322355  0.49790308146418927  0.50629093679090664  0.51474913004358824
  0.52345521010711360  0.53226418002327003  0.54111863743582500  0.55008052185712519
  0.55920066236263199  0.56836211276694704  0.57754995186062097  0.58651888465137403
  0.59508665968343566  0.60387201364292664  0.61272294042062336  0.62168023142413609
  0.63087688501561601  0.64045984381565124  0.65006467709097515  0.65974263160627278
  0.66913933490176125  0.67866999230622238  0.68824356801448372  0.69811055279493905
  0.70815072483317021  0.71832158313515193  0.72847161797971205  0.73869656533298378
  0.74919097005029422  0.75992404068421859  0.77091581441213075  0.78201261507830322
  0.79335397775653582  0.80488531512180561  0.81654591723188941  0.82872539799048994
  0.84188113275937826  0.85614288510769188  0.87137485147517380  0.88884043808450830
  0.90804559582232958  0.92982480242983212  0.95819971947851501  1.00000000000000000
 -0.01836365680838349  0.12033105530152638  0.15819837829965525  0.18107454903269549
  0.19900613841385223  0.21415642863675435  0.22791387403011248  0.23995686947694322
  0.25157407120264969  0.26225295321214054  0.27230620384282983  0.28120128783302500
  0.28977445340099872  0.29792124478565596  0.30580697304646820  0.31332536661419513
  0.32079529938736179  0.32802270641057868  0.33499933073985172  0.34172886555087656
  0.34832559006670277  0.35481654186607042  0.36117033304983764  0.36744397901229947
  0.37368386232796408  0.37989127575586629  0.38605807964490091  0.39216056213080047
  0.39817109368521880  0.40410583684613349  0.41005861542414335  0.41594901379427884
  0.42152616497796602  0.42685416631893164  0.43217657885108646  0.43737099296184839
  0.44251246031276426  0.44761655112368887  0.45276169904914176  0.45793266223603701
  0.46309788137827235  0.46820832807964119  0.47313136498569330  0.47802204398813264
  0.48307182944713578  0.48818304146826152  0.49335402713201337  0.49849825875312936
  0.50345863122367052  0.50846117771924770  0.51342863658202231  0.51847943998560919
  0.52359468022530309  0.52869030677448592  0.53375040961317399  0.53878453824233385
  0.54382676771068428  0.54891292793661339  0.55397789919829976  0.55905153992428425
  0.56436387470858973  0.56986032507819084  0.57547083312368086  0.58108635534153597
  0.58671666213225049  0.59238037318100767  0.59810117847970112  0.60386819293932326
  0.60969657786783471  0.61559172810591944  0.62153015149099911  0.62758110982775195
  0.63384269800869208  0.64009714164161158  0.64655620603447639  0.65310817125909448
  0.65985494548700430  0.66669991073708168  0.67373146203346035  0.68096312851953666
  0.68838793127649167  0.69616438697674488  0.70410007106363515  0.71242825576867830
  0.72097474393279770  0.72993138574372352  0.73944472295321606  0.74927195890747589
  0.75996029575349966  0.77155379163823123  0.78477176456530451  0.79954763679687313
  0.81722240908319854  0.84059394857623693  0.87904122001130414  1.00000000000000000
   2.1366346775427559E-003  -1.0000000000000000     
 T T T T T T T T T T T T T T T T F F F F F F F F F F F F F F F F
  <DiscreteSampler_grid>
  grouped_processes
  1 # 1 for a reference and 2 for a running grid.
  10 # Attribute 'min_bin_probing_points' of the grid.
  1 # Attribute 'grid_mode' of the grid. 1=='default',2=='initialization'
  0.0000000000000000 # Attribute 'small_contrib_threshold' of the grid.
  0.5000000000000000 # Attribute 'damping_power' of the grid.
 # binID   n_entries weight   weight_sqr   abs_weight
    10   10   2.320552663836075E+008   6.034411011477609E+016   2.320552663836075E+008
  </DiscreteSampler_grid>
