 -0.00000091848185106  0.00001623586329941  0.00002972291662389  0.00004425629735852
  0.00005846879565499  0.00007323004130578  0.00008848826568675  0.00010457744811273
  0.00012138482887023  0.00013876732771408  0.00015669732622138  0.00017563769736688
  0.00019579364863700  0.00021731582319812  0.00023982858689189  0.00026328563967685
  0.00028787246759524  0.00031376513595016  0.00034094066875344  0.00036958716972024
  0.00039997444482890  0.00043167040018018  0.00046485117274694  0.00049935392868724
  0.00053540881187464  0.00057306600286027  0.00061272976732972  0.00065407722627401
  0.00069722749457411  0.00074261279906201  0.00079012362134924  0.00083859298501917
  0.00088869398550675  0.00094148420047567  0.00099760073943987  0.00105604239026063
  0.00111646358786840  0.00118074461481987  0.00124737699636754  0.00131616081997508
  0.00138689768240248  0.00146140109866805  0.00154002901273451  0.00162090986419978
  0.00170632430896626  0.00179520346416178  0.00188823969005704  0.00198553887845465
  0.00208534656144303  0.00218892368207893  0.00229956487441137  0.00240886820332772
  0.00252050604910456  0.00263185097649923  0.00275157062667534  0.00287919663007403
  0.00301530807360089  0.00316734685695638  0.00331722477224160  0.00348363832649053
  0.00364558532868452  0.00382116725608677  0.00400809419445661  0.00420376199454787
  0.00440560750009297  0.00460656883051028  0.00480863307026719  0.00502070707672183
  0.00524013361855585  0.00545696054132634  0.00568812857192858  0.00592688319226593
  0.00616547005807651  0.00642982343876906  0.00668372040856726  0.00695855645097110
  0.00725665088193049  0.00756495021719070  0.00788423632297144  0.00825829353815374
  0.00870409308968011  0.00921859218473128  0.00977100267392979  0.01033348582909480
  0.01090362028516832  0.01160851311155992  0.01243552354179043  0.01325746744890457
  0.01406746468446976  0.01487495889960784  0.01565634045617436  0.01670383902736742
  0.01818683852288637  0.02013375574897903  0.05374154253245644  1.00000000000000000
 -0.00245226620552779  0.00971456539207549  0.02013757133332092  0.03079878402978953
  0.04148101025411102  0.05214532558387593  0.06285980045348614  0.07351809406460148
  0.08404608546932479  0.09449866028714250  0.10496517763615940  0.11540762834090415
  0.12587087772431182  0.13635992176404610  0.14671979529693999  0.15722931536922932
  0.16765497126856319  0.17844628456152167  0.18913202965517223  0.20004923649743633
  0.21073080644440684  0.22155219618979149  0.23228583593854144  0.24312581559378171
  0.25376441326145299  0.26439446752042134  0.27500006045146214  0.28561323805719374
  0.29607261165613336  0.30656251748337188  0.31700481693248544  0.32746459552028950
  0.33779792656430929  0.34808112818902376  0.35856491415889885  0.36927126511543729
  0.37978805215311950  0.39044056691273726  0.40104616508680108  0.41177550271497765
  0.42227985687125807  0.43281409111809238  0.44335273712576534  0.45392534806641760
  0.46444930099447751  0.47489622208603305  0.48515331886759167  0.49524708700789521
  0.50545705249707029  0.51565993530454457  0.52589493665299891  0.53609414692268142
  0.54638190441526902  0.55681717754430371  0.56712952423114515  0.57748344390340611
  0.58787893220230458  0.59851868327114399  0.60926273049025426  0.62024328662515282
  0.63112399222785531  0.64169877986380952  0.65209912665860847  0.66244311579255133
  0.67299309635965765  0.68343728219232791  0.69381062286027706  0.70409577520707456
  0.71469302538449730  0.72534376610418649  0.73594506130825943  0.74645169015721435
  0.75694077150638506  0.76748141496628863  0.77789537974765988  0.78846988358583980
  0.79916058909230925  0.80980538439001826  0.82050303584533635  0.83118212599870733
  0.84171936501738698  0.85231681804824255  0.86290915653037370  0.87359910161441057
  0.88399703978103839  0.89431776625410675  0.90484583886851000  0.91537860844077013
  0.92592369935901642  0.93658769933853192  0.94728731154174128  0.95806255988698463
  0.96872647753002827  0.97927579424608524  0.98968459737445269  1.00000000000000000
 -0.00455043768718564  0.02520752681828875  0.04607922944543096  0.06335498476550974
  0.07876698464923078  0.09301624190535154  0.10657306783900157  0.11959733582377008
  0.13215128896798800  0.14425697628781878  0.15596627324863199  0.16731150033016398
  0.17846515455722217  0.18952990827266036  0.20044948044032360  0.21115651514413666
  0.22161894210736660  0.23188045454042983  0.24198326639016957  0.25198650439966680
  0.26195597276917354  0.27184535318213665  0.28155126498030708  0.29103163932895326
  0.30031293638760181  0.30948844260208752  0.31863128110762634  0.32768007345317951
  0.33663564858001022  0.34552251921088400  0.35435657978985502  0.36316008704824559
  0.37190336585219269  0.38049485785880555  0.38893875005051892  0.39741708029891160
  0.40591645054977715  0.41444246336125906  0.42285938074635127  0.43115264893653948
  0.43934572902275210  0.44752040660915021  0.45573826982653570  0.46396723004152685
  0.47216224528315698  0.48035345249474098  0.48871058120520167  0.49694279751723941
  0.50517613357870050  0.51333494069549135  0.52160624884254481  0.52991582104460244
  0.53821805951955404  0.54637711395846222  0.55439527992920723  0.56241531000067180
  0.57051950729538303  0.57869499044502315  0.58697605978629286  0.59533976971675673
  0.60376651825662098  0.61222697808199800  0.62065876110451479  0.62904883578562443
  0.63743622742797768  0.64582007613603631  0.65418362111959782  0.66257158042608688
  0.67105276201357422  0.67960243911634644  0.68822966330259516  0.69702580525601332
  0.70598130787402236  0.71504957769604904  0.72421467752478441  0.73346280090910898
  0.74285677555073515  0.75236337589642044  0.76180969177469426  0.77127328578707344
  0.78088662979080281  0.79062436314392337  0.80057451475001196  0.81074789428421457
  0.82129263012097820  0.83201555186789411  0.84282405841803609  0.85392929106713134
  0.86561135294293823  0.87789640789078582  0.89072523957780125  0.90452128308993340
  0.91983045460706214  0.93746883188226182  0.96080361752087995  1.00000000000000000
 -0.02817060417164430  0.13674025327380510  0.17544313631634037  0.19809996830958537
  0.21540422027662878  0.22986836538536104  0.24229748216963837  0.25367515909674260
  0.26402543838184434  0.27383487192820194  0.28274363468974650  0.29134844682563577
  0.29944285219548877  0.30722614675761234  0.31476876028802997  0.32191339587242940
  0.32890096791857498  0.33566538995468248  0.34221165234916628  0.34860875566625793
  0.35482812862804725  0.36085083632172937  0.36678448529069341  0.37269794120146826
  0.37851688330118610  0.38423264449606698  0.38981902999289481  0.39525364799959273
  0.40057381477269782  0.40579625065605257  0.41103250014882636  0.41625497107697945
  0.42150637464926277  0.42675272718859836  0.43199210311685449  0.43717675405196049
  0.44226199367698699  0.44727443859979377  0.45225927952423650  0.45722894694616445
  0.46219317029836660  0.46717124783319003  0.47215536186044887  0.47712073458168391
  0.48205258085535890  0.48693052389281027  0.49182026010650959  0.49671968006111328
  0.50162344069702758  0.50649841575838805  0.51132766806494112  0.51613931214667896
  0.52102004080609676  0.52597184322312540  0.53096786747083091  0.53597894417260306
  0.54097638006763471  0.54604126359164629  0.55118234783817022  0.55634367699275578
  0.56148597239284825  0.56658566805610122  0.57169226333950285  0.57687006832931897
  0.58212662255824865  0.58747653738105254  0.59287621449628880  0.59830650928207607
  0.60379615461295566  0.60937442227054961  0.61502967660761831  0.62068391925701927
  0.62644669724699120  0.63227488568293266  0.63829495268153424  0.64442286320567688
  0.65069983737466031  0.65706871289508040  0.66356719746821402  0.67027535591524179
  0.67718454831543873  0.68425153854829901  0.69163894118301739  0.69934665156803844
  0.70728202139714957  0.71577585609576566  0.72464073314176913  0.73434251732923750
  0.74476617400438605  0.75617867003177441  0.76888720690536416  0.78353776482247550
  0.80097396536559862  0.82380882489359497  0.86206034077967542  1.00000000000000000
   1.2663568819806886E-002  -1.0000000000000000     
 T T T T T T T T T T T T T T T T F F F F F F F F F F F F F F F F
  <DiscreteSampler_grid>
  grouped_processes
  1 # 1 for a reference and 2 for a running grid.
  10 # Attribute 'min_bin_probing_points' of the grid.
  1 # Attribute 'grid_mode' of the grid. 1=='default',2=='initialization'
  0.0000000000000000 # Attribute 'small_contrib_threshold' of the grid.
  0.5000000000000000 # Attribute 'damping_power' of the grid.
 # binID   n_entries weight   weight_sqr   abs_weight
    10   10   1.878147700787230E+009   5.453712425109173E+018   1.878147700787230E+009
    16   10   1.878147700787230E+009   5.453712425109173E+018   1.878147700787230E+009
  </DiscreteSampler_grid>
