  0.00000028097715051  0.00001539232651388  0.00002699316300756  0.00004034581916683
  0.00005296480642918  0.00006582073770442  0.00007922418549643  0.00009309396883898
  0.00010726708593130  0.00012176871385045  0.00013647467787577  0.00015120597580641
  0.00016631563823164  0.00018263142607549  0.00020008265197986  0.00021827037817889
  0.00023729062277917  0.00025721531770993  0.00027798233234300  0.00029983414806002
  0.00032250804417543  0.00034609346954469  0.00037079682253477  0.00039641243329233
  0.00042315950630201  0.00045084573052558  0.00048027338775055  0.00051039198505127
  0.00054242121078609  0.00057571364509076  0.00061049813100696  0.00064641650939696
  0.00068333382622329  0.00072317902107074  0.00076579596132019  0.00081014110739622
  0.00085604197344072  0.00090301843018526  0.00095176716431142  0.00100161216842765
  0.00105333287215548  0.00110741336574914  0.00116276420614649  0.00122262728788939
  0.00128410643509623  0.00135017471047884  0.00141711500741157  0.00149226192264172
  0.00157394636144400  0.00165696527957272  0.00174216746890939  0.00182836410262782
  0.00191768605656512  0.00201328013020406  0.00211405440282392  0.00221609183790950
  0.00231751633070636  0.00242044116480866  0.00253098605480054  0.00264932452594288
  0.00278047209932144  0.00291814449013614  0.00307501138184008  0.00323549875254888
  0.00339891946078223  0.00356649437632628  0.00373988217410255  0.00391764583217190
  0.00410341184441683  0.00429489619608684  0.00448366418727681  0.00468324404613217
  0.00490132338863380  0.00514962121730509  0.00542244407282019  0.00572229088594651
  0.00604112976310778  0.00638655074149330  0.00676260329941158  0.00716145597943623
  0.00758754431730396  0.00805170504752354  0.00850874759972295  0.00899144210493300
  0.00950158633868238  0.01012751883684755  0.01080941353381886  0.01159235506999531
  0.01224330165964396  0.01301184737090585  0.01413961594786384  0.01711483274393578
  0.01952110390824712  0.02278905019694005  0.08542665583658249  1.00000000000000000
 -0.00244225465010020  0.00918470300613253  0.01918141975620729  0.02945000717002497
  0.03989346380355452  0.05035889363161972  0.06079321760395816  0.07124736447260004
  0.08173144291962721  0.09215433116387028  0.10263931535917041  0.11323095312145916
  0.12373051537880206  0.13424811912372950  0.14456975854769361  0.15496569066407667
  0.16541456058519191  0.17603819923152492  0.18691459432570351  0.19742660142396390
  0.20776893781482453  0.21826802190190164  0.22888529243011344  0.23936495570310132
  0.24980802262489468  0.26004493510565951  0.27044516679241359  0.28106003587301198
  0.29176989784716295  0.30256424198332582  0.31311720315701430  0.32379138794471346
  0.33451946125553578  0.34533666164685839  0.35614845345954127  0.36664775441670000
  0.37718538055717010  0.38778394152184148  0.39830913823721192  0.40878137559094579
  0.41919677063591049  0.42972539131025378  0.43993005430696491  0.45023193345959039
  0.46075563981581730  0.47160276982370675  0.48233361686949977  0.49294473827923363
  0.50341978137644106  0.51395903492682893  0.52448801130898737  0.53528744062731115
  0.54609126748615122  0.55682587633480229  0.56747258064943740  0.57814016008135527
  0.58892075502260699  0.59959399225732890  0.61013844025826280  0.62070712133085604
  0.63132271187673927  0.64218979037453117  0.65314888548949512  0.66409294463975377
  0.67471070121386145  0.68524076397706268  0.69589261326274565  0.70655861654780838
  0.71728391562868798  0.72819496868642020  0.73915564183455307  0.75022558960489161
  0.76098013359300976  0.77156825996529610  0.78191376626597386  0.79216022539131792
  0.80261156206883455  0.81292338923889385  0.82355619837537164  0.83422463072117747
  0.84476597767895800  0.85510209142738114  0.86533745769716108  0.87576284236916424
  0.88617555788302782  0.89667013113881666  0.90728587290869367  0.91779936028315412
  0.92829504552717435  0.93882260612883428  0.94941749286113253  0.95986635846555191
  0.96992479645924756  0.97998093594601232  0.98997244275831320  1.00000000000000000
 -0.00378748880316180  0.02269586534004338  0.04222958518531220  0.05886900775940416
  0.07393432618828938  0.08788788069305173  0.10113539401094476  0.11396411658473270
  0.12638320704479869  0.13818405230564382  0.14971940480993878  0.16103954187011363
  0.17203638631482776  0.18276404343611261  0.19344616147906007  0.20401416743224929
  0.21443736991640283  0.22469022783768519  0.23477667553653742  0.24455756291512928
  0.25433434232621449  0.26404580289211960  0.27377320973281466  0.28323559562673317
  0.29264921814826678  0.30198998021030476  0.31131177307440766  0.32021753537018849
  0.32906617451372500  0.33779439465523914  0.34650124092605833  0.35520018606861814
  0.36394253419238531  0.37262541806554111  0.38133623458733895  0.38994531149021061
  0.39840760094077293  0.40682939332765106  0.41522292729287480  0.42356259381205225
  0.43183116995163906  0.44013265203329838  0.44854199304333681  0.45703583578866752
  0.46562559189817038  0.47427554004633538  0.48284148695716839  0.49129312424405969
  0.49972616053619073  0.50817146164079952  0.51671736687067360  0.52519064535914406
  0.53349730557547392  0.54199560218248954  0.55060142499587184  0.55924852818601700
  0.56763078151341329  0.57586181119673274  0.58419578959343021  0.59282975884308342
  0.60154809734132653  0.61008366626743360  0.61848885321210811  0.62685831059678410
  0.63534182356860625  0.64399911955419198  0.65273048639123110  0.66144108774131050
  0.67024710090891881  0.67918898661607296  0.68817521003549642  0.69727274219844004
  0.70635976796342970  0.71558437830182775  0.72491625802334081  0.73432938536408354
  0.74379739632385189  0.75326617048680422  0.76272190531423623  0.77230637024023252
  0.78196772495497868  0.79197221160173548  0.80218023850283027  0.81255080544965297
  0.82316697553672691  0.83415037870407616  0.84566893241517538  0.85746852279160468
  0.86936800048267404  0.88155442035027121  0.89437260069855640  0.90822618679397960
  0.92365257596732520  0.94141141226400482  0.96402422506184349  1.00000000000000000
 -0.01984110882397289  0.12154486168464623  0.16053201199483402  0.18380628922826422
  0.20203496685972472  0.21741570779369637  0.23085338423701490  0.24289697476131231
  0.25388249458352985  0.26383471687678117  0.27328385739173688  0.28201025831795989
  0.29062836126628711  0.29856286330134690  0.30635399202214153  0.31385400785467998
  0.32109711923632051  0.32819697518038349  0.33511632307837258  0.34195946700457874
  0.34866892768766794  0.35524353237179984  0.36160152385391919  0.36789166360835529
  0.37406447500535073  0.38004141541441144  0.38585638290305724  0.39158055817019838
  0.39727539341996426  0.40295928492164546  0.40861678050675670  0.41427159816695541
  0.41978663150835877  0.42514663707163275  0.43044589629687330  0.43575578268902926
  0.44100321296114442  0.44624924433083685  0.45151538876000347  0.45673167463781733
  0.46187153246404000  0.46694251929305824  0.47199458386425125  0.47709323226529443
  0.48220475072461261  0.48731580465056207  0.49239728142981748  0.49742700702978304
  0.50251499611593331  0.50774245408108043  0.51296273003518911  0.51815288374639668
  0.52335061838234853  0.52857065410218906  0.53382598655094826  0.53914134288042259
  0.54450309594335311  0.54983976251228628  0.55514005272094957  0.56036670119350107
  0.56563485155091442  0.57087346330611988  0.57629129795408074  0.58173393038674426
  0.58723648206787782  0.59274341037571354  0.59825314380561212  0.60381877954547714
  0.60951439931505547  0.61532733664127204  0.62119818049755460  0.62719369862625041
  0.63338990735557699  0.63964082989375426  0.64593837306636170  0.65234425471561319
  0.65883307342605868  0.66546304280135471  0.67227370788278717  0.67934970418097373
  0.68650660387649465  0.69389481200914727  0.70138613203225342  0.70914861017875186
  0.71754236258624682  0.72616889865500689  0.73577128202462860  0.74582158624940031
  0.75686571009127512  0.76896980479341426  0.78263112330640805  0.79822254091909806
  0.81645149598560052  0.83958742907506501  0.87750039457184503  1.00000000000000000
   2.5268584532419081E-002  -1.0000000000000000     
 T T T T T T T T T T T T T T T T F F F F F F F F F F F F F F F F
  <DiscreteSampler_grid>
  grouped_processes
  1 # 1 for a reference and 2 for a running grid.
  10 # Attribute 'min_bin_probing_points' of the grid.
  1 # Attribute 'grid_mode' of the grid. 1=='default',2=='initialization'
  0.0000000000000000 # Attribute 'small_contrib_threshold' of the grid.
  0.5000000000000000 # Attribute 'damping_power' of the grid.
 # binID   n_entries weight   weight_sqr   abs_weight
    10   10   1.745368187909002E+009   6.100380377161973E+018   1.745368187909002E+009
    16   10   1.745368187909002E+009   6.100380377161972E+018   1.745368187909002E+009
  </DiscreteSampler_grid>
