  0.00000419487438596  0.00001661151941277  0.00002871942027705  0.00004220996033922
  0.00005539055879936  0.00006911173236596  0.00008350796025120  0.00009862432037149
  0.00011441877546604  0.00013076396605576  0.00014769821341428  0.00016520147839692
  0.00018394015329785  0.00020370869359055  0.00022446808383659  0.00024616206861436
  0.00026879100427777  0.00029248698822682  0.00031738772497944  0.00034340385784042
  0.00037101405613681  0.00039984716944681  0.00043020968828074  0.00046210734742670
  0.00049521081390527  0.00052972869510541  0.00056539243415876  0.00060344752564204
  0.00064344364847565  0.00068487979631972  0.00072764794375172  0.00077195569240696
  0.00081849347405887  0.00086669798493858  0.00091635042905393  0.00096746497946645
  0.00102059750158297  0.00107539180327351  0.00113214000301908  0.00119258020858837
  0.00125624397575227  0.00132381074214790  0.00139347770783533  0.00146460448391910
  0.00153795146558236  0.00161252863396959  0.00169006279359570  0.00176817008226018
  0.00184920846315381  0.00193458205389873  0.00202128183292922  0.00211270600561468
  0.00221031032820232  0.00231280949454455  0.00241865229800076  0.00252514154645390
  0.00263201823876192  0.00274814192863987  0.00287554416517450  0.00301139050462386
  0.00315836585933801  0.00331809000159113  0.00349074089159404  0.00366375673647592
  0.00383269064273010  0.00400219808057287  0.00417298613724501  0.00435063562455853
  0.00454405932721736  0.00476225462876567  0.00498655141817152  0.00522648140388892
  0.00549315928272849  0.00576667562286285  0.00604162111566559  0.00631163187875409
  0.00660901941975094  0.00693878209548030  0.00731177597736320  0.00770908168168627
  0.00811977025940139  0.00860449265415212  0.00916273454618453  0.00975464405740995
  0.01033028352854456  0.01083158179097775  0.01135279792244690  0.01193527304085585
  0.01257306380474188  0.01338758013912837  0.01440804318686694  0.01557836490895429
  0.01672401378167786  0.01842060792384783  0.24619364604332838  1.00000000000000000
 -0.00241068084459233  0.00907058537934236  0.01938994574336288  0.02977663877166891
  0.04050967941498936  0.05072354358073015  0.06081136023279245  0.07090122083796753
  0.08110385586173220  0.09171223081934174  0.10221274549295704  0.11303876833518268
  0.12374250139267130  0.13428733337755405  0.14487817820622398  0.15567534750736445
  0.16638610707746426  0.17688939487664804  0.18719415839596637  0.19769653731975284
  0.20817007854793604  0.21880690397403510  0.22937561830609371  0.24011016430010640
  0.25079010065542451  0.26161996284177053  0.27257195517215166  0.28348817191493736
  0.29426257854462595  0.30487710266293094  0.31535928395915469  0.32576086399932069
  0.33621112509134338  0.34697182945690286  0.35777359776310880  0.36860130133697544
  0.37918614192685984  0.38962837743801221  0.39986200681268330  0.41018331653181173
  0.42063462449553241  0.43122445758300615  0.44178368248314975  0.45226406824027948
  0.46272390362575161  0.47311833077552790  0.48365155850952152  0.49414584439049636
  0.50455751449671993  0.51476698218858474  0.52500166006100535  0.53548559848046029
  0.54596105533252204  0.55638379676278626  0.56674794039268805  0.57732516208828066
  0.58790682704390806  0.59864584012889954  0.60920885302715433  0.61997715404794251
  0.63054288612511145  0.64128873817803667  0.65189577466333115  0.66221491318043413
  0.67258832544723246  0.68289771846420722  0.69359167645004194  0.70426853502860687
  0.71494456687670715  0.72562057471814267  0.73627775393358530  0.74696750681865265
  0.75755756947599251  0.76807879951772495  0.77844514222856154  0.78888966480783551
  0.79942097351623254  0.81017005364237937  0.82064838726333444  0.83119386239082327
  0.84151993530151237  0.85200389656355446  0.86249313768849900  0.87326886784664892
  0.88382170151249695  0.89444061877300685  0.90480306824187007  0.91524797990740503
  0.92553794350614960  0.93610543478574371  0.94676759193647309  0.95731685459621774
  0.96789445061606139  0.97843920641633852  0.98920066287776498  1.00000000000000000
 -0.00449607949832271  0.02495789385908920  0.04562994119707577  0.06299147999029769
  0.07867949215216773  0.09320983300210382  0.10685596865841551  0.11978927338275422
  0.13232512005650177  0.14443948183833372  0.15608750621741266  0.16735751720986833
  0.17842058400193173  0.18928805350906383  0.19995594090480531  0.21048590829611197
  0.22089426841449020  0.23109710593894842  0.24106487922344591  0.25093479981668815
  0.26073239004348886  0.27044066244173365  0.27999176309785900  0.28939949577226254
  0.29867599853160098  0.30779555848997819  0.31681010678275073  0.32579110228290786
  0.33471731207248318  0.34353265516023807  0.35227948480674964  0.36095777414799463
  0.36959299842123594  0.37820413447064866  0.38681829214555247  0.39541940439812212
  0.40401868460556450  0.41256621281946582  0.42100689237899863  0.42935464106489835
  0.43768054059253531  0.44602138441464839  0.45437803998716142  0.46275477273525745
  0.47110402777293503  0.47938998479836153  0.48773320741263876  0.49597308343761276
  0.50429714036169571  0.51250893437758405  0.52075421789165222  0.52906333465854105
  0.53742463588243095  0.54562048259000151  0.55378203761141198  0.56190394584689884
  0.56998196308739024  0.57796033260728141  0.58597175805069779  0.59400948288097866
  0.60215834870083207  0.61039561678653709  0.61870093890104327  0.62698825021833526
  0.63530307874520398  0.64368892751370366  0.65214869293952671  0.66067431651215158
  0.66922457957292369  0.67774340661490562  0.68630193477259616  0.69497222514602219
  0.70370531019478022  0.71243014212723665  0.72117164072708062  0.72998293975191231
  0.73901590654006777  0.74823647961132167  0.75747715921952763  0.76675474580630232
  0.77621062180532296  0.78593588184656638  0.79579479138305387  0.80580780431760779
  0.81607338938801011  0.82676361787406749  0.83788566648705209  0.84949623925715578
  0.86155792293716937  0.87419840457049702  0.88756257804754868  0.90181027172020278
  0.91736934876334020  0.93534969594491413  0.95957506996708719  1.00000000000000000
 -0.02833534850121975  0.13637621831468280  0.17509154508616182  0.19799123345597380
  0.21551971233965472  0.23025492674883535  0.24282845500340919  0.25429753809132893
  0.26465749061092020  0.27451032032930861  0.28350180833371941  0.29209885415605047
  0.30013464559022351  0.30788089143767539  0.31540534765281675  0.32251489350415152
  0.32953417403067375  0.33629883675368316  0.34289758539496229  0.34935017213858910
  0.35569172256551235  0.36183595400863905  0.36780892030213513  0.37363412161876347
  0.37933345225975823  0.38499724230123428  0.39061960083555280  0.39616774322922427
  0.40164117669705618  0.40707859343163344  0.41249161892238578  0.41787435307455395
  0.42311910607547476  0.42828022004122829  0.43342581692405513  0.43854507436053525
  0.44362409650146217  0.44865904150892438  0.45367420886940146  0.45867679429074609
  0.46367727137710235  0.46866719124789069  0.47360974368811642  0.47844265475928927
  0.48322413892292176  0.48806555024830983  0.49296206402382892  0.49795012249553161
  0.50288055432230971  0.50779520110735932  0.51269312657813548  0.51759021643663283
  0.52248892804876390  0.52736672873526669  0.53223447041629179  0.53712230642351555
  0.54204799249969060  0.54701885885687052  0.55202417060817988  0.55703350969312038
  0.56205598877580110  0.56713541820780589  0.57225045094714122  0.57737633798555166
  0.58251834641035594  0.58775091172863381  0.59314578006388896  0.59861525871104670
  0.60415780255898788  0.60972895674967753  0.61531349132336577  0.62094844418287176
  0.62670090037061021  0.63260369068123612  0.63862619222476802  0.64469880436885041
  0.65094592018653430  0.65727338814641367  0.66371492530855702  0.67040804569381574
  0.67741490261487947  0.68461942984536028  0.69218589112248330  0.70002677618406683
  0.70811624761142788  0.71665153160186401  0.72552643777236947  0.73517233506633095
  0.74542495666141284  0.75676844576424263  0.76944827561758233  0.78418254021596512
  0.80185822640305449  0.82470110518460016  0.86273136630396619  1.00000000000000000
   1.2600901394161311E-002  -1.0000000000000000     
 T T T T T T T T T T T T T T T T F F F F F F F F F F F F F F F F
  <DiscreteSampler_grid>
  grouped_processes
  1 # 1 for a reference and 2 for a running grid.
  10 # Attribute 'min_bin_probing_points' of the grid.
  1 # Attribute 'grid_mode' of the grid. 1=='default',2=='initialization'
  0.0000000000000000 # Attribute 'small_contrib_threshold' of the grid.
  0.5000000000000000 # Attribute 'damping_power' of the grid.
 # binID   n_entries weight   weight_sqr   abs_weight
    10   10   2.351868162832008E+009   2.046332312899396E+019   2.351868162832008E+009
    16   10   2.351868162832007E+009   2.046332312899394E+019   2.351868162832007E+009
  </DiscreteSampler_grid>
