  0.00000031798709816  0.00001231421449559  0.00002592477308209  0.00003948016392461
  0.00005284409903445  0.00006604678329768  0.00007953160263585  0.00009353146812610
  0.00010801662670411  0.00012285441559396  0.00013807266657922  0.00015344096555555
  0.00016932039220695  0.00018616583113919  0.00020379290595025  0.00022251892187812
  0.00024228352891134  0.00026296893998741  0.00028458842224475  0.00030744633045117
  0.00033096508942670  0.00035554674731677  0.00038132516198480  0.00040813388618825
  0.00043651599664900  0.00046631771083630  0.00049757047279415  0.00053046612839077
  0.00056486087508284  0.00060131791356778  0.00063987177614565  0.00068024987554725
  0.00072236507899559  0.00076548367178272  0.00080890992255743  0.00085375662019214
  0.00090084058718320  0.00095004102175877  0.00100067725193580  0.00105333624270273
  0.00110960873547249  0.00116864832284484  0.00123081140364968  0.00129541526761501
  0.00136193416570582  0.00143154002264604  0.00150322353855496  0.00157891437169167
  0.00165826211919639  0.00173737358630449  0.00182054827342485  0.00190817091830059
  0.00200104137677834  0.00209935576005633  0.00220323890553079  0.00231130941625703
  0.00242288148995053  0.00253858425179120  0.00265993687475335  0.00278804522950780
  0.00292483493067370  0.00306721670113219  0.00321912784029829  0.00339307684625637
  0.00358256013543938  0.00377990322324486  0.00398862068131769  0.00420229996291210
  0.00439937014981759  0.00458177230338347  0.00475161416383092  0.00492081661681543
  0.00511739050299791  0.00534285550456409  0.00557604932834299  0.00581411161275538
  0.00608658002148876  0.00638617509564062  0.00669971049805791  0.00702099346413459
  0.00736431594652287  0.00778241144797415  0.00824501320897327  0.00876422754818639
  0.00942595223928048  0.01016702889596014  0.01090107898567525  0.01165800085518657
  0.01242568450982955  0.01328820830334175  0.01433195396762576  0.01595739602511408
  0.01824461821040086  0.02202258642741595  0.10436599657517852  1.00000000000000000
 -0.00248952996926421  0.00977165640865808  0.02022466632677677  0.03105195875487400
  0.04177254900130727  0.05253534760363268  0.06330200141836466  0.07400741323649719
  0.08453744700114554  0.09501254387692987  0.10541272256425925  0.11586311554657340
  0.12635156880324094  0.13703999346298992  0.14780545142888460  0.15857136392888918
  0.16934511143699871  0.18020827120339666  0.19107369447116915  0.20186206118182018
  0.21251070286287746  0.22306380414701432  0.23364017773295365  0.24425401282403536
  0.25511430442630395  0.26591674297960705  0.27667921529828304  0.28738809742622445
  0.29811128979417634  0.30890794996936582  0.31963867115664230  0.33037360841629282
  0.34094010588413010  0.35131200067493690  0.36148806013748352  0.37180754137284083
  0.38210304830182551  0.39248841931175893  0.40273288991370743  0.41292684680883568
  0.42313698818663914  0.43347406456529369  0.44388025546815346  0.45439753649546039
  0.46506044299937643  0.47568865264042626  0.48629982885226652  0.49685892304274554
  0.50769105528344738  0.51863457904292731  0.52933455015436759  0.54021461475628707
  0.55090461090152010  0.56140636540563749  0.57165986031689908  0.58185133004839129
  0.59218262750084949  0.60251490178428391  0.61280287907514319  0.62299141374606104
  0.63308791842578360  0.64328803634489495  0.65349531927595339  0.66397153517224872
  0.67467555620449760  0.68528362061033177  0.69591605241634846  0.70636505784590109
  0.71673983022371068  0.72684477800977287  0.73701428840079619  0.74735329990866961
  0.75780599571964269  0.76824412376253426  0.77882563654629067  0.78956062276332217
  0.80012235367035356  0.81093373283580172  0.82128780718419636  0.83178414077319462
  0.84211710114229554  0.85244063342086029  0.86281124410774901  0.87319624585652067
  0.88396613233941701  0.89464987207949009  0.90490355772779041  0.91532114294072375
  0.92597792394115963  0.93680203779101512  0.94718414931844308  0.95744928249751515
  0.96787332970662909  0.97845289947840364  0.98917027182164663  1.00000000000000000
 -0.00408973632664821  0.02360271295542942  0.04338628131042118  0.05996814178667449
  0.07476856444444674  0.08865723182835443  0.10206814786202771  0.11517262197198268
  0.12794919878488833  0.14033693936993930  0.15221830644174905  0.16363451678641050
  0.17478374755637310  0.18574817224720316  0.19645752931130134  0.20688180270022033
  0.21705134860899095  0.22709987143095989  0.23698869751194707  0.24675429832325815
  0.25633250627224913  0.26574505275218074  0.27512666271013703  0.28443350451262944
  0.29375123562323563  0.30298553217398622  0.31219916545735926  0.32155649377684398
  0.33099732025790929  0.34039020036691064  0.34979365001358459  0.35902156778586347
  0.36806623282761630  0.37693513592221395  0.38561094060517387  0.39430194673858060
  0.40298875981419968  0.41164148781969301  0.42022085213922500  0.42871254180502993
  0.43720714833956864  0.44569306617153476  0.45423020594881169  0.46269948601186828
  0.47106852240596342  0.47942302833813577  0.48776056454268468  0.49605573782876128
  0.50430965464472755  0.51247304585807429  0.52076646208789135  0.52922407575994412
  0.53764079881112381  0.54592677798619105  0.55410987336909423  0.56234165247890888
  0.57050558918281835  0.57862456970582654  0.58678578889752553  0.59499066842076875
  0.60325650191836666  0.61160706713408908  0.62004319902622285  0.62855662126512435
  0.63709129230668082  0.64564538271445870  0.65429668857330003  0.66307983464055653
  0.67190995533326237  0.68070961427538834  0.68952275016972719  0.69830304191156134
  0.70715234172070185  0.71599786967976453  0.72500572928176887  0.73420568448420820
  0.74353040648290813  0.75298563672622043  0.76257334632390750  0.77246638421062230
  0.78262536619615830  0.79294510617570602  0.80346169632074849  0.81397795077444302
  0.82462724864892012  0.83555723749688049  0.84688603649879735  0.85855193098299087
  0.87057738839172227  0.88304435070366583  0.89599461418834381  0.90974917707675351
  0.92490826201358245  0.94203464851388241  0.96463296658047104  1.00000000000000000
 -0.02026205965230873  0.12216019509424376  0.16055861599668597  0.18378251045841049
  0.20178003175554587  0.21680487375314345  0.23000085690043454  0.24179382356076512
  0.25273701944929799  0.26270191092727363  0.27225172298500522  0.28107241865866611
  0.28973439252330097  0.29783804989692081  0.30552663206523611  0.31297749286839399
  0.32009429393708233  0.32705796734332915  0.33388640431753952  0.34053634989429227
  0.34710355705108858  0.35355273574900642  0.35988353951446828  0.36611589859741522
  0.37229523932895375  0.37832747569690900  0.38427142054974112  0.39017248111122754
  0.39591675301990015  0.40150265857939682  0.40701650232599978  0.41251515114917964
  0.41800954784165240  0.42343364073383416  0.42883985287753745  0.43423239620016091
  0.43964235811091762  0.44503153736202850  0.45036989946773548  0.45568401013936793
  0.46090262064108384  0.46605577324723535  0.47120902432021339  0.47637327050889755
  0.48151652687765512  0.48662744167678090  0.49171654774317924  0.49683723812211666
  0.50197647171826032  0.50710338219785056  0.51223068044109932  0.51733660119873148
  0.52247683837282177  0.52767049127288546  0.53290021315566627  0.53816912359083102
  0.54351301674588526  0.54893457417673874  0.55437279285781949  0.55981080125117599
  0.56522334936664720  0.57059031343548450  0.57611400702975279  0.58167857703145920
  0.58732554773327694  0.59300874417359328  0.59873513616824059  0.60448786248842479
  0.61025374083686867  0.61605816116394563  0.62192049134019001  0.62792139988945861
  0.63410666166262419  0.64032214619359484  0.64665662687411796  0.65312014049127587
  0.65963308562471556  0.66626209498058597  0.67300071323320942  0.67992194221985269
  0.68686011519350754  0.69429375241708846  0.70194197985805629  0.70996194799327861
  0.71834649587534238  0.72695308237685996  0.73650908533959802  0.74656391567228775
  0.75754113251481592  0.76960929380646559  0.78322674436615403  0.79852478687749384
  0.81664773193781948  0.83989794426372166  0.87871378095666075  1.00000000000000000
   2.5181718249482638E-002  -1.0000000000000000     
 T T T T T T T T T T T T T T T T F F F F F F F F F F F F F F F F
  <DiscreteSampler_grid>
  grouped_processes
  1 # 1 for a reference and 2 for a running grid.
  10 # Attribute 'min_bin_probing_points' of the grid.
  1 # Attribute 'grid_mode' of the grid. 1=='default',2=='initialization'
  0.0000000000000000 # Attribute 'small_contrib_threshold' of the grid.
  0.5000000000000000 # Attribute 'damping_power' of the grid.
 # binID   n_entries weight   weight_sqr   abs_weight
    10   10   1.505548424655409E+009   3.620571727470032E+018   1.505548424655409E+009
    16   10   1.505548424655409E+009   3.620571727470032E+018   1.505548424655409E+009
  </DiscreteSampler_grid>
