  0.00000252303789734  0.00001315628429638  0.00002745209961616  0.00004059693461078
  0.00005356411140094  0.00006659586637588  0.00008020951105496  0.00009454956750295
  0.00010958241461190  0.00012496664161982  0.00014025652308918  0.00015571904968882
  0.00017182388282146  0.00018926498650468  0.00020791092137339  0.00022730317186212
  0.00024761403261333  0.00026890488591239  0.00029101930892745  0.00031440017114380
  0.00033902960976502  0.00036471867552151  0.00039184961383653  0.00042034482859371
  0.00045007905102272  0.00048100461923893  0.00051305959819054  0.00054696251184759
  0.00058169824637621  0.00061918412495427  0.00065769310362838  0.00069758783076273
  0.00074006943785224  0.00078458481515528  0.00083257218284214  0.00088091378615063
  0.00092989099734380  0.00097992457825704  0.00103209386533119  0.00108705705931559
  0.00114471441969610  0.00120765106571419  0.00127460853058397  0.00134324828526225
  0.00141194971736963  0.00148235517106906  0.00155607998137113  0.00163382083440608
  0.00171721643424999  0.00180658320490414  0.00190012497951210  0.00199990541729981
  0.00210575171261824  0.00221341855721126  0.00232309453405612  0.00244043182495980
  0.00256624071221688  0.00269906189339791  0.00283845396402105  0.00298680442680127
  0.00314796734764275  0.00332248407137285  0.00349207685702914  0.00369379933896577
  0.00389760890280550  0.00409417718189553  0.00428110509160925  0.00449329037863978
  0.00473612855858545  0.00501306607236646  0.00533246289821888  0.00565430468352068
  0.00600377166054135  0.00633301823783397  0.00663542223491177  0.00702700642687031
  0.00746026601699483  0.00794855488852689  0.00834626659543906  0.00872656425820878
  0.00910423903015365  0.00955511477583152  0.01006445590506834  0.01068892088407259
  0.01144826888045145  0.01238433989283134  0.01327151261137368  0.01457392737444653
  0.01602576774748520  0.01716054028116409  0.01821374757948404  0.02052668692851475
  0.02283202560793878  0.02511289109555417  0.14364840030245854  1.00000000000000000
 -0.00262558369157311  0.01002096231766531  0.02033020943534271  0.03068840623052200
  0.04104612071260191  0.05122553259683484  0.06130998728706237  0.07134530352684403
  0.08147364255118507  0.09172698972698130  0.10206882766854673  0.11257331338981466
  0.12325956531939480  0.13403184634602092  0.14492074251681247  0.15606948912112631
  0.16719329501176311  0.17777319177129830  0.18822491488705864  0.19867161129190572
  0.20921540889430135  0.21971858298158334  0.23031694095025534  0.24100580744133543
  0.25163652572492640  0.26214350320041102  0.27263602363707296  0.28307394127084862
  0.29345531906399075  0.30380996983205710  0.31420605069599322  0.32460948817555829
  0.33498058131005226  0.34538530840501064  0.35577180443266115  0.36641235618392204
  0.37706005129103115  0.38786150336354969  0.39861665248568362  0.40908731199889836
  0.41955762670618141  0.43016600969761176  0.44088625450797536  0.45164007263257006
  0.46219554310931216  0.47285882462369644  0.48344895675572708  0.49436327898531712
  0.50523813734675926  0.51625128506310236  0.52690856742225911  0.53765883917687485
  0.54823787648642952  0.55891381133312279  0.56937306322029002  0.57960740065776195
  0.59015908431213038  0.60084252641410762  0.61176160061451601  0.62230258139356665
  0.63291372249147859  0.64349376442520889  0.65414429698024767  0.66483489380193850
  0.67553192199942080  0.68631381663179791  0.69699870132225727  0.70740577353829259
  0.71761914526311588  0.72793067240317344  0.73855908318049213  0.74906955079898141
  0.75938495306975418  0.76962537300122236  0.77988601838117910  0.79015303736498288
  0.80058851310512313  0.81105275724199899  0.82159412960814115  0.83210073764407355
  0.84277675767123672  0.85344398996866089  0.86434169160768115  0.87520916840355079
  0.88582767076912716  0.89626134357904597  0.90679825602290332  0.91729479665370439
  0.92762825054659315  0.93788468128568014  0.94818609132026299  0.95845250293316020
  0.96874343738208291  0.97913967503396271  0.98959986246077336  1.00000000000000000
 -0.00363049360073070  0.02280319211416776  0.04225149301910848  0.05899599669575856
  0.07403854635891875  0.08790346145738878  0.10106322739731000  0.11375828177143704
  0.12617144762303545  0.13841530656167345  0.15024824031001838  0.16175389766581180
  0.17296164795518926  0.18403124993454698  0.19498131941099398  0.20574631063863416
  0.21630283694147631  0.22665055206753426  0.23685906275057525  0.24695293036134985
  0.25687672602600875  0.26665657978642565  0.27619646313629465  0.28550751704196509
  0.29466260753360007  0.30375372907613285  0.31280742544868778  0.32183510704188684
  0.33074259744570950  0.33969755910318444  0.34865668771369163  0.35756484514481290
  0.36642035397611433  0.37523418696828409  0.38406577567577133  0.39285650789378895
  0.40155840285184402  0.41021669541851408  0.41886068094108198  0.42747672059073988
  0.43607457445838405  0.44468590213229819  0.45329686700914029  0.46183515401131758
  0.47029060413449741  0.47856225098154309  0.48702301984029694  0.49557753219995065
  0.50412490984466685  0.51257280350113987  0.52095745975702679  0.52913686850782604
  0.53735256247387508  0.54548175914387131  0.55361169548230627  0.56176106688003635
  0.56997121300177600  0.57821286391844651  0.58656455957640297  0.59495464842602030
  0.60339347360199236  0.61198165342396260  0.62067159046804665  0.62935219316342383
  0.63808304857323572  0.64683535158174055  0.65563489649610374  0.66448436633764818
  0.67338053734226067  0.68236334447668656  0.69135337428306187  0.70029146946380028
  0.70912945674455952  0.71784723130294659  0.72660600898204175  0.73557423457370774
  0.74487559766069444  0.75427803334414290  0.76378147549658781  0.77338804031889619
  0.78343149708524151  0.79366105003437981  0.80405618496562326  0.81440972215126706
  0.82490750949955327  0.83550330309644261  0.84683137918998963  0.85890506053959847
  0.87144079295893073  0.88397127006694820  0.89719080200368417  0.91118426319947377
  0.92653752407978929  0.94386793377402700  0.96628884309523744  1.00000000000000000
 -0.02048079135884791  0.12193590828541682  0.16074104557559987  0.18409749247170731
  0.20222724196919456  0.21754916034463895  0.23104022124902673  0.24320309220239744
  0.25425693115874554  0.26438984034380364  0.27405419115735224  0.28304535009015502
  0.29173958868354011  0.29979994632124712  0.30772705574555587  0.31536857781985278
  0.32258465755712190  0.32973323567401153  0.33652708807250431  0.34312718235356426
  0.34956171349007070  0.35578593415046056  0.36186683449001633  0.36786504188405933
  0.37385189800262608  0.37977559854160525  0.38566222306752868  0.39154371766527729
  0.39735752996210782  0.40308290261057733  0.40874608488379721  0.41430992270910250
  0.41976090771896823  0.42513647639958319  0.43048232252309421  0.43573404056698095
  0.44092207666297495  0.44609891488693248  0.45127564812163867  0.45647394156550142
  0.46162694371742868  0.46670250742119457  0.47172521245942078  0.47673344685923918
  0.48177243393755198  0.48685762387514103  0.49192855449722961  0.49699133299583853
  0.50208676935372587  0.50725104207624672  0.51243536899030850  0.51761591320202749
  0.52279962731044405  0.52799330613693074  0.53320354318562257  0.53838682491789080
  0.54361137294864748  0.54888207871197958  0.55415665312262308  0.55949246504509764
  0.56489091514758827  0.57035725914141733  0.57582296844833936  0.58128280749406036
  0.58695076976256999  0.59270356000946978  0.59842947911609878  0.60412813380143060
  0.60982417562413771  0.61558414502648495  0.62146075463575745  0.62744994830280421
  0.63363864119679481  0.63989546557215005  0.64625760024897028  0.65268396378098270
  0.65923276965900468  0.66590882176949784  0.67280178070779373  0.67994078471926622
  0.68710696272178462  0.69462500989018827  0.70220718201630483  0.71030090176138139
  0.71894635315110955  0.72793319179297911  0.73757274744582502  0.74750102428030218
  0.75839994889978157  0.77009950754655276  0.78345534429530228  0.79872461187740185
  0.81692515029829471  0.84027659973208113  0.87943591563174794  1.00000000000000000
   2.5313071844503012E-002  -1.0000000000000000     
 T T T T T T T T T T T T T T T T F F F F F F F F F F F F F F F F
  <DiscreteSampler_grid>
  grouped_processes
  1 # 1 for a reference and 2 for a running grid.
  10 # Attribute 'min_bin_probing_points' of the grid.
  1 # Attribute 'grid_mode' of the grid. 1=='default',2=='initialization'
  0.0000000000000000 # Attribute 'small_contrib_threshold' of the grid.
  0.5000000000000000 # Attribute 'damping_power' of the grid.
 # binID   n_entries weight   weight_sqr   abs_weight
    10   10   2.368304439674693E+009   1.688995466508321E+019   2.368304439674693E+009
    16   10   2.368304439674693E+009   1.688995466508322E+019   2.368304439674693E+009
  </DiscreteSampler_grid>
