 -0.00008296163803427  0.00083931514378181  0.00198415561576289  0.00369726709088450
  0.00594997824849151  0.00870902461489088  0.01183591001190354  0.01545660126833737
  0.01955464678482580  0.02414886400662943  0.02916433751681985  0.03456668078288136
  0.04048013785532654  0.04676671319486697  0.05311635074632932  0.05951251778633801
  0.06627234501203906  0.07358563608191537  0.08122092567750872  0.08918012039108730
  0.09760258588165814  0.10628591526568629  0.11504077491557013  0.12400829602305995
  0.13290274702968166  0.14174590987823443  0.15071234600336228  0.15975435900804641
  0.16926347690473362  0.17886838304007210  0.18852149174647390  0.19829454374333430
  0.20827243781458332  0.21833349733178212  0.22836714489183246  0.23846981768957254
  0.24881857133512333  0.25945217739146370  0.27034258245888826  0.28154691517993036
  0.29300703253299848  0.30432571890472565  0.31578975064385473  0.32715686998561111
  0.33863037287140457  0.35027914908460689  0.36179680289445926  0.37311946883086933
  0.38445683873479997  0.39595593152322706  0.40758478486758759  0.41932499971369475
  0.43115830126443561  0.44273462871526914  0.45428792115137928  0.46582393956147528
  0.47755160369518029  0.48966058596381784  0.50197676210468811  0.51467498144117430
  0.52774581630300821  0.54035648530317659  0.55298455823110559  0.56567647691278822
  0.57842251417998292  0.59124869965033777  0.60381324558939342  0.61608174512249059
  0.62848468333280816  0.64095190728125373  0.65345974938017237  0.66595444778357227
  0.67832190536540826  0.69054775907448029  0.70285736053261061  0.71520526330414991
  0.72791993656977383  0.74085323679534432  0.75379843873100871  0.76686328150710314
  0.78088454874095059  0.79477422249687035  0.80860276498045192  0.82227749538350559
  0.83584969156224465  0.85015375583857400  0.86456162088850674  0.87926035081998943
  0.89401566896569229  0.90872256882025260  0.92377922503697740  0.93904931990367935
  0.95436610000890221  0.96965183906810359  0.98486330002664579  1.00000000000000000
 -0.00236745163695029  0.00916207943064663  0.01893905228412926  0.02972149905691516
  0.04038905573548914  0.05095448374170940  0.06169373257156831  0.07261077570495109
  0.08394958466930028  0.09529486824780936  0.10615508117041521  0.11674734418150025
  0.12705795269521783  0.13717766562769118  0.14731749920122938  0.15750965304904527
  0.16809423326043660  0.17869823574824617  0.18925718105945094  0.19974424369480046
  0.21035919020563332  0.22068909794864749  0.23140787154031670  0.24256466437616606
  0.25349748398488953  0.26392285161813878  0.27416492861449432  0.28446864574474673
  0.29473559271932265  0.30579527127638939  0.31662133820461347  0.32767619701873513
  0.33810483039643197  0.34867295063781029  0.35883512848828547  0.36848518079226017
  0.37813494539790837  0.38828327135530033  0.39847914787112004  0.40915053360529019
  0.41937346006321946  0.43059222945302938  0.44147960640874012  0.45222065105099762
  0.46276035655508541  0.47294798079231132  0.48310312092443214  0.49343674626807743
  0.50356631458777790  0.51370665926988746  0.52390630462591947  0.53422279742579049
  0.54431093814180875  0.55373664771092801  0.56341295579180262  0.57350231996403545
  0.58377951028055541  0.59391234815174954  0.60401135815112084  0.61474255817935641
  0.62595945867742386  0.63606449956538447  0.64624519571899119  0.65660506867928414
  0.66738037183461263  0.67835770117494976  0.68921100397737689  0.70043773644221030
  0.71139171809051460  0.72238104823542271  0.73323073609539224  0.74447017890815370
  0.75531644366592665  0.76573193683409502  0.77631099700065864  0.78668504814521401
  0.79750290790733069  0.80800633199160232  0.81926341713794226  0.83074853977716268
  0.84289627814905443  0.85463710701778739  0.86562980691630886  0.87606860908569573
  0.88645161119455940  0.89659085571418884  0.90677197104190321  0.91749110991777894
  0.92819066895274593  0.93876472493205609  0.94866289577586338  0.95838829421830130
  0.96848116297215048  0.97878563995977230  0.98926143197067440  1.00000000000000000
 -0.00345481346397004  0.02332604287171592  0.04252543591283413  0.05881920642672005
  0.07392620166280361  0.08839351585960038  0.10210632649125623  0.11416838206851322
  0.12541056100585810  0.13655964106762453  0.14743900159124229  0.15780880120789040
  0.16770274296584642  0.17767497991931075  0.18760058232603671  0.19771482707135865
  0.20850299473050887  0.21873386104212356  0.22848790766341529  0.23795268476359477
  0.24732958027986615  0.25689137842292731  0.26622757230046623  0.27614754573506672
  0.28654629668645559  0.29668520037213791  0.30640630510656786  0.31581408257095755
  0.32481152902318872  0.33363217573179826  0.34280396184762008  0.35267554015263308
  0.36341946852118923  0.37433599729246941  0.38475708982896845  0.39492155289984099
  0.40484735713116937  0.41447910148379202  0.42343616690394670  0.43248728047922641
  0.44151590338451024  0.45066372089328338  0.45948902344949988  0.46824679557220633
  0.47708745803720426  0.48604873487052069  0.49498316266776410  0.50375018547992356
  0.51331779891930418  0.52290323039325837  0.53277089798402244  0.54245354027128767
  0.55210683418002049  0.56184466203773764  0.57162238397619214  0.58129614154107756
  0.59056719478219288  0.59968840080842067  0.60852633059793504  0.61719561260781453
  0.62584442274680929  0.63424416904096903  0.64245384198014399  0.65063257340264646
  0.65870117050864985  0.66699454857294738  0.67616609931300442  0.68590969540563029
  0.69587327777073593  0.70547823716111480  0.71487359877792422  0.72402713330271107
  0.73327996474697965  0.74279276906187230  0.75266169530337468  0.76299007435771582
  0.77333057508219316  0.78341657439219670  0.79360580812711423  0.80362475759096019
  0.81349851384723570  0.82302353145966134  0.83261274425451715  0.84283517453007428
  0.85364927454574380  0.86462388221987030  0.87581208296426261  0.88737400877896366
  0.89897775689752846  0.91054740463495631  0.92224665218807211  0.93416966658589695
  0.94645147196551827  0.96000321052708126  0.97734291941117202  1.00000000000000000
 -0.01497577252556118  0.11149771787289917  0.18265982273089643  0.22599121449521981
  0.25324365213573902  0.27488084807200064  0.29446414866453707  0.31236527815790194
  0.32836395950838154  0.34329479544455621  0.35736227335264104  0.37074555613357563
  0.38356708337520518  0.39587756465850765  0.40711940169959565  0.41794914365517905
  0.42759568351996891  0.43675266288623049  0.44537689007990489  0.45394259311689400
  0.46244249787027908  0.47067016873117229  0.47863879386010727  0.48640335837202031
  0.49406558929566396  0.50162314859226043  0.50898614281084786  0.51626516285275748
  0.52336799916309995  0.53040360537401732  0.53744998703289859  0.54457392351433720
  0.55171829513679416  0.55882839674376850  0.56575631913314273  0.57238352708030449
  0.57881147299297431  0.58493361606902494  0.59096047833401322  0.59699236819511792
  0.60301662161130609  0.60891379095304310  0.61468213153628348  0.62033802273001926
  0.62582109411980180  0.63115552471961733  0.63644880630861367  0.64172368753569342
  0.64707147535971632  0.65265363313249347  0.65813091561204096  0.66345287092120953
  0.66875007619322646  0.67397428346476507  0.67925963752348595  0.68463737175145789
  0.68996726074599868  0.69538543476718395  0.70083940683232182  0.70624460068762629
  0.71159385825822274  0.71685827661276125  0.72200467857371498  0.72703416443132685
  0.73202874647189264  0.73709313792441855  0.74228466271376969  0.74772125489897512
  0.75337660679649054  0.75905814808951377  0.76466681297140804  0.77020912119807694
  0.77548019220835795  0.78076738429187309  0.78604479812287553  0.79113781995563204
  0.79630060455733598  0.80155419999478583  0.80684864121203592  0.81221996871042168
  0.81755192350240535  0.82278913843231138  0.82833314948210990  0.83405270397721898
  0.84029865076840493  0.84691425717600011  0.85379966536223895  0.86074365847556000
  0.86772464952898554  0.87537085821726401  0.88441531099527171  0.89465086968338792
  0.90643622133702983  0.92125781169228671  0.94495250247687990  1.00000000000000000
   3.5409844353523567E-003  -1.0000000000000000     
 T T T T F F F F F F F F T T T T F F F F F F F F F F F F F F F F
  <DiscreteSampler_grid>
  grouped_processes
  1 # 1 for a reference and 2 for a running grid.
  10 # Attribute 'min_bin_probing_points' of the grid.
  1 # Attribute 'grid_mode' of the grid. 1=='default',2=='initialization'
  0.0000000000000000 # Attribute 'small_contrib_threshold' of the grid.
  0.5000000000000000 # Attribute 'damping_power' of the grid.
 # binID   n_entries weight   weight_sqr   abs_weight
    10   10   1.584301938534469E+009   2.534979687984949E+018   1.584301938534469E+009
  </DiscreteSampler_grid>
