  0.00000172934443116  0.00001579996565729  0.00002989880285902  0.00004391730342798
  0.00005796767187527  0.00007251626075754  0.00008779820593947  0.00010381830935529
  0.00012061996555723  0.00013819607035413  0.00015634279537409  0.00017543331457136
  0.00019559458290972  0.00021680279608921  0.00023958966944200  0.00026370463198599
  0.00028905752668758  0.00031539525746783  0.00034317654167913  0.00037230859593059
  0.00040309465866977  0.00043539429921539  0.00046919463146397  0.00050445193203403
  0.00054121319283667  0.00057917749037907  0.00061882072813816  0.00066014438707283
  0.00070422081187550  0.00075013838967286  0.00079806328886171  0.00084786836270480
  0.00089987492338037  0.00095412892417186  0.00101068269817980  0.00107007856874970
  0.00113243505670886  0.00119837952304957  0.00126733463652800  0.00133878864389407
  0.00141278267755574  0.00148896578111868  0.00156766193274513  0.00164724027033488
  0.00173003346233184  0.00181784161461727  0.00190988652706116  0.00200374230588620
  0.00210012854814781  0.00220437014606334  0.00231962548599430  0.00244319169799777
  0.00256198837047373  0.00268770462323191  0.00281558929766674  0.00295049963996077
  0.00308461353954612  0.00322190682686766  0.00336893164500276  0.00352198559547723
  0.00367669082639376  0.00383571492380999  0.00400652062229449  0.00419762230410606
  0.00440582150113061  0.00462117915427703  0.00483708901788500  0.00505127062495369
  0.00528505906844948  0.00556341360481219  0.00587838410314652  0.00621359342459922
  0.00657101734592828  0.00695820241849969  0.00736429867159017  0.00783170492293480
  0.00838164411380409  0.00892341477433667  0.00945496791321205  0.00997249986891082
  0.01052950956059682  0.01112286289141821  0.01172792881884179  0.01237185947581726
  0.01307422043066858  0.01391693601563808  0.01508055348255681  0.01631662371837209
  0.01759698483231454  0.01897302073369643  0.02326804501544289  0.03991340505048055
  0.05835283090969755  0.08784174660184514  0.11763002235935119  1.00000000000000000
 -0.00230525778740948  0.00939995430635970  0.01941984630506367  0.03003702050916449
  0.04056165657690441  0.05082419079124169  0.06107941808652130  0.07160359327268355
  0.08214739611517313  0.09282747770822668  0.10337995263795688  0.11391804812578804
  0.12429517054894143  0.13481612685699557  0.14548539539225108  0.15624535279763366
  0.16704745874399946  0.17772541906561681  0.18823452596159548  0.19877991992576158
  0.20933849071442520  0.21991486686749148  0.23054183742681952  0.24120541860363112
  0.25198766016701646  0.26226599632804715  0.27276612257351018  0.28319273898372982
  0.29378181773159512  0.30422018323876876  0.31474166138396764  0.32525670700504589
  0.33550700393544147  0.34577602737163265  0.35623685605129851  0.36689641233171744
  0.37741583692661929  0.38796845494865334  0.39861759801606594  0.40898065886953744
  0.41944561258344859  0.43008361121614880  0.44106568258108103  0.45190256746236623
  0.46272108777572601  0.47327142726899524  0.48378171661725622  0.49413156649073492
  0.50464663366370488  0.51516465072071604  0.52569393334429249  0.53642538774137161
  0.54696260387370443  0.55753624544682678  0.56788650651005435  0.57846754909663778
  0.58895657905817977  0.59963407462781004  0.61026529460288348  0.62088219544133072
  0.63148783759533200  0.64239387970897999  0.65298044998046390  0.66373462115915527
  0.67427913255978600  0.68504674233868201  0.69565702811118257  0.70612199384279184
  0.71677845390833550  0.72738729817858350  0.73822047467775209  0.74910875300225999
  0.76009143303850324  0.77071575622956401  0.78108900128726233  0.79135271646345995
  0.80149695108713426  0.81164667747664998  0.82195490471451649  0.83235441854684100
  0.84272513822334405  0.85302126343780316  0.86357716943514773  0.87401573435153312
  0.88423655080853691  0.89443189860984662  0.90512695339609561  0.91565971753627973
  0.92628878465407161  0.93647375095802288  0.94677865115274074  0.95715820709377863
  0.96774704648590038  0.97864165775527490  0.98917222022577467  1.00000000000000000
 -0.00467597477533015  0.02542037609978264  0.04619749660219671  0.06369230569397859
  0.07950483850197511  0.09419062141696358  0.10801151017865586  0.12105911896306815
  0.13348593830066113  0.14540798960493775  0.15694148909211245  0.16822244485710916
  0.17926464591557026  0.19003763985171659  0.20050523982363666  0.21078235046408872
  0.22094516904829170  0.23097817440062635  0.24082766934246663  0.25054499508212058
  0.26015017302756704  0.26970429385383371  0.27925845518696935  0.28876924567456125
  0.29819977132682440  0.30751522056466662  0.31665665114050395  0.32559261001100032
  0.33436622341161354  0.34305790359738442  0.35177098472834373  0.36053104861968971
  0.36930025594260352  0.37803437584988092  0.38668199439964229  0.39522948302576666
  0.40372497295806048  0.41220732641462898  0.42066612995349634  0.42908602057112299
  0.43747168394973779  0.44583388165669674  0.45416668985957703  0.46245624711552547
  0.47071033582840305  0.47895994680633214  0.48721939363327488  0.49542759745187365
  0.50357344798476289  0.51163998157064561  0.51974809076065875  0.52795813228731781
  0.53607305657583526  0.54419780366733905  0.55233539972661627  0.56054199980841934
  0.56883387665668095  0.57710161200895183  0.58527555130988096  0.59339214755326020
  0.60160441489944505  0.60992591927473394  0.61833019652928589  0.62682361691370658
  0.63529340765621678  0.64377555664741626  0.65227637770976721  0.66077697952306746
  0.66926468084501156  0.67776726786901564  0.68629684861437723  0.69496522110719094
  0.70378356799018671  0.71271183650687675  0.72169586629537863  0.73070403864476396
  0.73978166216983787  0.74892580142867693  0.75814067775333660  0.76745342023893293
  0.77719204603897074  0.78730987937944330  0.79755914614499257  0.80783887940586896
  0.81829973413028945  0.82916138996328637  0.84032700204365640  0.85167935370779235
  0.86338110057975037  0.87562728959051761  0.88859378750044549  0.90256055071642871
  0.91815304466267855  0.93667801498905257  0.96122368948887771  1.00000000000000000
 -0.02844228230617623  0.13800359413899943  0.17628945940426499  0.19909180694349676
  0.21653496057474741  0.23097433751482677  0.24365658215568609  0.25494501257676910
  0.26523731087638364  0.27498143288810523  0.28404110607687111  0.29262421494263191
  0.30064870909926622  0.30841428341062521  0.31594722039465062  0.32317877067452455
  0.33020679249526325  0.33693443914482069  0.34342990508745752  0.34974268068966557
  0.35596682850424771  0.36210744989438870  0.36814260054379905  0.37417527037513121
  0.37999437225528432  0.38573061940805980  0.39136196615580016  0.39688670060033265
  0.40232875646555494  0.40771576389336267  0.41304763127963473  0.41832034884966068
  0.42355996654209521  0.42875512253229775  0.43392172057778794  0.43903880798343831
  0.44408058501513270  0.44908228780689369  0.45400594056760663  0.45880695083320522
  0.46353224988809155  0.46825379822327845  0.47301683559629637  0.47778515252144071
  0.48260706793528629  0.48750041433386970  0.49240436061248388  0.49722811813106355
  0.50201840561270739  0.50684155451686685  0.51172967838219752  0.51668924022399898
  0.52166702174284885  0.52663575271277852  0.53158696246259673  0.53651098355770732
  0.54142519137487111  0.54639395638590738  0.55142571202523272  0.55652137982977368
  0.56167427083720523  0.56688375395078461  0.57216633702833175  0.57741446703876831
  0.58268812134751491  0.58795269233999736  0.59325843063606476  0.59862356954383933
  0.60404494467973258  0.60954557937146514  0.61516238769334131  0.62084087992012837
  0.62658035339310580  0.63243649941079794  0.63838158017511260  0.64448314060073142
  0.65076259420395044  0.65718533812681390  0.66377083547225124  0.67058538760617548
  0.67759360491335796  0.68474408010819121  0.69220402732556618  0.69999168884640284
  0.70803627984457596  0.71665592011921286  0.72555128549490921  0.73522842084056217
  0.74546889351509527  0.75680458875375101  0.76945099950520379  0.78416535084505046
  0.80172064033053758  0.82463116287072757  0.86349024096725557  1.00000000000000000
   1.2698950251710334E-002  -1.0000000000000000     
 T T T T T T T T T T T T T T T T F F F F F F F F F F F F F F F F
  <DiscreteSampler_grid>
  grouped_processes
  1 # 1 for a reference and 2 for a running grid.
  10 # Attribute 'min_bin_probing_points' of the grid.
  1 # Attribute 'grid_mode' of the grid. 1=='default',2=='initialization'
  0.0000000000000000 # Attribute 'small_contrib_threshold' of the grid.
  0.5000000000000000 # Attribute 'damping_power' of the grid.
 # binID   n_entries weight   weight_sqr   abs_weight
    10   10   1.459099749552148E+009   2.730934044714297E+018   1.459099749552148E+009
    16   10   1.459099749552148E+009   2.730934044714298E+018   1.459099749552148E+009
  </DiscreteSampler_grid>
