4114.380384593703	4094.5068879551927	4.414801072957392	0.003775471867205168	2.293579718796102
4114.380384593703	4094.5068879551927	4.96582116993015	0.0036408964196479312	1.3219654179739642
4114.380384593703	4094.5068879551927	5.046962247507789	0.003621079362356776	1.3198222711495176
4114.380384593703	4094.5068879551927	3.8225534174103615	0.003920116307122767	2.342468233335204
4114.380384593703	4094.5068879551927	2.798082209163397	0.004170322555709294	2.2618483442823076
4114.380384593703	4094.5068879551927	5.7570294115497465	0.0034476599046607192	1.266685303528228
4114.380384593703	4094.5068879551927	4.512505618020864	0.0037516095199831155	1.7111354580156521
4114.380384593703	4094.5068879551927	4.502568548531073	0.0037540364470250564	2.348335857549751
4114.380384593703	4094.5068879551927	2.3389915792056257	0.004282446101357313	2.5296636184169645
4114.380384593703	4094.5068879551927	5.246252761683953	0.0035724067090606203	1.3821332796842203
4114.380384593703	4094.5068879551927	2.7293787207783673	0.004187101984897003	2.4233821661452244
4114.380384593703	4094.5068879551927	5.249050241899736	0.0035717234814358206	1.6032107118683676
4114.380384593703	4094.5068879551927	5.373213940915161	0.003541399024202478	1.6617642878703738
4114.380384593703	4094.5068879551927	4.596762743540014	0.003731031431381773	1.565447074039215
4114.380384593703	4094.5068879551927	3.6092745458606466	0.003972205332098428	1.785182278648607
4114.380384593703	4094.5068879551927	4.542618931753115	0.0037442549557935097	1.5210487700571165
4114.380384593703	4094.5068879551927	3.6968900064004977	0.003950807038497412	2.3719591539855607
4114.380384593703	4094.5068879551927	3.944025054273384	0.0038904493312970933	1.5257021408029856
4114.380384593703	4094.5068879551927	3.4308993505205727	0.004015769844314734	2.33569936368681
4114.380384593703	4094.5068879551927	4.462713674691871	0.0037637701890677043	1.72249167907758
4114.380384593703	4094.5068879551927	4.128449692303986	0.003845407365786393	2.0467186992071547
4114.380384593703	4094.5068879551927	2.6867129248710135	0.004197522237463402	2.8908305900697875
4114.380384593703	4094.5068879551927	5.136456101652648	0.0035992223093357827	1.236031703909939
4114.380384593703	4094.5068879551927	3.7604683083708856	0.0039352793318137525	1.953022335265392
4114.380384593703	4094.5068879551927	3.839180683806287	0.003916055435606141	2.1616500067730784
4114.380384593703	4094.5068879551927	5.016191976537257	0.0036285943749852926	1.8716263639296338
4114.380384593703	4094.5068879551927	5.061957859080408	0.003617416989332876	1.392431198577215
4114.380384593703	4094.5068879551927	4.29698066917096	0.00380424710364036	1.8893154661186389
4114.380384593703	4094.5068879551927	2.9816071838960916	0.004125500314654439	2.4283680265039274
4114.380384593703	4094.5068879551927	4.780936227754976	0.0036860508050805337	1.361902948467388
4114.380384593703	4094.5068879551927	5.2069427484183795	0.0035820073799939654	2.2789068125619134
4114.380384593703	4094.5068879551927	6.123155682474119	0.0033582410122413647	1.241138288099332
4114.380384593703	4094.5068879551927	4.6668289103427245	0.0037139191957157825	1.5348125911505215
4114.380384593703	4094.5068879551927	3.197064881720298	0.004072879155691923	2.5877834869313436
4114.380384593703	4094.5068879551927	2.8545473204038636	0.004156532101135492	2.6893211482210346
4114.380384593703	4094.5068879551927	2.432130967710968	0.004259698700741299	3.3365435345075243
4114.380384593703	4094.5068879551927	5.182033011474044	0.0035880910764257905	1.916577925977716
4114.380384593703	4094.5068879551927	6.202883288648627	0.0033387691665817463	1.1884251720551717
4114.380384593703	4094.5068879551927	3.945882350346535	0.0038899957245200193	2.307155465477832
4114.380384593703	4094.5068879551927	2.6226609920883632	0.0042131656188364	2.275202625045517
4114.380384593703	4094.5068879551927	2.4514568757667092	0.004254978740906187	2.9645226659881097
4114.380384593703	4094.5068879551927	6.133610247839638	0.0033556876973608175	1.6056644174147239
4114.380384593703	4094.5068879551927	4.124805619134708	0.0038462973565151905	1.939220081887891
4114.380384593703	4094.5068879551927	3.2358881195893154	0.004063397369745189	2.275732558650053
4114.380384593703	4094.5068879551927	4.161391677440429	0.0038373619561588384	2.4549750588275545
4114.380384593703	4094.5068879551927	4.194977281878089	0.0038291593556121256	1.9065674409947972
4114.380384593703	4094.5068879551927	6.581186506861627	0.0032463763025409372	1.118983177939636
4114.380384593703	4094.5068879551927	4.459197977488412	0.0037646288265788053	1.8138969495194328
4114.380384593703	4094.5068879551927	3.1221727105787593	0.004091170044727145	2.1544578455711965
4114.380384593703	4094.5068879551927	4.808964407325009	0.0036792054924856318	1.4592781355796667
4114.380384593703	4094.5068879551927	4.597833040147917	0.0037307700332116903	2.034709323792102
4114.380384593703	4094.5068879551927	3.178523270977383	0.0040774075668657955	2.4083006600583223
4114.380384593703	4094.5068879551927	4.303647711654078	0.0038026188141623935	2.17301573491064
4114.380384593703	4094.5068879551927	4.019703048725614	0.003871966520906701	1.7108718968300078
4114.380384593703	4094.5068879551927	3.5933789588221003	0.00397608750581886	2.048660287677209
4114.380384593703	4094.5068879551927	2.0751428512066994	0.004346885784869653	2.5732135501775826
4114.380384593703	4094.5068879551927	2.428663553468123	0.004260545546121642	2.4471021150034966
4114.380384593703	4094.5068879551927	2.312665929611253	0.004288875605645562	2.6225388551095805
4114.380384593703	4094.5068879551927	7.102773710382317	0.003118989240363794	0.9146385218640213
4114.380384593703	4094.5068879551927	3.516521937409312	0.003994858269555729	2.0336211866488743
4114.380384593703	4094.5068879551927	3.7809738385520326	0.003930271273275259	1.9300477778635816
4114.380384593703	4094.5068879551927	2.6219102229106923	0.004213348978932796	2.54918312899902
4114.380384593703	4094.5068879551927	3.788111531073003	0.003928528037101455	2.874133971661026
4114.380384593703	4094.5068879551927	5.898779823719439	0.0034130402505610576	1.1129449284493924
4114.380384593703	4094.5068879551927	2.8849948938879635	0.00414909590080239	1.8163229670134298
4114.380384593703	4094.5068879551927	2.7386507382095004	0.004184837483289151	2.393689824262391
4114.380384593703	4094.5068879551927	2.8823113554900317	0.004149751300456455	2.397099566950941
4114.380384593703	4094.5068879551927	2.697483397331869	0.004194891768702307	2.6889218025194235
4114.380384593703	4094.5068879551927	4.870470733379815	0.003664183823762656	1.8767710650071399
4114.380384593703	4094.5068879551927	3.2300169640834078	0.004064831280022194	2.949720740587341
4114.380384593703	4094.5068879551927	1.3459418784920238	0.004524978286034998	2.9497819033049413
4114.380384593703	4094.5068879551927	3.1152680700716964	0.004092856362688258	1.5713913549170004
4114.380384593703	4094.5068879551927	4.71944433115771	0.003701068949702089	1.276817198344589
4114.380384593703	4094.5068879551927	3.9612079274870045	0.0038862527641196957	2.479618442528021
4114.380384593703	4094.5068879551927	4.729822182297484	0.0036985343707103425	1.4277897745946204
4114.380384593703	4094.5068879551927	4.639258133833417	0.0037206527969194858	2.3611670213844187
4114.380384593703	4094.5068879551927	2.5818479128375778	0.0042231333830550525	2.162257199414888
4114.380384593703	4094.5068879551927	2.881243055865319	0.004150012210904024	2.444426141915352
4114.380384593703	4094.5068879551927	2.258251783168628	0.004302165153796694	2.678886416765392
4114.380384593703	4094.5068879551927	3.8399578031427097	0.003915865640019594	1.6822715124964727
4114.380384593703	4094.5068879551927	4.698981317686949	0.0037060666243991223	1.7452328509702062
4114.380384593703	4094.5068879551927	6.784533452707906	0.0031967129483420555	0.9745892224587077
4114.380384593703	4094.5068879551927	3.8713768806102955	0.003908192169604875	2.4496153018860354
4114.380384593703	4094.5068879551927	4.427476756312423	0.0037723760894468454	1.6128358204573117
4114.380384593703	4094.5068879551927	6.2877352404367635	0.0033180458037666183	1.1895041315107298
4114.380384593703	4094.5068879551927	3.161005068611722	0.004081686031365927	2.4295579184521863
4114.380384593703	4094.5068879551927	0.7361913082267506	0.0046738974567558916	3.120452192545755
4114.380384593703	4094.5068879551927	3.2786725181200502	0.004052948150901134	2.7507227214768175
4114.380384593703	4094.5068879551927	1.2840786199393328	0.0045400871282583865	3.3971723320238914
4114.380384593703	4094.5068879551927	3.3598843642210596	0.004033113809838011	2.092977579149954
4114.380384593703	4094.5068879551927	2.5281053956284296	0.004236258899430966	2.629480092245462
4114.380384593703	4094.5068879551927	-0.006665457386031193	0.004855325107494016	3.77529769688481
4114.380384593703	4094.5068879551927	3.731954333349208	0.00394224329006366	2.352198047835116
4114.380384593703	4094.5068879551927	4.104991398333885	0.003851136576803013	2.383544245210355
4114.380384593703	4094.5068879551927	2.607549871075161	0.004216856202690992	2.8419057307044207
4114.380384593703	4094.5068879551927	3.226139523609106	0.0040657782659671215	2.2530845346909207
4114.380384593703	4094.5068879551927	3.6734911664762	0.003956521729073004	2.1933504598186113
4114.380384593703	4094.5068879551927	1.8174773066070635	0.004409815351640589	1.8592678924427386
4114.380384593703	4094.5068879551927	4.734505673171569	0.003697390523355277	2.314890666167094
4114.380384593703	4094.5068879551927	3.9861154085327666	0.0038801696186451986	1.8224964214388668
