0.9119887519591071
0.7290702009566927
0.9638242539721282
0.7466315880389847
0.8145752945662456
0.6242203198106973
0.5028659419513672
0.6932548116537642
0.7656067687286946
0.920136652364738
1.0351133299576825
0.9041170307293398
0.6495503616422317
1.093445038269998
0.5495406226748328
0.409029043971461
0.8450979073382504
0.7399754117125199
0.7716734292183064
0.7725407546218056
0.8279601731061295
0.6561389606470808
0.7191514818243601
0.7946795950345755
0.5439749223162658
0.8306707525479953
0.706116732570425
0.48839883342961876
0.4606723785799476
0.8933799530125659
0.852381381787921
0.9583405964127497
0.9160427526625292
0.7533323158415144
0.7864205176567542
0.5054370689080899
0.9792457096182585
0.8667042456748048
0.5081089818363376
0.9100765328368957
0.8624500454581142
1.1076110523591325
0.8210696601061811
0.7737184911383028
0.8175916635210196
0.7101217410139553
0.8773661767394381
0.6321585524715071
0.7415122046059427
0.6936405525749071
0.8018680569176253
0.8461520909213127
0.7217461362976891
0.2907329826325508
0.8482364306108541
0.922672139083844
1.0512903645751144
0.6675961980081956
0.9715866232002011
0.6430072218043396
0.8155738651280839
0.9594430762712575
0.618419534860113
0.7755753527479345
0.8156125759561198
1.01270004643921
0.38524013655555295
0.8742552730410039
0.99196676970811
1.0472397986645314
0.8375300772934657
0.6766158939126323
1.06181863658642
0.7001752109482804
0.6355967537467421
0.63136210267519
0.6430990408386767
0.6442091261802483
0.9256038361286854
0.725105077476505
0.9343518785276725
0.7304903010189927
1.0880678068519005
0.8591092877009934
0.9996910317265638
0.954898491194386
0.9099948851893389
0.9251601699528802
1.0587981085447533
0.5003084382857103
0.6428102370072281
0.924779325299669
0.6145121503835019
0.8194062624642925
0.8254945269590258
0.7722048445038437
0.6761192835276649
0.8416725447471122
0.5033098159359313
0.7013648938776659
