0.0	0.25	-0.5845278408846317
0.0	0.25	-0.6311769001029387
0.0	0.25	0.44042802940891496
0.0	0.25	-1.2030472175246778
0.0	0.25	0.9469101700173734
0.0	0.25	0.696468015472799
0.0	0.25	1.7492455699669511
0.0	0.25	1.5909666334455812
0.0	0.25	1.0954341181206007
0.0	0.25	0.6047869467291089
0.0	0.25	0.4435663277051627
0.0	0.25	1.0025237185941622
0.0	0.25	0.19813441568335946
0.0	0.25	1.158999314647749
0.0	0.25	-0.4346929371353882
0.0	0.25	0.6264486651525238
0.0	0.25	0.7506288832209067
0.0	0.25	0.8297947312892189
0.0	0.25	-0.29860085931992436
0.0	0.25	1.076823487907974
0.0	0.25	0.4500531743323218
0.0	0.25	0.132592190318336
0.0	0.25	0.06142508429521126
0.0	0.25	-3.80444576023087
0.0	0.25	0.8634652490561897
0.0	0.25	1.0045980380575388
0.0	0.25	1.0300379728012714
0.0	0.25	1.1751272453262094
0.0	0.25	0.881608363869424
0.0	0.25	0.49565870734755485
0.0	0.25	0.6493057821245412
0.0	0.25	0.43636325890450894
0.0	0.25	0.8448266970092664
0.0	0.25	-0.779771676071077
0.0	0.25	-1.4163288187917724
0.0	0.25	-2.1771637289495707
0.0	0.25	0.022345857603309875
0.0	0.25	0.09798752320883872
0.0	0.25	1.067061266623923
0.0	0.25	0.4387068482597071
0.0	0.25	0.7878714550388297
0.0	0.25	0.5561930947861088
0.0	0.25	1.3262494171024952
0.0	0.25	1.5978018248872987
0.0	0.25	0.9089445474696025
0.0	0.25	1.5296810880199692
0.0	0.25	0.01961089701464818
0.0	0.25	-1.1415861066600677
0.0	0.25	1.3938077099028228
0.0	0.25	0.8351789790311006
0.0	0.25	-0.872758066216265
0.0	0.25	0.7497577205674537
0.0	0.25	1.4686177182579911
0.0	0.25	0.2931350718084094
0.0	0.25	0.610136389816323
0.0	0.25	-0.029083906842271516
0.0	0.25	-0.5791506704985023
0.0	0.25	1.0521291975760714
0.0	0.25	0.2073352557171454
0.0	0.25	0.37554700824181325
0.0	0.25	0.5766493539998915
0.0	0.25	-0.2081015674461887
0.0	0.25	-0.690222062647519
0.0	0.25	0.20758888863311048
0.0	0.25	-0.5439218781818522
0.0	0.25	0.8674267197370211
0.0	0.25	1.9983830037244974
0.0	0.25	1.228014541088928
0.0	0.25	-0.5191126896142594
0.0	0.25	-0.15433224139622853
0.0	0.25	0.3388325787771231
0.0	0.25	0.9646695061637426
0.0	0.25	0.5305893644810932
0.0	0.25	0.255326222759383
0.0	0.25	-0.6962106028941084
0.0	0.25	0.9989523184571945
0.0	0.25	0.6055839039149616
0.0	0.25	1.6438632985343797
0.0	0.25	-0.43161789755218966
0.0	0.25	0.5999052457463006
0.0	0.25	-2.5512717532114872
0.0	0.25	1.3127066181027585
0.0	0.25	1.0727694760837094
0.0	0.25	1.2844214668390055
0.0	0.25	-0.3370804860136398
0.0	0.25	1.3307332288025806
0.0	0.25	-0.20800150384474742
0.0	0.25	0.37548580376440965
0.0	0.25	0.3185592633724034
0.0	0.25	0.9019153493864207
0.0	0.25	0.24559490683695503
0.0	0.25	1.654430925223493
0.0	0.25	1.5862532252182744
0.0	0.25	1.5360516442842236
0.0	0.25	-0.08891214903639295
0.0	0.25	-2.226201444503658
0.0	0.25	0.3479538549046828
0.0	0.25	0.07853467478530402
0.0	0.25	0.4583829125724279
0.0	0.25	0.886378888248962
0.0	0.5	2.124940729778223
0.0	0.5	1.4134710305242286
0.0	0.5	1.3908817873255963
0.0	0.5	1.966448742652778
0.0	0.5	1.3145523517297777
0.0	0.5	2.021767243162435
0.0	0.5	1.7314219845228687
0.0	0.5	1.1486273484123628
0.0	0.5	1.53004710653872
0.0	0.5	2.216834365341079
0.0	0.5	2.270249508472438
0.0	0.5	2.334953442913819
0.0	0.5	2.4006711492547366
0.0	0.5	1.025455526064733
0.0	0.5	1.6870471508370664
0.0	0.5	0.8782196561889285
0.0	0.5	2.395860108911434
0.0	0.5	2.1266578825254836
0.0	0.5	2.458400974702585
0.0	0.5	2.0475191601576097
0.0	0.5	1.5689554134408576
0.0	0.5	2.119865149873859
0.0	0.5	0.4285448284406379
0.0	0.5	2.0894181014617765
0.0	0.5	1.8799497656616613
0.0	0.5	2.163720965857954
0.0	0.5	1.8740064451434872
0.0	0.5	2.524756656197216
0.0	0.5	1.8285532763094023
0.0	0.5	1.1142374033322375
0.0	0.5	2.122058844672295
0.0	0.5	2.1078040843655352
0.0	0.5	1.1137468352161293
0.0	0.5	2.0446244966959446
0.0	0.5	2.1267557772770087
0.0	0.5	2.1182221221751134
0.0	0.5	1.3454648182702436
0.0	0.5	2.0229445384586873
0.0	0.5	2.1281997850438894
0.0	0.5	1.9104535525196935
0.0	0.5	1.335658150530466
0.0	0.5	1.1811053670193212
0.0	0.5	1.8082510399189387
0.0	0.5	1.7234415177954014
0.0	0.5	1.312783652778721
0.0	0.5	2.0165633168276793
0.0	0.5	1.8532815243286975
0.0	0.5	1.6443936466547646
0.0	0.5	2.012437128635963
0.0	0.5	2.1473240049185547
0.0	0.5	2.5384443761313324
0.0	0.5	1.3142324820325304
0.0	0.5	2.1219047077383624
0.0	0.5	1.122787203539596
0.0	0.5	1.5617417394609838
0.0	0.5	1.3524007143193273
0.0	0.5	1.4915381165950414
0.0	0.5	1.6510000852645357
0.0	0.5	1.7482787634421568
0.0	0.5	2.289984800923764
0.0	0.5	0.9222310029044994
0.0	0.5	2.0190956434630136
0.0	0.5	2.2145709787141814
0.0	0.5	2.359111099227236
0.0	0.5	1.8127055650435262
0.0	0.5	1.7803340191266392
0.0	0.5	1.719649421283816
0.0	0.5	2.164705879535908
0.0	0.5	1.826028972364354
0.0	0.5	2.0836948900047902
0.0	0.5	0.8346985927946875
0.0	0.5	2.131271086303091
0.0	0.5	2.365353819964059
0.0	0.5	2.35058187731127
0.0	0.5	1.913764499120434
0.0	0.5	2.29504171812958
0.0	0.5	2.049941491675896
0.0	0.5	1.8513511832080574
0.0	0.5	1.5325964063936381
0.0	0.5	2.0162120021424443
0.0	0.5	1.8051634397505738
0.0	0.5	2.5313398321969225
0.0	0.5	2.3369652207910936
0.0	0.5	1.7216450103821332
0.0	0.5	1.2875663146418572
0.0	0.5	1.467475988940082
0.0	0.5	2.3021510953764555
0.0	0.5	2.0935276499727102
0.0	0.5	1.7122149248039567
0.0	0.5	2.255768742358897
0.0	0.5	2.0295405715317214
0.0	0.5	2.146675343624864
0.0	0.5	1.5974362507878923
0.0	0.5	2.3775884692892597
0.0	0.5	2.2299799975359633
0.0	0.5	1.2990159482783388
0.0	0.5	1.9849521631381293
0.0	0.5	2.0314519878881496
0.0	0.5	1.4848213168641864
0.0	0.75	3.8581257870943095
0.0	0.75	2.848356776057304
0.0	0.75	3.1667462890498865
0.0	0.75	3.3500621657228566
0.0	0.75	3.124246737572729
0.0	0.75	2.9321187873004213
0.0	0.75	3.8923384527064906
0.0	0.75	3.0348350151135834
0.0	0.75	3.602846529033519
0.0	0.75	3.1349572681649254
0.0	0.75	3.3616090868105175
0.0	0.75	3.533701171065098
0.0	0.75	3.3438267488431683
0.0	0.75	3.4301852003530287
0.0	0.75	3.464224303296847
0.0	0.75	2.9415176805191336
0.0	0.75	3.1472956031511927
0.0	0.75	3.1925997899777934
0.0	0.75	3.732620231253848
0.0	0.75	3.3946652507043766
0.0	0.75	3.249375650134114
0.0	0.75	3.2419340271694392
0.0	0.75	3.3147225197549783
0.0	0.75	3.1840137099922687
0.0	0.75	3.410340185889173
0.0	0.75	2.291251257628694
0.0	0.75	3.350801085627922
0.0	0.75	3.144994941869182
0.0	0.75	2.688416676466178
0.0	0.75	3.471970048909398
0.0	0.75	3.5234013546623477
0.0	0.75	3.5549377971938654
0.0	0.75	3.984878827285947
0.0	0.75	3.2773036735495245
0.0	0.75	3.2977422196100434
0.0	0.75	3.8339520314092796
0.0	0.75	3.7631724154307813
0.0	0.75	3.129502816027765
0.0	0.75	3.2705447016190066
0.0	0.75	3.868660300987915
0.0	0.75	3.6437445974574727
0.0	0.75	3.1615783598058633
0.0	0.75	3.4983641867421036
0.0	0.75	3.8444578623730874
0.0	0.75	3.60262440803343
0.0	0.75	2.9451270969242587
0.0	0.75	3.3067354106025935
0.0	0.75	3.316064369685143
0.0	0.75	3.331427555600752
0.0	0.75	2.696786043616668
0.0	0.75	3.4965080942886897
0.0	0.75	3.2946443679440014
0.0	0.75	4.27893330882526
0.0	0.75	2.8289638809783577
0.0	0.75	3.502140868413481
0.0	0.75	3.524154949557314
0.0	0.75	4.20490602271835
0.0	0.75	3.823041117029273
0.0	0.75	2.9614150000612054
0.0	0.75	2.66976031428234
0.0	0.75	3.3752769555398423
0.0	0.75	2.6621626328509644
0.0	0.75	3.454385057349581
0.0	0.75	3.9315208958045913
0.0	0.75	3.6826787062658344
0.0	0.75	3.147512561757611
0.0	0.75	3.697947437177518
0.0	0.75	3.770547775504426
0.0	0.75	3.2641853252972557
0.0	0.75	3.791802215146391
0.0	0.75	3.0352223958102855
0.0	0.75	3.619186203030846
0.0	0.75	3.1733919800923154
0.0	0.75	2.959526125184682
0.0	0.75	3.3720857927819865
0.0	0.75	3.316077899110316
0.0	0.75	2.7447410631486644
0.0	0.75	3.330222015632493
0.0	0.75	3.360568884234283
0.0	0.75	3.4373814989031364
0.0	0.75	2.9365608471419886
0.0	0.75	3.4069743973494346
0.0	0.75	3.8741450183283574
0.0	0.75	3.881286512153461
0.0	0.75	2.7318163258910007
0.0	0.75	2.9517177793931406
0.0	0.75	3.116472037890595
0.0	0.75	3.796665158171073
0.0	0.75	3.456172955624691
0.0	0.75	3.685844898942321
0.0	0.75	3.375337132899254
0.0	0.75	3.0153953412518697
0.0	0.75	3.296957406324721
0.0	0.75	3.5965400148441153
0.0	0.75	3.3628803541534955
0.0	0.75	3.2007463681548396
0.0	0.75	3.7351696134592594
0.0	0.75	3.4876159185459845
0.0	0.75	3.7120305881240565
0.0	0.75	3.7090587579746037
0.0	0.87	3.8459122486168913
0.0	0.87	4.190985037629699
0.0	0.87	4.54980681013993
0.0	0.87	3.663257899831492
0.0	0.87	4.139470928301247
0.0	0.87	4.095256827405095
0.0	0.87	4.126817017509308
0.0	0.87	3.834378396843735
0.0	0.87	4.295306318081912
0.0	0.87	4.04255844548208
0.0	0.87	4.072907412942298
0.0	0.87	3.6693965072473955
0.0	0.87	4.038594378981205
0.0	0.87	4.204126484086759
0.0	0.87	4.548724208944592
0.0	0.87	4.154072159238752
0.0	0.87	3.394220884155116
0.0	0.87	4.136091314616502
0.0	0.87	3.6274495406284797
0.0	0.87	3.5336784081436043
0.0	0.87	3.531316770270615
0.0	0.87	4.527396042639236
0.0	0.87	3.930913931544601
0.0	0.87	3.750186059702401
0.0	0.87	4.194030507977613
0.0	0.87	3.5830668443789913
0.0	0.87	4.120943691910548
0.0	0.87	4.014309880312097
0.0	0.87	3.9042400992631254
0.0	0.87	3.5860228871988586
0.0	0.87	3.940299029917933
0.0	0.87	4.118334441852525
0.0	0.87	4.168207087068681
0.0	0.87	3.8907659988182823
0.0	0.87	4.685959681973591
0.0	0.87	4.171024599787184
0.0	0.87	4.81213715998721
0.0	0.87	3.8215079431478673
0.0	0.87	3.931925148400086
0.0	0.87	3.7446889803943466
0.0	0.87	3.962923277539079
0.0	0.87	4.342797042207566
0.0	0.87	4.143569863593028
0.0	0.87	3.9967762381491494
0.0	0.87	4.090973306809053
0.0	0.87	3.6586737847131974
0.0	0.87	3.4902933841906876
0.0	0.87	3.0746316759972925
0.0	0.87	3.843938047180046
0.0	0.87	4.174170193559095
0.0	0.87	3.2286005992622497
0.0	0.87	4.522989097207154
0.0	0.87	3.9065199062002227
0.0	0.87	4.2625137171724425
0.0	0.87	4.149737426321819
0.0	0.87	3.9869642053968057
0.0	0.87	4.034105445034441
0.0	0.87	3.751314361623469
0.0	0.87	4.556179050049591
0.0	0.87	4.0688962975462175
0.0	0.87	4.03629098362006
0.0	0.87	4.1088030732322345
0.0	0.87	4.228897060279699
0.0	0.87	4.465324800805755
0.0	0.87	3.774366192527319
0.0	0.87	3.714352917206773
0.0	0.87	3.350879359142562
0.0	0.87	3.5542777704958364
0.0	0.87	3.6232063773362224
0.0	0.87	4.000506218925498
0.0	0.87	4.436964791849261
0.0	0.87	3.899202188732003
0.0	0.87	3.9913333428110858
0.0	0.87	4.283586342106625
0.0	0.87	3.8698355718948365
0.0	0.87	4.553042363163322
0.0	0.87	4.200576340135541
0.0	0.87	3.8122681442445234
0.0	0.87	3.8950653227260426
0.0	0.87	3.6011624588411704
0.0	0.87	4.25338729588871
0.0	0.87	4.006243616606788
0.0	0.87	4.390254928254918
0.0	0.87	3.3758677891730304
0.0	0.87	4.188503406159814
0.0	0.87	4.143466365009027
0.0	0.87	3.9249527363149075
0.0	0.87	4.149840210019223
0.0	0.87	3.953559714203551
0.0	0.87	4.053892898115903
0.0	0.87	4.26479905549165
0.0	0.87	3.8120247263493496
0.0	0.87	3.7583240279866894
0.0	0.87	3.934621532290136
0.0	0.87	3.9626897449474527
0.0	0.87	4.3788110573677805
0.0	0.87	4.316126226627825
0.0	0.87	3.722579445828334
0.0	0.87	3.9593228189311875
0.0	1.0	5.086527646864985
0.0	1.0	4.52594430053832
0.0	1.0	4.929282255472803
0.0	1.0	4.594436385836897
0.0	1.0	4.788083186900662
0.0	1.0	4.627444292188173
0.0	1.0	5.5342729702081
0.0	1.0	4.272758052349674
0.0	1.0	5.164382642724266
0.0	1.0	4.811586528710952
0.0	1.0	4.825717722402486
0.0	1.0	4.987556718008499
0.0	1.0	5.505446521970539
0.0	1.0	4.459560501794012
0.0	1.0	4.935251838020888
0.0	1.0	4.672720754342537
0.0	1.0	5.1254712608232476
0.0	1.0	4.888789239674445
0.0	1.0	4.565088242320845
0.0	1.0	4.190763084639209
0.0	1.0	5.029561883183593
0.0	1.0	5.086496247575146
0.0	1.0	4.973175413272205
0.0	1.0	4.227419358074537
0.0	1.0	4.828752294131624
0.0	1.0	5.2306810645176505
0.0	1.0	5.09657271517168
0.0	1.0	4.87789780436866
0.0	1.0	4.763522499615903
0.0	1.0	4.723334712375203
0.0	1.0	4.433911843409035
0.0	1.0	4.45860611540387
0.0	1.0	4.726935144223442
0.0	1.0	4.546963067438662
0.0	1.0	4.5769883305476675
0.0	1.0	4.5071649804694776
0.0	1.0	4.695794181081517
0.0	1.0	4.414871346361581
0.0	1.0	4.87271486389042
0.0	1.0	5.425340683593087
0.0	1.0	5.056207510421044
0.0	1.0	4.49480848867178
0.0	1.0	4.461258729391432
0.0	1.0	4.693442987179908
0.0	1.0	3.862691745284052
0.0	1.0	4.472912441512744
0.0	1.0	5.127255361543649
0.0	1.0	4.489530630221981
0.0	1.0	4.692685716297024
0.0	1.0	5.129319489791537
0.0	1.0	5.311930151992491
0.0	1.0	4.726679912805225
0.0	1.0	5.322146729169437
0.0	1.0	4.377793045107646
0.0	1.0	4.860925383438502
0.0	1.0	4.754020914287897
0.0	1.0	5.258749382973112
0.0	1.0	4.0360259197376855
0.0	1.0	4.4625220509001275
0.0	1.0	4.95058121260152
0.0	1.0	4.884819874349832
0.0	1.0	4.794733842775876
0.0	1.0	4.810249912176905
0.0	1.0	4.9377072060250216
0.0	1.0	4.631017062910485
0.0	1.0	4.971311561010716
0.0	1.0	4.314684999005566
0.0	1.0	4.489892297881592
0.0	1.0	4.7411474857717995
0.0	1.0	4.43443468872044
0.0	1.0	4.088076554411507
0.0	1.0	4.129256522064228
0.0	1.0	4.496664837494702
0.0	1.0	4.712275139052388
0.0	1.0	4.195387386227869
0.0	1.0	4.962430234783155
0.0	1.0	5.053638364952337
0.0	1.0	4.933910051586994
0.0	1.0	5.294086280422724
0.0	1.0	4.401056984294059
0.0	1.0	4.29322325943674
0.0	1.0	5.387142372740368
0.0	1.0	4.516287827598032
0.0	1.0	4.7882658739903885
0.0	1.0	4.951038963691765
0.0	1.0	5.097948044040225
0.0	1.0	5.176867387939678
0.0	1.0	4.553081674708943
0.0	1.0	4.718458563034515
0.0	1.0	5.388942178638635
0.0	1.0	5.1908963019269825
0.0	1.0	4.618905577747789
0.0	1.0	4.9661237048709275
0.0	1.0	4.81013000223783
0.0	1.0	5.396713825860185
0.0	1.0	4.856800622976839
0.0	1.0	4.75619098801334
0.0	1.0	4.648918363750677
0.0	1.0	4.599960758471383
0.0	1.0	5.176692533613582
0.0	2.0	11.296749329773498
0.0	2.0	11.162044253228066
0.0	2.0	11.274657735824906
0.0	2.0	10.941267391532795
0.0	2.0	11.678344480927263
0.0	2.0	11.526582704287195
0.0	2.0	11.480515394137347
0.0	2.0	11.512916769102105
0.0	2.0	11.291461732717375
0.0	2.0	11.714637760906173
0.0	2.0	11.460114471322399
0.0	2.0	11.321015009447686
0.0	2.0	11.544393274198768
0.0	2.0	11.753674125503457
0.0	2.0	11.163818206876089
0.0	2.0	11.1442947269443
0.0	2.0	11.079929886759869
0.0	2.0	11.221410903713362
0.0	2.0	11.609271519898053
0.0	2.0	11.118990650765438
0.0	2.0	10.719339947276179
0.0	2.0	11.486083832324839
0.0	2.0	10.785971810147029
0.0	2.0	11.745213682298965
0.0	2.0	11.558509494903056
0.0	2.0	11.172656604904251
0.0	2.0	10.73491776500318
0.0	2.0	10.50248457770917
0.0	2.0	11.863406241019229
0.0	2.0	11.336290361047407
0.0	2.0	10.976780151561728
0.0	2.0	11.49140030412149
0.0	2.0	10.927833821345416
0.0	2.0	11.302207205373845
0.0	2.0	11.548087677087567
0.0	2.0	11.303161533773352
0.0	2.0	11.424018336628238
0.0	2.0	11.278434383755586
0.0	2.0	11.49798082779743
0.0	2.0	11.446839290353438
0.0	2.0	10.855237138735898
0.0	2.0	11.43036899554315
0.0	2.0	10.956405369464425
0.0	2.0	11.884836956378262
0.0	2.0	11.095456145158526
0.0	2.0	11.246514908886983
0.0	2.0	11.305706973819905
0.0	2.0	11.184356838530014
0.0	2.0	10.793595622105105
0.0	2.0	11.013719265097063
0.0	2.0	11.265627870855488
0.0	2.0	10.768272600928167
0.0	2.0	11.148319334758343
0.0	2.0	11.43132262453476
0.0	2.0	11.51257894180099
0.0	2.0	11.030769249697867
0.0	2.0	11.58912569254217
0.0	2.0	10.944791747970065
0.0	2.0	11.654904529852788
0.0	2.0	11.68496955990362
0.0	2.0	11.271879062088354
0.0	2.0	11.433432672508715
0.0	2.0	10.985480625595764
0.0	2.0	11.36730593957739
0.0	2.0	10.714880379144898
0.0	2.0	11.20230412274116
0.0	2.0	11.290588637146186
0.0	2.0	10.95653960694022
0.0	2.0	11.14579807584772
0.0	2.0	11.255703061073751
0.0	2.0	11.413028042025688
0.0	2.0	11.694852118556561
0.0	2.0	10.898769019139044
0.0	2.0	11.293745907054516
0.0	2.0	11.101230265013665
0.0	2.0	11.49564059482333
0.0	2.0	11.61654915075417
0.0	2.0	11.7963407871778
0.0	2.0	11.312824176536575
0.0	2.0	10.945769829139442
0.0	2.0	11.33587950467403
0.0	2.0	11.07896344170495
0.0	2.0	11.11118538361955
0.0	2.0	10.724966693414343
0.0	2.0	11.4630904884068
0.0	2.0	11.55413258794092
0.0	2.0	10.523903354025677
0.0	2.0	11.504056134795025
0.0	2.0	11.937420875836587
0.0	2.0	11.13815617487417
0.0	2.0	11.46556046190174
0.0	2.0	10.907618742745502
0.0	2.0	11.628815914885413
0.0	2.0	11.031003689845846
0.0	2.0	11.259822396978691
0.0	2.0	11.297390617663707
0.0	2.0	11.155713645800557
0.0	2.0	10.677624319488777
0.0	2.0	11.592874344008408
0.0	2.0	10.817546516355982
0.0	1.2	5.985037271726305
0.0	1.2	6.180514540476918
0.0	1.2	6.503964646050696
0.0	1.2	6.449747643845988
0.0	1.2	5.84800720223172
0.0	1.2	6.081274461112488
0.0	1.2	6.178227465939636
0.0	1.2	5.897506996581097
0.0	1.2	5.900793229898084
0.0	1.2	5.5647898496504995
0.0	1.2	6.2415244679026705
0.0	1.2	5.580130659354902
0.0	1.2	5.633085000690806
0.0	1.2	6.373492874865608
0.0	1.2	6.569303290178146
0.0	1.2	6.539719563294135
0.0	1.2	6.6879347412261305
0.0	1.2	5.71812283591677
0.0	1.2	5.587103069390062
0.0	1.2	6.059064911939872
0.0	1.2	6.70396051695148
0.0	1.2	5.525014841442202
0.0	1.2	5.987345644484697
0.0	1.2	5.735474474962716
0.0	1.2	6.156797980201278
0.0	1.2	6.179181500797716
0.0	1.2	5.901263099455771
0.0	1.2	6.709495390498568
0.0	1.2	6.478999962567395
0.0	1.2	6.37661724990219
0.0	1.2	6.7152520548072125
0.0	1.2	5.824290374921066
0.0	1.2	5.081541671313323
0.0	1.2	6.441318184464489
0.0	1.2	6.283741306068863
0.0	1.2	6.445643835545432
0.0	1.2	5.909559371071812
0.0	1.2	6.487048813618377
0.0	1.2	5.932489338309291
0.0	1.2	5.408685130721662
0.0	1.2	5.766163799010678
0.0	1.2	6.140707795070731
0.0	1.2	6.032717411129603
0.0	1.2	6.3697944663728485
0.0	1.2	6.017033318648052
0.0	1.2	6.1504513101693865
0.0	1.2	6.455723085708216
0.0	1.2	5.954801286298583
0.0	1.2	6.137842396143987
0.0	1.2	6.049886084278532
0.0	1.2	5.564441101941001
0.0	1.2	6.538248105021746
0.0	1.2	5.713440340953947
0.0	1.2	6.55454876347232
0.0	1.2	6.359612407298452
0.0	1.2	6.083348118033728
0.0	1.2	6.186207373688029
0.0	1.2	6.148084659273654
0.0	1.2	6.492473825507436
0.0	1.2	5.876945711659593
0.0	1.2	6.015243572294577
0.0	1.2	6.096648692413952
0.0	1.2	6.219905203950034
0.0	1.2	6.228698506023488
0.0	1.2	5.927544304576862
0.0	1.2	6.306273008721151
0.0	1.2	6.484068215932357
0.0	1.2	5.8262515451626475
0.0	1.2	5.3945257980357555
0.0	1.2	6.075063922809035
0.0	1.2	5.971455727013889
0.0	1.2	6.759460849409538
0.0	1.2	5.733753912110171
0.0	1.2	6.23128447361779
0.0	1.2	5.85971723843803
0.0	1.2	5.966729472086845
0.0	1.2	6.314284360045907
0.0	1.2	6.235782745840002
0.0	1.2	5.879667425931359
0.0	1.2	6.979284809497896
0.0	1.2	6.41355360720077
0.0	1.2	5.767168795159475
0.0	1.2	5.83513870130542
0.0	1.2	6.298721150079188
0.0	1.2	6.121256703150085
0.0	1.2	6.045016545226265
0.0	1.2	5.586063177089262
0.0	1.2	6.498672911565782
0.0	1.2	6.303455941675007
0.0	1.2	6.089236618534632
0.0	1.2	6.288220259154539
0.0	1.2	5.901981426932231
0.0	1.2	6.092882185585964
0.0	1.2	6.520763605497795
0.0	1.2	6.306640640873174
0.0	1.2	6.648543935012876
0.0	1.2	5.825998079882177
0.0	1.2	6.293470320699348
0.0	1.2	6.1863434795655134
0.0	1.2	5.9003727213452
0.0	1.4	6.527182116398391
0.0	1.4	6.704427101429522
0.0	1.4	6.889665952520295
0.0	1.4	6.783481658296014
0.0	1.4	6.911894939626873
0.0	1.4	7.736356085423905
0.0	1.4	7.083385162092641
0.0	1.4	7.862524119152995
0.0	1.4	6.714017233631209
0.0	1.4	6.455322690854781
0.0	1.4	6.766360835732631
0.0	1.4	7.553045937670338
0.0	1.4	7.1374635415689145
0.0	1.4	7.3350769536962455
0.0	1.4	7.015890212740559
0.0	1.4	6.131114608302966
0.0	1.4	7.321927258768939
0.0	1.4	7.3772898952771575
0.0	1.4	7.639428897614749
0.0	1.4	7.719718250882093
0.0	1.4	6.739072818471049
0.0	1.4	6.835539470981253
0.0	1.4	7.013024667009385
0.0	1.4	7.363277628248312
0.0	1.4	6.9412774037291705
0.0	1.4	6.918022551656732
0.0	1.4	7.184177452713046
0.0	1.4	7.118531952504476
0.0	1.4	7.09092299121059
0.0	1.4	6.692748176802978
0.0	1.4	7.171684284326919
0.0	1.4	7.0292160617471335
0.0	1.4	6.720934812918635
0.0	1.4	7.309665641010512
0.0	1.4	7.3914150047200815
0.0	1.4	7.186105056551789
0.0	1.4	7.328279231716327
0.0	1.4	7.527274098889371
0.0	1.4	6.682157096125858
0.0	1.4	7.037024199774985
0.0	1.4	6.831777378092691
0.0	1.4	6.887558036993224
0.0	1.4	6.9110114188956615
0.0	1.4	7.350432268718282
0.0	1.4	6.69669354694465
0.0	1.4	7.048129665119397
0.0	1.4	7.605314160305765
0.0	1.4	7.190036167717643
0.0	1.4	6.994502288433617
0.0	1.4	7.242904589098665
0.0	1.4	7.004890813862358
0.0	1.4	6.700194804130932
0.0	1.4	7.062427293679525
0.0	1.4	7.06230713599299
0.0	1.4	6.942063914109744
0.0	1.4	6.77648645592213
0.0	1.4	6.878570866127884
0.0	1.4	6.658487178144338
0.0	1.4	7.173380101459721
0.0	1.4	7.373260070842634
0.0	1.4	7.012861371973405
0.0	1.4	7.441708417990365
0.0	1.4	7.475137556543131
0.0	1.4	7.663383312744104
0.0	1.4	7.390250015402307
0.0	1.4	7.468968907680221
0.0	1.4	7.212657794567763
0.0	1.4	7.107003810475589
0.0	1.4	7.051292347353822
0.0	1.4	7.3009020870471835
0.0	1.4	7.459558051675905
0.0	1.4	6.4815484226275
0.0	1.4	7.324288191837789
0.0	1.4	6.695669751049267
0.0	1.4	6.878472632592623
0.0	1.4	7.263414248221493
0.0	1.4	6.644325388197956
0.0	1.4	6.3739473482481515
0.0	1.4	7.207523313399324
0.0	1.4	7.209357290463488
0.0	1.4	6.958846273242306
0.0	1.4	7.136226141165166
0.0	1.4	7.409118586631902
0.0	1.4	7.191188568975376
0.0	1.4	7.189050317256619
0.0	1.4	7.713253350736727
0.0	1.4	6.8980221034368645
0.0	1.4	6.553813465244165
0.0	1.4	6.603264873013766
0.0	1.4	7.450950683799984
0.0	1.4	7.2328631300243105
0.0	1.4	6.836545583529427
0.0	1.4	7.469752816744707
0.0	1.4	6.6230480125824025
0.0	1.4	7.463967726433117
0.0	1.4	6.927305951250557
0.0	1.4	7.593432708959708
0.0	1.4	7.290865109558698
0.0	1.4	7.405473838996704
0.0	1.4	6.612355279880832
0.0	1.6	8.653046386872088
0.0	1.6	7.9943316985648325
0.0	1.6	8.62660218820082
0.0	1.6	8.761491793250526
0.0	1.6	8.416919775579085
0.0	1.6	8.65331920252449
0.0	1.6	8.59351377908912
0.0	1.6	8.246907595855507
0.0	1.6	8.323856479777232
0.0	1.6	8.385565143644653
0.0	1.6	8.674331725474628
0.0	1.6	7.819617819037793
0.0	1.6	8.906915025301275
0.0	1.6	8.991354804689285
0.0	1.6	8.541286202683194
0.0	1.6	8.516904833660792
0.0	1.6	8.593824306019526
0.0	1.6	8.221557811319615
0.0	1.6	8.862923081554316
0.0	1.6	8.641834590558044
0.0	1.6	8.553662953200028
0.0	1.6	9.028035034934756
0.0	1.6	8.965195528087058
0.0	1.6	9.17346506525819
0.0	1.6	8.684259875298935
0.0	1.6	9.047848121045604
0.0	1.6	8.342373477701313
0.0	1.6	8.738032177970053
0.0	1.6	8.72633757292216
0.0	1.6	7.966564765137446
0.0	1.6	8.65977265063933
0.0	1.6	8.20704128447544
0.0	1.6	8.372162714511099
0.0	1.6	8.87236235536343
0.0	1.6	8.383694514157972
0.0	1.6	8.23356895808137
0.0	1.6	8.373105502757095
0.0	1.6	8.660897386478275
0.0	1.6	8.63908098373204
0.0	1.6	8.151970535764303
0.0	1.6	8.66146276782737
0.0	1.6	8.11875584724816
0.0	1.6	8.170380213833683
0.0	1.6	9.037792617019466
0.0	1.6	8.599945993222336
0.0	1.6	8.648269874573629
0.0	1.6	8.508226387012924
0.0	1.6	8.48379365961391
0.0	1.6	9.054950087650997
0.0	1.6	8.603868384767763
0.0	1.6	8.877498521475673
0.0	1.6	9.14366158218206
0.0	1.6	8.719212899256274
0.0	1.6	7.921229807546269
0.0	1.6	7.806607767338915
0.0	1.6	8.782517805923373
0.0	1.6	9.054287316986285
0.0	1.6	8.69952195607446
0.0	1.6	8.889562147103765
0.0	1.6	8.241605196922919
0.0	1.6	7.882821955917419
0.0	1.6	8.490174581510777
0.0	1.6	8.733568850182932
0.0	1.6	8.825754276200977
0.0	1.6	8.741385239857744
0.0	1.6	8.340350120449378
0.0	1.6	8.781323409981697
0.0	1.6	8.365571020407144
0.0	1.6	8.635673884442927
0.0	1.6	8.64391458768394
0.0	1.6	8.543108990020558
0.0	1.6	8.518862128153401
0.0	1.6	8.291978085374904
0.0	1.6	8.951759661321315
0.0	1.6	8.303147273118238
0.0	1.6	8.1746836733833
0.0	1.6	8.77912523975386
0.0	1.6	8.403404075854047
0.0	1.6	8.989434074407553
0.0	1.6	8.44772414578371
0.0	1.6	8.546963982678415
0.0	1.6	8.445343985543818
0.0	1.6	8.656215330007903
0.0	1.6	8.991250098146303
0.0	1.6	8.52919062345613
0.0	1.6	9.098028006385775
0.0	1.6	8.577180083173827
0.0	1.6	8.722675026388279
0.0	1.6	9.036391076943586
0.0	1.6	8.682461560952746
0.0	1.6	9.245952282712528
0.0	1.6	8.783837641060504
0.0	1.6	8.408484850035114
0.0	1.6	8.788903789693146
0.0	1.6	9.43699368108048
0.0	1.6	8.57113459242564
0.0	1.6	8.764137706929175
0.0	1.6	8.929232931003831
0.0	1.6	8.372472692879995
0.0	1.6	8.729595629109212
0.0	-1.0	5.473495076577987
0.0	-1.0	4.394626816442005
0.0	-1.0	5.174264759246866
0.0	-1.0	4.978807744991396
0.0	-1.0	4.6874202009767565
0.0	-1.0	4.312245063765924
0.0	-1.0	4.789732723543337
0.0	-1.0	4.762056041243549
0.0	-1.0	5.253952950581686
0.0	-1.0	4.989559204459386
0.0	-1.0	4.254197489383059
0.0	-1.0	4.719111768215696
0.0	-1.0	4.205684837871615
0.0	-1.0	5.237612092742933
0.0	-1.0	5.3111810767848615
0.0	-1.0	4.918654027864129
0.0	-1.0	4.821131493270599
0.0	-1.0	5.113825742007327
0.0	-1.0	4.558435668698915
0.0	-1.0	4.599037548407722
0.0	-1.0	5.0604552455041
0.0	-1.0	5.056654433407603
0.0	-1.0	4.298222319368399
0.0	-1.0	4.382601991984629
0.0	-1.0	4.980047176926152
0.0	-1.0	4.65158953169662
0.0	-1.0	3.9712514761980438
0.0	-1.0	4.4616674931988
0.0	-1.0	4.62147337079554
0.0	-1.0	5.486996921282232
0.0	-1.0	5.007406535720414
0.0	-1.0	4.374323263057918
0.0	-1.0	4.558129806110672
0.0	-1.0	4.879611364457298
0.0	-1.0	4.557185651820059
0.0	-1.0	4.6950711791311175
0.0	-1.0	5.397229560744223
0.0	-1.0	4.790331346436259
0.0	-1.0	5.146866904660344
0.0	-1.0	4.992328758243422
0.0	-1.0	4.770358932123165
0.0	-1.0	4.713858307970005
0.0	-1.0	5.179895947710379
0.0	-1.0	4.430537675560035
0.0	-1.0	4.636996181239221
0.0	-1.0	4.413606740252212
0.0	-1.0	4.528305099886429
0.0	-1.0	5.046314985038256
0.0	-1.0	4.76029239185555
0.0	-1.0	4.111521631773178
0.0	-1.0	4.591172817706905
0.0	-1.0	4.430766108472575
0.0	-1.0	4.25901125650231
0.0	-1.0	4.683335704915324
0.0	-1.0	4.868194963363582
0.0	-1.0	4.8175524199511734
0.0	-1.0	4.58547501673296
0.0	-1.0	5.3246599703045705
0.0	-1.0	4.885833619676426
0.0	-1.0	5.291075045349159
0.0	-1.0	4.372939213016988
0.0	-1.0	4.616935959757968
0.0	-1.0	4.2015408993738275
0.0	-1.0	4.2231896152602255
0.0	-1.0	4.5258653400180116
0.0	-1.0	5.41853033448049
0.0	-1.0	4.3925268553095504
0.0	-1.0	5.29296977732523
0.0	-1.0	4.274224532114331
0.0	-1.0	4.4210763805859985
0.0	-1.0	4.738328787019917
0.0	-1.0	4.468614442159009
0.0	-1.0	4.744474692781746
0.0	-1.0	4.898920171739045
0.0	-1.0	4.496752132980008
0.0	-1.0	4.579780001626778
0.0	-1.0	4.937779224861847
0.0	-1.0	5.156338504611145
0.0	-1.0	4.800188904518142
0.0	-1.0	5.023716154377678
0.0	-1.0	4.166518111707445
0.0	-1.0	4.953473633567454
0.0	-1.0	5.154251007810174
0.0	-1.0	4.215183612217289
0.0	-1.0	4.365933912244926
0.0	-1.0	4.5801747186471164
0.0	-1.0	4.207339748294395
0.0	-1.0	5.17608698807275
0.0	-1.0	5.14484264142864
0.0	-1.0	4.994844407190567
0.0	-1.0	4.727367703680722
0.0	-1.0	5.105013740109457
0.0	-1.0	4.500752812849863
0.0	-1.0	4.429964878450586
0.0	-1.0	5.022966063035781
0.0	-1.0	4.249963651486959
0.0	-1.0	4.476624758848619
0.0	-1.0	4.488804132322261
0.0	-1.0	5.147065963104555
0.0	-1.0	4.6252791891085225
0.0	-1.2	6.109937054618485
0.0	-1.2	6.334787714108971
0.0	-1.2	5.972924963549476
0.0	-1.2	6.494269710778014
0.0	-1.2	5.922152500537133
0.0	-1.2	5.573852294114408
0.0	-1.2	6.382887775332094
0.0	-1.2	5.900532520661576
0.0	-1.2	5.896502692107632
0.0	-1.2	5.3779515126511805
0.0	-1.2	5.707486451251347
0.0	-1.2	6.605465394650615
0.0	-1.2	5.697650680393043
0.0	-1.2	6.036017807838818
0.0	-1.2	5.858814971026328
0.0	-1.2	6.27680785133984
0.0	-1.2	5.960209281800346
0.0	-1.2	5.615597628047658
0.0	-1.2	6.041700171011456
0.0	-1.2	6.033748007106428
0.0	-1.2	6.365678034706191
0.0	-1.2	5.691549755679023
0.0	-1.2	6.128362257150989
0.0	-1.2	6.395351785235033
0.0	-1.2	5.811771982678149
0.0	-1.2	5.94223037032637
0.0	-1.2	6.241960804442736
0.0	-1.2	5.9977417206307155
0.0	-1.2	5.830587766822422
0.0	-1.2	5.862734070237754
0.0	-1.2	5.676040359205443
0.0	-1.2	6.605605657195277
0.0	-1.2	6.098976814022133
0.0	-1.2	6.138236928729164
0.0	-1.2	6.169980517542497
0.0	-1.2	5.479665784399321
0.0	-1.2	6.115926254759346
0.0	-1.2	5.984494710473777
0.0	-1.2	5.66870650520796
0.0	-1.2	5.871459739516114
0.0	-1.2	6.285234320002388
0.0	-1.2	5.650209242699088
0.0	-1.2	6.102123372603419
0.0	-1.2	6.380613881981467
0.0	-1.2	5.960806659854569
0.0	-1.2	6.115339812049624
0.0	-1.2	6.113309319222389
0.0	-1.2	5.916585468874439
0.0	-1.2	6.024529375387962
0.0	-1.2	5.720710438295706
0.0	-1.2	6.295497905807371
0.0	-1.2	6.159896032373794
0.0	-1.2	6.2636058920318325
0.0	-1.2	6.149945842175341
0.0	-1.2	5.568312767041853
0.0	-1.2	5.912287618904818
0.0	-1.2	6.254936014785187
0.0	-1.2	6.397481892241021
0.0	-1.2	5.905812949255378
0.0	-1.2	5.997897832332831
0.0	-1.2	5.564521573158764
0.0	-1.2	6.0199177699067326
0.0	-1.2	5.639743501114587
0.0	-1.2	5.805103699460353
0.0	-1.2	6.059233126981092
0.0	-1.2	6.1402287815637955
0.0	-1.2	6.40899650662316
0.0	-1.2	5.060883208310278
0.0	-1.2	6.267511610272493
0.0	-1.2	5.776043143091121
0.0	-1.2	5.8939614978124375
0.0	-1.2	5.805279273340013
0.0	-1.2	6.015532722801528
0.0	-1.2	6.268005951377747
0.0	-1.2	6.3854180583188995
0.0	-1.2	5.769913648971548
0.0	-1.2	5.7999301257734555
0.0	-1.2	6.02298904350242
0.0	-1.2	6.177563186279099
0.0	-1.2	5.799270057514397
0.0	-1.2	5.974240602108084
0.0	-1.2	6.188946889465826
0.0	-1.2	5.635017434798849
0.0	-1.2	5.888181610472265
0.0	-1.2	6.199468092741331
0.0	-1.2	6.379147435039452
0.0	-1.2	5.74258699008464
0.0	-1.2	6.072561627353384
0.0	-1.2	5.745887866657325
0.0	-1.2	5.905405616632844
0.0	-1.2	5.197576255810057
0.0	-1.2	5.835999502632338
0.0	-1.2	5.957565220687022
0.0	-1.2	6.615331965432635
0.0	-1.2	5.212563847863571
0.0	-1.2	6.217787133396772
0.0	-1.2	5.7191273389641575
0.0	-1.2	5.646709726065205
0.0	-1.2	5.723841585336389
0.0	-1.4	7.396957849251994
0.0	-1.4	7.441588100283794
0.0	-1.4	7.45156093407424
0.0	-1.4	7.151816366408862
0.0	-1.4	6.928675674938106
0.0	-1.4	7.037598520900431
0.0	-1.4	7.362915407664542
0.0	-1.4	7.677555937463674
0.0	-1.4	7.2778006058414055
0.0	-1.4	7.3934194253511745
0.0	-1.4	7.692462813269736
0.0	-1.4	6.906470439283163
0.0	-1.4	6.690451244466871
0.0	-1.4	7.22525893364082
0.0	-1.4	7.147744431892981
0.0	-1.4	7.456225876942304
0.0	-1.4	7.662361548055088
0.0	-1.4	7.444614755353393
0.0	-1.4	7.278100527501112
0.0	-1.4	7.054107959164491
0.0	-1.4	7.015482724609074
0.0	-1.4	7.38740936990632
0.0	-1.4	7.591517255696539
0.0	-1.4	7.519443966835695
0.0	-1.4	7.448708376372985
0.0	-1.4	6.883711310542134
0.0	-1.4	7.098331237011016
0.0	-1.4	7.612598743180793
0.0	-1.4	7.1934739463085196
0.0	-1.4	7.786001881351508
0.0	-1.4	7.246800668176119
0.0	-1.4	6.99207519306555
0.0	-1.4	7.8358021101705
0.0	-1.4	8.151799746533834
0.0	-1.4	7.109800459367424
0.0	-1.4	7.949090216803201
0.0	-1.4	7.280975249077155
0.0	-1.4	7.018828202865331
0.0	-1.4	7.19625433969119
0.0	-1.4	7.637141433624889
0.0	-1.4	7.056713640738873
0.0	-1.4	7.348255139480495
0.0	-1.4	7.130675916224222
0.0	-1.4	7.139351741598833
0.0	-1.4	6.998228265465511
0.0	-1.4	6.947104646256182
0.0	-1.4	6.352652927345224
0.0	-1.4	7.110820043269102
0.0	-1.4	7.85355255532234
0.0	-1.4	7.080384190546458
0.0	-1.4	7.457375088051886
0.0	-1.4	6.8099438967323795
0.0	-1.4	7.531098795299336
0.0	-1.4	7.558231456027922
0.0	-1.4	7.7675647646318335
0.0	-1.4	7.119190371073575
0.0	-1.4	7.761119079158308
0.0	-1.4	7.180530860248163
0.0	-1.4	6.458650259954311
0.0	-1.4	7.097225486584001
0.0	-1.4	7.003959403095064
0.0	-1.4	7.142558510701509
0.0	-1.4	7.079370240660505
0.0	-1.4	7.363977088820456
0.0	-1.4	7.3816199866205245
0.0	-1.4	6.982194519800915
0.0	-1.4	7.244934315347204
0.0	-1.4	7.130085631207733
0.0	-1.4	7.29846059141856
0.0	-1.4	6.88111796109332
0.0	-1.4	7.53438588740287
0.0	-1.4	7.727467581122127
0.0	-1.4	7.09848915882515
0.0	-1.4	7.714538156985088
0.0	-1.4	7.413535148303114
0.0	-1.4	7.475802571187831
0.0	-1.4	7.292398464673608
0.0	-1.4	7.386165809533994
0.0	-1.4	7.644244092997066
0.0	-1.4	7.179811067200353
0.0	-1.4	7.291353980719067
0.0	-1.4	6.90582904209484
0.0	-1.4	7.469229048435051
0.0	-1.4	7.549973107973853
0.0	-1.4	7.806241156023588
0.0	-1.4	7.243591828861982
0.0	-1.4	7.442597101446964
0.0	-1.4	7.232324875905143
0.0	-1.4	7.239585741917582
0.0	-1.4	7.283405694946071
0.0	-1.4	7.447715688442842
0.0	-1.4	7.036469136094581
0.0	-1.4	7.139048998883554
0.0	-1.4	7.289613936238504
0.0	-1.4	7.588359760153212
0.0	-1.4	7.2824819329380075
0.0	-1.4	7.515599744815389
0.0	-1.4	7.116214341837805
0.0	-1.4	7.009697556131261
0.0	-1.6	8.242481470332832
0.0	-1.6	8.26067912787323
0.0	-1.6	8.629781720010639
0.0	-1.6	8.345908914277357
0.0	-1.6	9.107433338695607
0.0	-1.6	8.381293328080835
0.0	-1.6	8.352186055142708
0.0	-1.6	9.128046767569934
0.0	-1.6	8.280667485212511
0.0	-1.6	8.652463697104068
0.0	-1.6	9.043129254508552
0.0	-1.6	9.069841537728227
0.0	-1.6	8.82519322092546
0.0	-1.6	8.546903481827073
0.0	-1.6	8.639847250802587
0.0	-1.6	8.689228718674585
0.0	-1.6	8.542793258445347
0.0	-1.6	8.89427748087564
0.0	-1.6	8.718824567165894
0.0	-1.6	8.680271325078422
0.0	-1.6	8.268036841090053
0.0	-1.6	8.486842139095037
0.0	-1.6	8.280792575124131
0.0	-1.6	8.266157103600463
0.0	-1.6	8.161019131117598
0.0	-1.6	8.9676604058194
0.0	-1.6	8.438575531353326
0.0	-1.6	8.724155431937382
0.0	-1.6	8.348605197745245
0.0	-1.6	8.503845559083805
0.0	-1.6	8.511749990209122
0.0	-1.6	8.810633642273277
0.0	-1.6	8.958963219746275
0.0	-1.6	8.544096657687653
0.0	-1.6	8.879093793356205
0.0	-1.6	8.398082321161262
0.0	-1.6	8.461667907371764
0.0	-1.6	7.868076355917635
0.0	-1.6	8.908624080079914
0.0	-1.6	8.592756573572967
0.0	-1.6	8.62200089898393
0.0	-1.6	7.956093213434872
0.0	-1.6	8.12487136436035
0.0	-1.6	7.9736208105006785
0.0	-1.6	8.799884106561535
0.0	-1.6	8.673187185617111
0.0	-1.6	8.267794621829252
0.0	-1.6	8.850560243698457
0.0	-1.6	8.57850054303381
0.0	-1.6	8.416229945111136
0.0	-1.6	8.47136329660074
0.0	-1.6	8.209482594982811
0.0	-1.6	8.019533384020896
0.0	-1.6	8.627116729970385
0.0	-1.6	8.46875722747377
0.0	-1.6	8.200645938662014
0.0	-1.6	8.670729425277402
0.0	-1.6	8.680579036410341
0.0	-1.6	8.37497030344792
0.0	-1.6	8.53951742691524
0.0	-1.6	8.368892466334174
0.0	-1.6	8.224372525563867
0.0	-1.6	8.829912234644373
0.0	-1.6	7.996733584705196
0.0	-1.6	7.994488653326032
0.0	-1.6	8.441749777982144
0.0	-1.6	8.667332476176687
0.0	-1.6	8.896028139600604
0.0	-1.6	8.363122988682228
0.0	-1.6	8.448409518483079
0.0	-1.6	8.796435502069222
0.0	-1.6	8.643445431459455
0.0	-1.6	9.160142249949399
0.0	-1.6	8.332023691858842
0.0	-1.6	8.991248246765572
0.0	-1.6	9.018932338494212
0.0	-1.6	8.407101941774036
0.0	-1.6	8.512854243208377
0.0	-1.6	8.607606140171981
0.0	-1.6	8.933108945535064
0.0	-1.6	8.14338424432894
0.0	-1.6	8.408556693096779
0.0	-1.6	8.434540759748085
0.0	-1.6	8.614976154485241
0.0	-1.6	9.059192998251204
0.0	-1.6	8.156783388927742
0.0	-1.6	8.859956043894224
0.0	-1.6	8.348469922330816
0.0	-1.6	8.685884752643306
0.0	-1.6	8.056566879047065
0.0	-1.6	8.110769127533997
0.0	-1.6	8.929795206902476
0.0	-1.6	8.728722027340485
0.0	-1.6	8.783455574187856
0.0	-1.6	8.658001697777342
0.0	-1.6	8.462296447880965
0.0	-1.6	8.677526134091178
0.0	-1.6	8.508244962361843
0.0	-1.6	8.737320905870911
0.0	-1.6	8.559477037857233
0.0	0.25	-0.6019347075139472
0.0	0.25	-1.9643129478463015
0.0	0.25	0.5912527517907225
0.0	0.25	0.5872459435050996
0.0	0.25	0.6597642131939553
0.0	0.25	0.42787789822497607
0.0	0.25	-0.26965515972201815
0.0	0.25	0.1285273240677809
0.0	0.25	1.2388703224501618
0.0	0.25	1.1497280208856957
0.0	0.25	1.2087907735994787
0.0	0.25	0.9221017086976581
0.0	0.25	0.9724433700287666
0.0	0.25	0.4804306197389795
0.0	0.25	-1.6661609000952446
0.0	0.25	-0.4200893949173608
0.0	0.25	-1.2264426505073363
0.0	0.25	0.8617329826471567
0.0	0.25	0.2589427986006164
0.0	0.25	0.9655139899897187
0.0	0.25	0.6309562958146806
0.0	0.25	-1.5533828988218625
0.0	0.25	-1.7541227063008311
0.0	0.25	-0.48984231061878025
0.0	0.25	-1.4331310708983542
0.0	0.25	1.0859193186013358
0.0	0.25	0.7070783626116274
0.0	0.25	1.6971359745317824
0.0	0.25	-0.18415983859738208
0.0	0.25	0.39201170721544465
0.0	0.25	-0.08851302746068639
0.0	0.25	0.5624229925759128
0.0	0.25	-0.2154395238967261
0.0	0.25	1.1217626619953787
0.0	0.25	-0.41583423337393594
0.0	0.25	0.7779580343432684
0.0	0.25	1.1767654366522038
0.0	0.25	0.3738780491011707
0.0	0.25	1.073238679182475
0.0	0.25	-0.4596365268150225
0.0	0.25	0.8123857654750412
0.0	0.25	1.0663784565994527
0.0	0.25	-0.3538789906256697
0.0	0.25	0.6588333767068905
0.0	0.25	0.30091578012930026
0.0	0.25	0.9619700431974075
0.0	0.25	0.32932848302376433
0.0	0.25	0.850505048060663
0.0	0.25	1.0173871984168235
0.0	0.25	0.7369908231609181
0.0	0.25	-2.1050953716209517
0.0	0.25	-0.19044549580887013
0.0	0.25	1.0978900324789163
0.0	0.25	1.161575285494167
0.0	0.4	1.372387424254746
0.0	0.4	0.8612386824685672
0.0	0.4	1.6084968000923103
0.0	0.4	1.2573554800261557
0.0	0.4	1.9286153637398435
0.0	0.4	1.5160100051444823
0.0	0.4	1.4225283945245415
0.0	0.4	1.1442807061679698
0.0	0.4	0.9162619771846113
0.0	0.4	1.5160522325607246
0.0	0.4	2.6682619699202554
0.0	0.4	1.8150307084417263
0.0	0.4	0.9648769519758018
0.0	0.4	1.490837116482618
0.0	0.4	1.9051259616120426
0.0	0.4	1.4688995396616475
0.0	0.4	1.6904986835232316
0.0	0.4	1.7234870797583521
0.0	0.4	1.638027835478754
0.0	0.4	0.8889870456144454
0.0	0.4	0.9891029227321847
0.0	0.4	1.457896114417506
0.0	0.4	0.9567982107792602
0.0	0.4	1.9698026037560616
0.0	0.4	-1.3118345446296953
0.0	0.4	0.749336840607127
0.0	0.4	1.226817183734215
0.0	0.4	2.108013874912325
0.0	0.4	1.6492135973679416
0.0	0.4	1.2901132222226925
0.0	0.4	1.5559480674870763
0.0	0.4	1.7516548712844437
0.0	0.4	1.5673033783136556
0.0	0.4	0.3575969813822824
0.0	0.4	0.1450858586215872
0.0	0.4	2.1480545643626665
0.0	0.4	1.7712127754048312
0.0	0.4	1.8882563819925862
0.0	0.4	2.099935817249704
0.0	0.4	2.2448501085608035
0.0	0.4	0.5034745930021556
0.0	0.4	1.203071021911813
0.0	0.4	0.6900442841002984
0.0	0.4	1.050547954765499
0.0	0.4	0.7765585500155898
0.0	0.4	1.2989579120756116
0.0	0.4	0.8884044296757168
0.0	0.4	1.731177996892943
0.0	0.4	1.454108017041283
0.0	0.4	1.4729925891504185
0.0	0.4	2.0504067043069525
0.0	0.4	1.8131112811794623
0.0	0.4	1.3809323975613317
0.0	0.4	1.1029713639507446
0.0	0.25	0.9719505251844482
0.0	0.25	-0.16168568043805373
0.0	0.25	0.7904839320620014
0.0	0.45	0.8799596241889686
0.0	0.45	1.8145643551014299
0.0	0.45	1.5030662951065623
0.0	0.45	0.861018023987917
0.0	0.45	2.64369830350787
0.0	0.45	1.659995198600288
0.0	0.45	1.4798367996697794
0.0	0.45	1.496451419589466
0.0	0.45	1.713658421887478
0.0	0.45	1.8952199149421862
0.0	0.45	1.6021394254674663
0.0	0.45	1.5381291397461425
0.0	0.45	2.138570036209269
0.0	0.45	2.3418238810602907
0.0	0.45	0.5630909902131515
0.0	0.45	1.815906930131111
0.0	0.45	1.38498914711299
0.0	0.45	2.1526001226382556
0.0	0.45	1.9364994056115707
0.0	0.45	2.2143124852480867
0.0	0.45	1.4708089006322342
0.0	0.45	1.5210265644772936
0.0	0.45	1.7256076345312579
0.0	0.45	1.739527475245849
0.0	0.45	1.8182453714334876
0.0	0.45	1.1027642517476366
0.0	0.45	2.2294099047580334
0.0	0.45	2.2712407857361003
0.0	0.45	1.1232758623627084
0.0	0.45	1.8499581320429488
0.0	0.45	1.8586350826229268
0.0	0.45	1.8441179209395728
0.0	0.45	1.524466591505106
0.0	0.45	1.1688249050810422
0.0	0.45	2.144326585309604
0.0	0.45	1.4469052486206901
0.0	0.45	1.772119119301548
0.0	0.45	2.480211332004928
0.0	0.45	1.6249167582301438
0.0	0.45	1.0919637073831372
0.0	0.45	1.4354148766088894
0.0	0.45	2.2186114106385078
0.0	0.45	2.202018589831531
0.0	0.45	2.5763646379169876
0.0	0.45	1.0479018394589752
0.0	0.45	1.7900090818766112
0.0	0.45	1.845071960218429
0.0	0.45	1.6843674328795097
0.0	0.45	1.737421303100995
0.0	0.45	2.0098889137894775
0.0	0.45	2.0692288310199536
0.0	0.45	1.6114731627121568
0.0	0.45	1.1548367978062428
0.0	0.45	0.9376863883779127
0.0	0.4	1.3075766486790283
0.0	0.4	1.4097607820663502
0.0	0.4	1.4024886079974446
0.0	0.55	1.6450073240582592
0.0	0.55	1.7356343067537823
0.0	0.55	1.7342831999534867
0.0	0.55	1.981380176841412
0.0	0.55	2.165323000111616
0.0	0.55	2.02274221929572
0.0	0.55	2.219007714077811
0.0	0.55	2.005810608861588
0.0	0.55	2.501687816126072
0.0	0.55	2.351826896764874
0.0	0.55	2.56404610384128
0.0	0.55	1.4794635363813868
0.0	0.55	2.3468182050685087
0.0	0.55	1.748728493395605
0.0	0.55	2.1362857933544905
0.0	0.55	1.9775920809803262
0.0	0.55	1.7309441430399777
0.0	0.55	2.3130616358240474
0.0	0.55	2.8715600963732673
0.0	0.55	2.759548002108323
0.0	0.55	2.100302346176219
0.0	0.55	2.306352047492637
0.0	0.55	2.6244670623990523
0.0	0.55	2.2711637010862478
0.0	0.55	1.917228792756772
0.0	0.55	1.1977067315621783
0.0	0.55	2.1702335345904755
0.0	0.55	1.9851816909770124
0.0	0.55	2.8628742062093693
0.0	0.55	2.5781396048152376
0.0	0.55	1.1800017474137168
0.0	0.55	2.0397042758352657
0.0	0.55	2.484672717564681
0.0	0.55	2.7855956771018127
0.0	0.55	1.2877956445716714
0.0	0.55	2.3561449326612083
0.0	0.55	2.1781243743933136
0.0	0.55	2.4251252805735515
0.0	0.55	1.9094239082971496
0.0	0.55	2.2196466315444394
0.0	0.55	2.1391850646430663
0.0	0.55	2.125279937837935
0.0	0.55	2.3296908506186207
0.0	0.55	2.4369780440596145
0.0	0.55	2.528042210600026
0.0	0.55	2.6708006476134085
0.0	0.55	2.457405919112956
0.0	0.55	2.1632755851483427
0.0	0.55	1.7902865620549675
0.0	0.55	2.4732311114182672
0.0	0.55	2.223607299954447
0.0	0.55	2.0523873545548583
0.0	0.55	1.5323739659254423
0.0	0.55	2.449627720841241
0.0	0.45	1.3211316706262486
0.0	0.45	1.334411463683759
0.0	0.45	1.2520838970293708
0.0	0.25	-0.8891282889517221
0.0	0.25	1.5358763946624165
0.0	0.25	0.45014798983127763
0.0	0.25	-1.3918529004833597
0.0	0.25	1.0928796137012557
0.0	0.25	0.9506671162424432
0.0	0.55	2.027613151529809
0.0	0.55	2.4631472142988136
0.0	0.55	1.8310487754372575
0.0	0.4	1.3322706370308393
0.0	0.4	0.28973623641769
0.0	0.4	1.1384296654326864
0.0	0.4	1.3810745985360073
0.0	0.4	1.4131388887005483
0.0	0.4	1.3882838861125515
0.0	0.45	1.1091491845377544
0.0	0.45	2.184660586157364
0.0	0.45	2.0994065873642507
0.0	0.45	1.7822830625044734
0.0	0.45	1.237476847072387
0.0	0.45	1.4550131845544896
0.0	0.25	0.8642737472656488
0.0	0.25	-2.064443937403128
0.0	0.25	0.9382631117648756
0.0	0.25	1.976777639420017
0.0	0.25	-4.468272440474446
0.0	0.55	2.6748952387819234
0.0	0.25	1.375974656952698
0.0	0.25	-2.6153940706727825
0.0	0.25	1.1661204299933223
0.0	0.55	1.813209146340617
0.0	0.25	0.5115285446342345
0.0	0.25	0.2851776930572764
0.0	0.25	0.735127147733432
0.0	0.55	1.836011473842678
0.0	0.25	-0.23839268756770945
0.0	0.25	0.40092166738160434
0.0	0.25	-0.45559717810307293
0.0	0.25	-0.6503654590358774
0.0	0.25	-1.08556483629171
0.0	0.25	-0.5371060349460987
0.0	0.25	-0.09586184870444601
0.0	0.55	2.1394162176407177
0.0	0.55	1.2428055036670633
0.0	0.25	0.6552611009945926
0.0	0.25	1.0652736748004699
0.0	0.25	0.6931647054822363
0.0	0.25	-1.007893580503012
0.0	0.55	2.3833500098167493
0.0	0.25	1.2291556207304772
0.0	0.25	0.887005931326904
0.0	0.25	1.2546615734134483
0.0	0.25	0.10107229576509473
0.0	0.25	0.10100716473344118
0.0	0.25	-0.23823339294417542
0.0	0.25	-0.5183833642023679
0.0	0.25	0.006154109596866875
0.0	0.25	0.008232737472111593
0.0	0.25	-0.29624381961309293
0.0	0.25	-1.1171603255865172
0.0	0.25	1.4236958027658537
0.0	0.25	-0.6039681071267108
0.0	0.25	0.6165373257294672
0.0	0.25	0.5255707901543268
0.0	0.4	1.651829863829467
0.0	0.4	1.428116495478359
0.0	0.4	1.4776018031860774
0.0	0.4	1.9334776609787518
0.0	0.4	1.7284623913133956
0.0	0.4	1.5359214010086288
0.0	0.4	1.6336793318072569
0.0	0.4	0.49885192515985555
0.0	0.4	0.20087333496886622
0.0	0.4	1.4799074372902927
0.0	0.4	1.7685587922963715
0.0	0.4	1.3289686544345884
0.0	0.4	1.992352112469563
0.0	0.4	1.732422121753121
0.0	0.4	2.151954456804557
0.0	0.4	2.036031045608973
0.0	0.4	1.245368556916699
0.0	0.4	0.7475815162847601
0.0	0.4	0.7427527265690721
0.0	0.4	1.2188641158901519
0.0	0.4	1.0561525715809867
0.0	0.4	1.3668308301565428
0.0	0.4	1.4649879678623865
0.0	0.4	1.3669785253406082
0.0	0.4	1.048260220681417
0.0	0.4	1.8421581772499414
0.0	0.4	2.3490213745792525
0.0	0.4	1.4006186730024088
0.0	0.4	1.3560570080895449
0.0	0.4	0.7935954939392353
0.0	0.4	1.7893717765891797
0.0	0.4	1.5632157049596684
0.0	0.4	0.7317020544591191
0.0	0.4	2.044809084767765
0.0	0.4	1.3735878033281819
0.0	0.4	1.5655529992931427
0.0	0.4	1.0476434892748325
0.0	0.45	2.3651154030171786
0.0	0.45	1.610704905788584
0.0	0.45	2.078347884804255
0.0	0.45	1.96603157610054
0.0	0.45	2.3154121185288057
0.0	0.45	1.4091742260241136
0.0	0.45	1.434679581377116
0.0	0.45	0.7874020089761798
0.0	0.45	0.7251431711510702
0.0	0.45	1.9920968387611298
0.0	0.45	0.9909763908028295
0.0	0.45	1.5428493794261575
0.0	0.45	1.9148694800370158
0.0	0.45	2.518938437546033
0.0	0.45	1.8390592732596698
0.0	0.45	1.0670795376723192
0.0	0.45	0.32730791650714997
0.0	0.45	1.7465287837571328
0.0	0.45	2.3762159231930724
0.0	0.45	1.56031327379141
0.0	0.45	2.158372066239962
0.0	0.45	1.6019028125496069
0.0	0.45	1.7403003691857448
0.0	0.45	1.9938852506718558
0.0	0.45	2.012739504496151
0.0	0.45	2.469452620397069
0.0	0.45	1.6473939834970057
0.0	0.45	2.278117342811248
0.0	0.45	1.58148429133574
0.0	0.45	1.6087160711833972
0.0	0.45	2.2068427381556943
0.0	0.45	1.0556429669247382
0.0	0.45	2.2991677983472294
0.0	0.45	2.073798469303295
0.0	0.45	2.2219621421933495
0.0	0.45	1.4199915137186916
0.0	0.45	1.2388227098073847
0.0	0.55	2.0846245274199595
0.0	0.55	1.6618655864016483
0.0	0.55	1.9315184617150252
0.0	0.55	2.369914819220991
0.0	0.55	2.19618791802448
0.0	0.55	2.337716814673631
0.0	0.55	1.497686467469244
0.0	0.55	1.093262668905916
0.0	0.55	2.7547850098262874
0.0	0.55	1.8291030045364502
0.0	0.55	1.5032441752858372
0.0	0.55	2.7680939997333955
0.0	0.55	2.633839600023864
0.0	0.55	2.4512534461221045
0.0	0.55	2.5639695407262013
0.0	0.55	2.522390426918381
0.0	0.55	2.1220376998750488
0.0	0.55	1.7563485172778137
0.0	0.55	2.3973111992031426
0.0	0.55	2.1883460243606527
0.0	0.55	2.24312208978821
0.0	0.55	2.1257251697141313
0.0	0.55	2.1987291270165037
0.0	0.55	1.8287772972760923
0.0	0.55	2.0388996278050677
0.0	0.55	2.228109399497132
0.0	0.55	2.376321496994612
0.0	0.55	1.9120238977180564
0.0	0.55	2.612227372444031
0.0	0.55	2.4147721509332114
0.0	0.55	2.0175183031360406
0.0	0.55	2.329981120183901
0.0	0.55	2.0109216345504897
0.0	0.55	1.851421330247231
0.0	0.55	2.3510970304846017
0.0	0.55	2.3071987091508595
0.0	0.55	1.4848323276464521