0	-0.4	1.856783723449826
0	-0.4	2.0988531139416344
0	-0.4	1.5233372390807727
0	-0.4	1.0947573837726354
0	-0.4	0.7167268596897377
0	-0.4	0.8752544682462565
0	-0.4	1.091821205660091
0	-0.4	1.1502336574302132
0	-0.4	1.6904950782948198
0	-0.4	0.6909263848978578
0	-0.4	1.1452066753069265
0	-0.4	0.4696516532834265
0	-0.4	1.3957677532581132
0	-0.4	1.0605681428245102
0	-0.4	1.0750239509351647
0	-0.4	1.1805176566307576
0	-0.4	1.2127138711361851
0	-0.4	1.1962707726640143
0	-0.4	0.2021792820811738
0	-0.4	1.3564540712771413
0	-0.4	1.3359613267052675
0	-0.4	0.7539326284653484
0	-0.4	0.886887596129206
0	-0.4	0.9684149726203225
0	-0.4	0.5235250467771988
0	-0.4	1.3606270264463731
0	-0.4	1.3531720579923345
0	-0.4	1.7724732610752607
0	-0.4	1.6389336327362705
0	-0.4	1.1537381161849019
0	-0.4	1.899064461455089
0	-0.4	0.8514233562667751
0	-0.4	0.9689809013153114
0	-0.4	1.2354906321737582
0	-0.4	1.0043141715365673
0	-0.4	1.0293175788804232
0	-0.4	1.4126331251690274
0	-0.4	0.7631375100453835
0	-0.4	0.7925097628531786
0	-0.4	1.4222397666726319
0	-0.4	0.5017173529672008
0	-0.4	0.682606218955348
0	-0.4	0.8983359612794655
0	-0.4	1.058354579034803
0	-0.4	-0.13397482371520125
0	-0.4	1.5820239648990695
0	-0.4	1.0733731394235082
0	-0.4	1.8303254434456522
0	-0.4	1.0276930248676066
0	-0.4	1.4740408704643326
0	-0.4	1.1622401952315076
0	-0.4	0.49410084234945123
0	-0.4	1.4211292727571607
0	-0.4	1.5024862207580856
0	-0.4	1.6207716232699116
0	-0.4	1.1275022230347882
0	-0.4	1.309651753984101
0	-0.4	1.5277026444183435
0	-0.4	0.9784816900525115
0	-0.4	0.6838656451665447
0	-0.4	-0.3653856038775888
0	-0.4	0.9220036672584427
0	-0.4	0.5930141817613271
0	-0.4	1.155909266213757
0	-0.4	1.0106305936443647
0	-0.4	0.854034480494408
0	-0.4	0.3907609269457641
0	-0.4	1.4289240082473749
0	-0.4	0.7716437686052602
0	-0.4	1.575818018492043
0	-0.4	0.7863563481749404
0	-0.4	0.8144234209754397
0	-0.4	1.4563738255041363
0	-0.4	1.5188993200990697
0	-0.4	1.2223291227953343
0	-0.4	1.7668359074146778
0	-0.4	1.3286448124967287
0	-0.4	1.9704879188370883
0	-0.4	1.1649399685456319
0	-0.4	1.1163253477274486
0	-0.4	1.6987862330735533
0	-0.4	1.1704869660808765
0	-0.4	1.042977408578917
0	-0.4	0.5657267905219577
0	-0.4	1.0722988186112468
0	-0.4	1.045097348326311
0	-0.4	0.9513359639551449
0	-0.4	1.5816181216931824
0	-0.4	0.44189995785616776
0	-0.4	0.6143127063449383
0	-0.4	1.9612539971191543
0	-0.4	0.9608429506721538
0	-0.4	1.0318756104125522
0	-0.4	1.358322299963891
0	-0.4	0.6416486418618841
0	-0.4	1.3296510556335397
0	-0.4	1.2550897566961177
0	-0.4	1.1893877066609175
0	-0.4	0.1799833015098758
0	-0.4	1.1886437085281223
0	-0.45	2.208742260012233
0	-0.45	2.3025209227928127
0	-0.45	1.3487751668825247
0	-0.45	1.3477272106559677
0	-0.45	1.3228545868305477
0	-0.45	1.5151965265377398
0	-0.45	0.9913867809888237
0	-0.45	1.7145123949961352
0	-0.45	1.958229934947102
0	-0.45	1.6568348483355244
0	-0.45	1.9141502618884236
0	-0.45	1.9467399085020614
0	-0.45	0.9276084956092236
0	-0.45	1.693088159009132
0	-0.45	1.7711689374912303
0	-0.45	1.0504992680083487
0	-0.45	1.4618156263737332
0	-0.45	2.2045890830025274
0	-0.45	1.3644612239649339
0	-0.45	1.280636725594087
0	-0.45	2.000946984324068
0	-0.45	2.1653369708847072
0	-0.45	1.9577326201332903
0	-0.45	1.6676567379297884
0	-0.45	1.2396115667363792
0	-0.45	1.559589337898922
0	-0.45	2.1545197280904707
0	-0.45	1.6320870691427471
0	-0.45	1.5155719215887513
0	-0.45	2.096297830745708
0	-0.45	2.0472439129451336
0	-0.45	1.9081235215338017
0	-0.45	1.919656653707794
0	-0.45	1.0760290637695356
0	-0.45	2.363068373406833
0	-0.45	2.7651237242037987
0	-0.45	1.7184242180667533
0	-0.45	1.7682238643310484
0	-0.45	1.6403093344599953
0	-0.45	2.146788834856021
0	-0.45	1.3131072652176825
0	-0.45	2.096231074485748
0	-0.45	1.8654886017793069
0	-0.45	1.3871304356016265
0	-0.45	1.404100620025652
0	-0.45	1.6102686546735114
0	-0.45	1.5792307561140129
0	-0.45	1.9480084419232966
0	-0.45	2.223357979635941
0	-0.45	1.5535224813579174
0	-0.45	1.5063386931513778
0	-0.45	2.4176932566634974
0	-0.45	2.5929634771809744
0	-0.45	2.054620712795063
0	-0.45	1.8982301511302955
0	-0.45	1.253529769659305
0	-0.45	1.6625423821291307
0	-0.45	1.9068415423668723
0	-0.45	1.3727452067092172
0	-0.45	1.8813841766004467
0	-0.45	1.6337254819143752
0	-0.45	1.4534297580019289
0	-0.45	2.12662705626419
0	-0.45	2.0152332672706224
0	-0.45	1.3993786630112965
0	-0.45	1.727939193323801
0	-0.45	2.041848199337467
0	-0.45	1.8916489263268466
0	-0.45	1.2346375804337637
0	-0.45	1.6670576251772604
0	-0.45	1.2563607567291257
0	-0.45	2.0131430979033476
0	-0.45	1.167435697213161
0	-0.45	0.9641279147147062
0	-0.45	1.6006523283562488
0	-0.45	2.074180534744626
0	-0.45	1.5723830649713535
0	-0.45	1.4985277404327966
0	-0.45	0.9544548148115871
0	-0.45	1.5056401313613716
0	-0.45	1.760662810828178
0	-0.45	2.4118806713716388
0	-0.45	1.878490111813579
0	-0.45	1.5650465336405388
0	-0.45	1.0091864908562485
0	-0.45	2.185632199643541
0	-0.45	1.485438553929392
0	-0.45	2.346645124816016
0	-0.45	1.8527851187116886
0	-0.45	1.12500981278368
0	-0.45	1.3204153059988413
0	-0.45	1.4789563926559215
0	-0.45	2.0870001316925486
0	-0.45	2.0444562523967553
0	-0.45	1.399266662522625
0	-0.45	2.103650888211741
0	-0.45	2.00639561368728
0	-0.45	1.757825208307466
0	-0.45	0.9851479177549124
0	-0.5	2.9056988479135106
0	-0.5	1.5467022822496819
0	-0.5	1.1848465698640187
0	-0.5	1.7057870350342372
0	-0.5	1.7863218705002275
0	-0.5	1.8502018075619815
0	-0.5	2.3339976144847583
0	-0.5	1.6796188351612027
0	-0.5	2.1677270075831694
0	-0.5	2.11051943302108
0	-0.5	2.103718039237373
0	-0.5	1.7326174324115455
0	-0.5	1.5898060066196522
0	-0.5	2.352963360359726
0	-0.5	1.8705345324217917
0	-0.5	2.2441326748298462
0	-0.5	2.1422784681845264
0	-0.5	2.293754967408187
0	-0.5	1.3490912414394718
0	-0.5	2.2139940944141676
0	-0.5	2.2413936015219265
0	-0.5	1.7739394913400026
0	-0.5	2.248569973257014
0	-0.5	1.8222825237474443
0	-0.5	1.177300676367602
0	-0.5	1.7992282793309022
0	-0.5	1.626847567612533
0	-0.5	1.677620247897372
0	-0.5	1.6048393610393739
0	-0.5	1.3607095717740552
0	-0.5	1.9025397802420052
0	-0.5	1.6722160784607036
0	-0.5	1.841999341253964
0	-0.5	2.0787905512788902
0	-0.5	1.461856698204352
0	-0.5	2.053473170234432
0	-0.5	2.68800240546497
0	-0.5	2.3611697400428553
0	-0.5	1.98020952620412
0	-0.5	1.5527579761121553
0	-0.5	2.004477291120319
0	-0.5	1.821608068055166
0	-0.5	1.628004107146967
0	-0.5	2.1178849264177044
0	-0.5	1.5525633683592863
0	-0.5	2.072486325819076
0	-0.5	2.23404175287267
0	-0.5	1.7305232528833097
0	-0.5	1.9512043155824692
0	-0.5	1.5913256232941784
0	-0.5	2.0155923046037882
0	-0.5	2.523225332528218
0	-0.5	2.266414808756316
0	-0.5	1.6607153859386408
0	-0.5	1.6091876293442615
0	-0.5	1.8684570676611514
0	-0.5	1.9017489352391952
0	-0.5	1.0549544277345861
0	-0.5	2.076116731343464
0	-0.5	2.722571625197956
0	-0.5	1.553681972184092
0	-0.5	2.055042963000009
0	-0.5	2.184450474063033
0	-0.5	1.9315280161977861
0	-0.5	1.896887150688313
0	-0.5	2.559661434272592
0	-0.5	1.8762251535322665
0	-0.5	2.1026426242391705
0	-0.5	1.3447485716869854
0	-0.5	1.861554718530952
0	-0.5	1.3685491945600157
0	-0.5	2.0724443319382457
0	-0.5	2.0137936305231077
0	-0.5	2.577442782314929
0	-0.5	1.7797494959901836
0	-0.5	1.556944401974753
0	-0.5	2.3135797365015374
0	-0.5	2.1765404744594847
0	-0.5	1.8172714213717827
0	-0.5	2.217595873572825
0	-0.5	1.8448348480803003
0	-0.5	1.4400823777589598
0	-0.5	1.8741011234466942
0	-0.5	1.6745176093502283
0	-0.5	2.364516902856795
0	-0.5	2.065651730350133
0	-0.5	2.073260568631755
0	-0.5	1.9527089282926164
0	-0.5	2.3215304490546282
0	-0.5	2.264567079123298
0	-0.5	2.1471947147704986
0	-0.5	1.8212135664193811
0	-0.5	2.3774512990745817
0	-0.5	2.586044903835219
0	-0.5	1.9420943041575611
0	-0.5	1.5050320246230324
0	-0.5	1.2772352397365474
0	-0.5	2.331758185491592
0	-0.5	2.0689247569753677
0	-0.5	2.4425022625012915
0	-0.55	2.361287313880797
0	-0.55	2.243466105184263
0	-0.55	2.4509956359529297
0	-0.55	1.936469820855454
0	-0.55	2.6450857868192763
0	-0.55	2.6289351226939277
0	-0.55	2.4336522479943747
0	-0.55	2.5296330542806342
0	-0.55	2.6703124491614734
0	-0.55	2.123166423233863
0	-0.55	2.667411864514887
0	-0.55	2.3155071683475246
0	-0.55	2.0393523213661306
0	-0.55	1.972707880727313
0	-0.55	2.7420106833468165
0	-0.55	2.3868916418655597
0	-0.55	1.728556291419373
0	-0.55	1.62730622795634
0	-0.55	1.7855853081220927
0	-0.55	2.57634250278981
0	-0.55	2.174569358213419
0	-0.55	2.9949831423827873
0	-0.55	3.0443006745310983
0	-0.55	2.449363027985162
0	-0.55	2.324990453390855
0	-0.55	2.858908318961173
0	-0.55	2.609749426499879
0	-0.55	1.7581931573896257
0	-0.55	2.5478342351268397
0	-0.55	2.2754714774172626
0	-0.55	2.49506489464557
0	-0.55	2.5612448484639168
0	-0.55	2.3020877332099445
0	-0.55	1.804682631199773
0	-0.55	2.2528190298988493
0	-0.55	1.3210419807381564
0	-0.55	1.8415612431827517
0	-0.55	2.6758140100792023
0	-0.55	1.6791537565103944
0	-0.55	2.3814094221350226
0	-0.55	2.342642270723263
0	-0.55	2.274878236035213
0	-0.55	1.6742545586748154
0	-0.55	2.047521887520437
0	-0.55	2.1668345120383568
0	-0.55	1.9032075064830525
0	-0.55	3.0560450010865874
0	-0.55	2.018589605764784
0	-0.55	2.231750966101267
0	-0.55	1.9028896107149942
0	-0.55	2.216638080178949
0	-0.55	2.2151570150976396
0	-0.55	1.4383694804711595
0	-0.55	3.2256617126583773
0	-0.55	2.2558716586484073
0	-0.55	1.9672038529176714
0	-0.55	1.674694424731336
0	-0.55	2.7556190418144713
0	-0.55	2.1134703322793125
0	-0.55	2.3357993447402716
0	-0.55	2.355958282570706
0	-0.55	1.5078363837889066
0	-0.55	2.6050047883491367
0	-0.55	2.5206974866916902
0	-0.55	2.0379597860427863
0	-0.55	2.3923152447896143
0	-0.55	2.424911194699596
0	-0.55	2.1754467938028044
0	-0.55	1.9591209284076294
0	-0.55	2.1931174296608016
0	-0.55	2.23796899564544
0	-0.55	2.4829976884297107
0	-0.55	2.362907740412071
0	-0.55	2.4248184658896794
0	-0.55	2.9601409356999144
0	-0.55	2.029531847975656
0	-0.55	2.7615876211653996
0	-0.55	2.188270909501537
0	-0.55	1.9991100674476616
0	-0.55	2.0021653564956097
0	-0.55	2.132677335203863
0	-0.55	2.691229886550603
0	-0.55	1.6262003750596723
0	-0.55	2.4614613630217943
0	-0.55	2.345019582184188
0	-0.55	2.2680192240937775
0	-0.55	2.404260777336433
0	-0.55	2.396985984074292
0	-0.55	2.571743394366668
0	-0.55	2.3858927618856183
0	-0.55	1.7320174931181809
0	-0.55	1.385095415339243
0	-0.55	1.4413560824194471
0	-0.55	2.3468195671253977
0	-0.55	2.1897955248717484
0	-0.55	2.133683758683009
0	-0.55	1.957959126386272
0	-0.55	2.2585421273565127
0	-0.55	1.9234810229332944
0	-0.55	2.40789166957883
0	-0.6	2.6155750617888334
0	-0.6	1.6603257161941385
0	-0.6	1.843547377933912
0	-0.6	2.4376851337911454
0	-0.6	2.4412199641626584
0	-0.6	2.442685551909639
0	-0.6	1.901132151958118
0	-0.6	2.724645883700196
0	-0.6	3.108039202775486
0	-0.6	2.123084300810386
0	-0.6	2.508349062670481
0	-0.6	2.5242942127692367
0	-0.6	2.647401033143409
0	-0.6	2.445814816378478
0	-0.6	3.3274855018892975
0	-0.6	2.0378270963803593
0	-0.6	2.3330878387167515
0	-0.6	2.416086089965442
0	-0.6	2.248113815392685
0	-0.6	1.525324880096198
0	-0.6	1.9221364790540736
0	-0.6	1.971234242545058
0	-0.6	3.197635645998029
0	-0.6	2.2779273388265198
0	-0.6	2.0617033888378167
0	-0.6	1.5837168596628346
0	-0.6	2.349874283354728
0	-0.6	1.3409240453546398
0	-0.6	2.312735027898644
0	-0.6	1.9347590758696551
0	-0.6	2.894485147897334
0	-0.6	2.1732958538459477
0	-0.6	2.380966089248209
0	-0.6	1.8520022107709095
0	-0.6	1.6558202830741633
0	-0.6	2.048847350403091
0	-0.6	2.428513892589355
0	-0.6	2.526097644743901
0	-0.6	1.790715553419351
0	-0.6	1.9269313114340714
0	-0.6	2.482224118708453
0	-0.6	2.3858228886471093
0	-0.6	2.772239735320127
0	-0.6	2.475077355602398
0	-0.6	2.421730715258681
0	-0.6	2.4485579162065187
0	-0.6	2.5432571659115695
0	-0.6	2.413151908553175
0	-0.6	2.187763453705874
0	-0.6	2.494693872329875
0	-0.6	2.2286998925454644
0	-0.6	2.5491901037777476
0	-0.6	2.3079647702034096
0	-0.6	2.5258019376895153
0	-0.6	2.1611202389932243
0	-0.6	3.2815289471370193
0	-0.6	2.403963715469966
0	-0.6	1.9603558372660759
0	-0.6	2.0119474501699814
0	-0.6	2.7649920123206426
0	-0.6	2.684303309675575
0	-0.6	2.501916025646714
0	-0.6	2.4252929228218862
0	-0.6	2.3244334052396063
0	-0.6	2.7974589751729826
0	-0.6	1.877917627893622
0	-0.6	2.2142006242427854
0	-0.6	2.417311571013044
0	-0.6	2.5070138264235533
0	-0.6	2.1617631510089224
0	-0.6	2.760691061701041
0	-0.6	2.476006789721325
0	-0.6	2.3643990851696057
0	-0.6	2.3927646161895115
0	-0.6	2.5784863333425982
0	-0.6	2.837673573220468
0	-0.6	1.9443837306531269
0	-0.6	2.487460328127749
0	-0.6	2.7475195620589994
0	-0.6	2.6082825117555872
0	-0.6	3.2179433949262535
0	-0.6	2.743320743114516
0	-0.6	2.438553352810515
0	-0.6	2.332216948939583
0	-0.6	2.4173109784045965
0	-0.6	2.910264014981841
0	-0.6	2.2216718456762887
0	-0.6	1.5061808847059812
0	-0.6	2.369399861025692
0	-0.6	2.477149922414854
0	-0.6	2.6761754557809785
0	-0.6	2.4760341234531023
0	-0.6	2.754192763134124
0	-0.6	1.5981044286409347
0	-0.6	2.2077046167437318
0	-0.6	2.5179817015845147
0	-0.6	2.6173630919770376
0	-0.6	2.2874837494232736
0	-0.6	2.589514028727514
0	-0.6	2.4005337658672934
0	-0.65	2.8775488692553934
0	-0.65	2.9987501155756005
0	-0.65	2.942990553915989
0	-0.65	2.498227281627199
0	-0.65	2.2812452188620105
0	-0.65	2.6677669038962106
0	-0.65	2.8140180678902804
0	-0.65	2.8716568866121017
0	-0.65	2.8975291036464474
0	-0.65	2.242425226322252
0	-0.65	3.2881016698010272
0	-0.65	2.9752355394718766
0	-0.65	2.93666397486419
0	-0.65	3.2964579932666513
0	-0.65	2.7585703053398545
0	-0.65	2.8457788670282143
0	-0.65	2.767350991920557
0	-0.65	3.577486782165413
0	-0.65	2.5515343752873467
0	-0.65	2.4825497074896345
0	-0.65	3.3926063181725983
0	-0.65	2.598520861755916
0	-0.65	3.171069045666371
0	-0.65	2.645366749415307
0	-0.65	2.033928019388941
0	-0.65	2.265908028896685
0	-0.65	2.5737621059265665
0	-0.65	1.9361598306294625
0	-0.65	2.753425502947524
0	-0.65	2.7977080126751988
0	-0.65	2.756128331828992
0	-0.65	3.11188019437993
0	-0.65	3.3979975729554015
0	-0.65	2.765771401877476
0	-0.65	3.0142027101873006
0	-0.65	3.481781665378614
0	-0.65	2.685444267271358
0	-0.65	3.419708289252672
0	-0.65	3.5525690796750817
0	-0.65	3.313103295873728
0	-0.65	2.961867177416633
0	-0.65	2.7547497638992104
0	-0.65	2.574069139205173
0	-0.65	3.2905860596741974
0	-0.65	3.0403037558759087
0	-0.65	2.808945854616998
0	-0.65	3.3480641635028108
0	-0.65	2.956493818811695
0	-0.65	2.8539747050077082
0	-0.65	2.913733086068428
0	-0.65	3.1383585782567067
0	-0.65	3.0645985007921825
0	-0.65	3.489501020661124
0	-0.65	3.149798335420882
0	-0.65	2.805361829420413
0	-0.65	2.9432655961862717
0	-0.65	2.5951102893426237
0	-0.65	2.9177664916925115
0	-0.65	2.7240814915606424
0	-0.65	3.1811579516823434
0	-0.65	3.0874001562618996
0	-0.65	2.7828602983292967
0	-0.65	2.909635121357881
0	-0.65	3.639217051263373
0	-0.65	2.994979996044673
0	-0.65	2.4797019401735336
0	-0.65	2.0258982446298184
0	-0.65	2.3199046590074683
0	-0.65	3.6199638351398926
0	-0.65	2.3839727668993826
0	-0.65	3.10018835923742
0	-0.65	2.8870038338362445
0	-0.65	2.9201577752052814
0	-0.65	3.099077569309216
0	-0.65	2.9330227766538672
0	-0.65	3.6953928836896517
0	-0.65	3.3986723128566143
0	-0.65	2.751432072075768
0	-0.65	1.993297514559831
0	-0.65	2.761059678268806
0	-0.65	3.731221232208515
0	-0.65	3.0294233998585214
0	-0.65	3.1958247611653747
0	-0.65	2.0806230799709406
0	-0.65	2.8363494361206736
0	-0.65	3.1061932534580046
0	-0.65	2.3862328238488026
0	-0.65	3.2016261728035142
0	-0.65	2.8943575326797766
0	-0.65	2.673496446120459
0	-0.65	2.933739325548874
0	-0.65	3.117427691858608
0	-0.65	3.230805849391665
0	-0.65	3.016044364684655
0	-0.65	2.5873261598583475
0	-0.65	3.007166667182322
0	-0.65	3.139192415104835
0	-0.65	2.454673469727112
0	-0.65	2.3719853668163693
0	-0.7	3.1895460877218778
0	-0.7	3.5700217281927578
0	-0.7	2.707223892348553
0	-0.7	3.484285264987968
0	-0.7	2.9808642581902665
0	-0.7	3.532550446970617
0	-0.7	3.635368744766888
0	-0.7	3.2921731244227894
0	-0.7	3.5737219011668078
0	-0.7	2.376428866520886
0	-0.7	3.3328301963079894
0	-0.7	2.702072500652363
0	-0.7	3.3852034111792224
0	-0.7	2.977473455629137
0	-0.7	3.0366545794657003
0	-0.7	2.926024056032742
0	-0.7	2.8463219637994643
0	-0.7	3.339920334720415
0	-0.7	3.3218525408092585
0	-0.7	2.5171840965941414
0	-0.7	2.5330161600179286
0	-0.7	2.6597925556594393
0	-0.7	2.952141115923225
0	-0.7	3.5649956853784324
0	-0.7	3.0727680707579816
0	-0.7	2.8088329754156507
0	-0.7	2.22668160922883
0	-0.7	2.723839558717055
0	-0.7	3.129863616100817
0	-0.7	3.0041210367516697
0	-0.7	2.9782819963211695
0	-0.7	2.810375425654746
0	-0.7	3.128790180085183
0	-0.7	2.5988328344641376
0	-0.7	2.3201294212140264
0	-0.7	2.608502021345822
0	-0.7	2.7838184393404157
0	-0.7	3.2736872446632828
0	-0.7	2.909600250319194
0	-0.7	3.3345346161819247
0	-0.7	3.5148371748462384
0	-0.7	2.785802937225036
0	-0.7	3.3584838488531688
0	-0.7	3.090792231857798
0	-0.7	3.256548550090976
0	-0.7	3.198186921423937
0	-0.7	3.943269188548931
0	-0.7	3.4150556864873227
0	-0.7	2.3645083594434824
0	-0.7	2.3354796979884345
0	-0.7	2.214479213885707
0	-0.7	2.448487020801089
0	-0.7	2.9574792458192536
0	-0.7	3.7236151718593904
0	-0.7	3.44164209501066
0	-0.7	3.644090543138646
0	-0.7	3.9306336709271066
0	-0.7	2.916221020468173
0	-0.7	3.4649920396065816
0	-0.7	2.7940738695880016
0	-0.7	2.751753663968904
0	-0.7	2.9456356174513676
0	-0.7	3.1747455694670283
0	-0.7	3.0688407267080744
0	-0.7	3.461553790680765
0	-0.7	3.656465695051026
0	-0.7	3.4534515441421436
0	-0.7	3.428059584744893
0	-0.7	3.3525143897117857
0	-0.7	2.708224603758369
0	-0.7	3.0947523285854723
0	-0.7	2.920270405865622
0	-0.7	3.0609042024253976
0	-0.7	2.966396708213756
0	-0.7	3.357884448421036
0	-0.7	2.5225537397295783
0	-0.7	3.362864291602755
0	-0.7	3.22339859284727
0	-0.7	3.3886472088188975
0	-0.7	3.275387820923671
0	-0.7	3.040458996317239
0	-0.7	3.1827305471478704
0	-0.7	2.460156149104337
0	-0.7	2.9744967292994837
0	-0.7	2.7349415696728574
0	-0.7	2.7937721859936917
0	-0.7	3.111319248462871
0	-0.7	3.2303621616252287
0	-0.7	3.0644757044644586
0	-0.7	3.0996813978256017
0	-0.7	3.253176094167151
0	-0.7	2.9484652206182793
0	-0.7	2.967212784953816
0	-0.7	3.646215590968387
0	-0.7	3.2223835869170974
0	-0.7	3.2402895082946834
0	-0.7	2.1829744266972635
0	-0.7	3.1518711124706194
0	-0.7	2.7266365942430806
0	-0.7	3.1263975963179784
0	-0.75	2.9674830129323837
0	-0.75	2.6795494886200095
0	-0.75	2.6966918342636106
0	-0.75	3.033818162119785
0	-0.75	3.3415487714672834
0	-0.75	3.0537542734199343
0	-0.75	2.8683581478550253
0	-0.75	2.6310932505662583
0	-0.75	3.613619939426813
0	-0.75	3.308533184186708
0	-0.75	3.6011151788814906
0	-0.75	3.5382272596232407
0	-0.75	3.081522217876643
0	-0.75	3.5287873670807968
0	-0.75	3.3887268378616944
0	-0.75	3.869487804981685
0	-0.75	3.226062547404782
0	-0.75	3.3314966779615296
0	-0.75	3.2902077203511078
0	-0.75	2.5205485250167694
0	-0.75	2.8329224235235815
0	-0.75	2.562569267576777
0	-0.75	3.619619981614847
0	-0.75	3.587042491570328
0	-0.75	3.5596985553235214
0	-0.75	3.30178959750126
0	-0.75	3.12188964605597
0	-0.75	3.1788996427972753
0	-0.75	2.9104076539909487
0	-0.75	3.254780230125112
0	-0.75	3.0445563004641687
0	-0.75	3.651254554621622
0	-0.75	2.394157941092268
0	-0.75	2.9013354013764583
0	-0.75	3.084138385542164
0	-0.75	2.8959870063530544
0	-0.75	3.643357094631386
0	-0.75	3.380874073758221
0	-0.75	3.5383694739296367
0	-0.75	3.5118330173440895
0	-0.75	3.2384417925012734
0	-0.75	3.2765803020589126
0	-0.75	3.260509575549348
0	-0.75	2.367994785861484
0	-0.75	3.2191768335898368
0	-0.75	3.1069668999957627
0	-0.75	3.367228163490688
0	-0.75	2.9118251121269125
0	-0.75	3.5480238779181885
0	-0.75	2.840419787542828
0	-0.75	3.3102272995336177
0	-0.75	3.7276604579873527
0	-0.75	3.12018310163971
0	-0.75	3.8015429770240323
0	-0.75	4.008542718823072
0	-0.75	3.286983444602712
0	-0.75	3.194896979862792
0	-0.75	2.838063742075406
0	-0.75	3.5297170943410414
0	-0.75	3.1410717343373364
0	-0.75	3.329898253765733
0	-0.75	3.5218720315644703
0	-0.75	3.117703145403313
0	-0.75	3.2854945377507123
0	-0.75	2.9188209722830076
0	-0.75	3.612920356064212
0	-0.75	3.1367663440801996
0	-0.75	3.4502125545275057
0	-0.75	2.6736872575969692
0	-0.75	3.3525041118439485
0	-0.75	3.1487356411224883
0	-0.75	3.33458967427485
0	-0.75	3.093446639951132
0	-0.75	3.39499718041136
0	-0.75	3.6646995079392433
0	-0.75	2.7584362103276026
0	-0.75	3.562125790134888
0	-0.75	3.4531438239033636
0	-0.75	2.692695508289109
0	-0.75	3.3724803443165374
0	-0.75	3.6358727726151145
0	-0.75	2.5288461965905054
0	-0.75	4.06550806137953
0	-0.75	3.5683058605159528
0	-0.75	3.523787188557996
0	-0.75	3.7635860773050887
0	-0.75	3.422499019006535
0	-0.75	3.2787224024187682
0	-0.75	3.8686853192108495
0	-0.75	3.7641787462858347
0	-0.75	3.9252722597820697
0	-0.75	3.80254407614562
0	-0.75	3.317989565540405
0	-0.75	2.9817442295560164
0	-0.75	2.8525862257219288
0	-0.75	3.8536561844589725
0	-0.75	4.109243357865963
0	-0.75	3.461116568901498
0	-0.75	3.0781260294339443
0	-0.75	3.5677395883123135
0	-0.8	3.6445631154101776
0	-0.8	3.793492615180124
0	-0.8	3.9717489995411723
0	-0.8	3.797894845814385
0	-0.8	2.990268613193808
0	-0.8	3.2440711777762616
0	-0.8	3.894017833286331
0	-0.8	3.9235907059232202
0	-0.8	4.015855693514296
0	-0.8	3.723476017134137
0	-0.8	3.7697198900784668
0	-0.8	3.708404513611408
0	-0.8	3.880717289885317
0	-0.8	3.523939721538183
0	-0.8	3.5129516325263874
0	-0.8	3.7701752998106377
0	-0.8	3.692990243316054
0	-0.8	3.052445569326497
0	-0.8	3.620358318150265
0	-0.8	3.6423585008124637
0	-0.8	3.299250143557211
0	-0.8	3.591968845975177
0	-0.8	3.701328666227204
0	-0.8	3.6866598857466593
0	-0.8	3.8933036210390455
0	-0.8	3.536328457559645
0	-0.8	3.5943590920405426
0	-0.8	3.9250525788962025
0	-0.8	4.373792227177887
0	-0.8	3.576968466036554
0	-0.8	3.8959408653733796
0	-0.8	4.29201951492106
0	-0.8	3.596722295341045
0	-0.8	3.4277372523077028
0	-0.8	3.7570301179515675
0	-0.8	3.3016930150615553
0	-0.8	3.5226200266722305
0	-0.8	4.045404810688611
0	-0.8	2.9094181408047466
0	-0.8	3.7155388454957015
0	-0.8	3.6375555925602274
0	-0.8	3.6605387548874653
0	-0.8	3.87869634093164
0	-0.8	3.8554229130970805
0	-0.8	3.5291416798356283
0	-0.8	3.2543681644458156
0	-0.8	3.7171126731397357
0	-0.8	3.533932555252518
0	-0.8	3.2268362240290256
0	-0.8	3.3061541658628997
0	-0.8	3.120940226499607
0	-0.8	3.400000081698042
0	-0.8	3.529848152843059
0	-0.8	3.6224369459106276
0	-0.8	3.2002998535845566
0	-0.8	3.1522704447696657
0	-0.8	3.721689464453233
0	-0.8	3.1929152862889207
0	-0.8	3.539822800043404
0	-0.8	3.7660363438996156
0	-0.8	3.0200983815838782
0	-0.8	3.330646110154086
0	-0.8	4.1445377626859115
0	-0.8	3.4706562538401795
0	-0.8	3.4331443605730874
0	-0.8	3.322021097609318
0	-0.8	3.5706374547150723
0	-0.8	3.6188804982366336
0	-0.8	3.2687759873942985
0	-0.8	2.9724062886100646
0	-0.8	3.5012475304599446
0	-0.8	3.284735614585686
0	-0.8	3.5135114621126484
0	-0.8	3.6496221392812873
0	-0.8	2.863389626935126
0	-0.8	4.088840942613012
0	-0.8	3.719442218480715
0	-0.8	3.2302282229744597
0	-0.8	4.061544145511135
0	-0.8	3.927261040606642
0	-0.8	3.9650584447688666
0	-0.8	3.2204857648842125
0	-0.8	3.94023651793096
0	-0.8	3.679601943558011
0	-0.8	3.9819109082509367
0	-0.8	3.7705837185631244
0	-0.8	3.308772434325588
0	-0.8	3.4918486185457502
0	-0.8	3.8177495313022782
0	-0.8	3.980076335453287
0	-0.8	3.4194252266596625
0	-0.8	3.4753578132421925
0	-0.8	3.331956588405003
0	-0.8	3.447234977362977
0	-0.8	3.672072892832272
0	-0.8	3.52901604186456
0	-0.8	3.5699284954340333
0	-0.8	4.159089953891043
0	-0.8	4.014434574051487
0	-0.8	3.462126482753288
0	-0.85	4.030255598322356
0	-0.85	3.1125733916808724
0	-0.85	3.550364615985553
0	-0.85	3.3924320089789246
0	-0.85	4.343215032674265
0	-0.85	4.032932473166285
0	-0.85	4.073837512309456
0	-0.85	4.267451682848001
0	-0.85	4.1742085976385175
0	-0.85	3.65900148476041
0	-0.85	3.7269991444725856
0	-0.85	3.6364348717077615
0	-0.85	3.1356077665381337
0	-0.85	3.5210915410720265
0	-0.85	3.6496959100820185
0	-0.85	3.699027811462253
0	-0.85	3.794992060326798
0	-0.85	4.321313354253948
0	-0.85	3.784241419995945
0	-0.85	4.047037400926781
0	-0.85	3.610841980073855
0	-0.85	3.5641084303390382
0	-0.85	3.0894501899493343
0	-0.85	3.3680965635638507
0	-0.85	4.304108629325548
0	-0.85	3.995726481974369
0	-0.85	4.1071060036363045
0	-0.85	4.311364423188541
0	-0.85	3.904482715347562
0	-0.85	3.5767244107584104
0	-0.85	3.8264341759926856
0	-0.85	4.042221203041871
0	-0.85	3.807541003604498
0	-0.85	4.516413045923383
0	-0.85	3.5241320015250843
0	-0.85	3.2749810626929756
0	-0.85	3.141539197589352
0	-0.85	3.6572981929201775
0	-0.85	4.181928120691403
0	-0.85	3.961657811651986
0	-0.85	4.45478075546105
0	-0.85	4.053695963376262
0	-0.85	3.9661481443717475
0	-0.85	3.693413674006902
0	-0.85	3.2282800167785624
0	-0.85	4.301215903614987
0	-0.85	3.7965202814655994
0	-0.85	4.349252760942972
0	-0.85	3.882230837299391
0	-0.85	4.255885312102459
0	-0.85	3.927081379868003
0	-0.85	3.2264340965034783
0	-0.85	3.587444351975077
0	-0.85	4.039792824456653
0	-0.85	3.9817079182278254
0	-0.85	3.9762116825473814
0	-0.85	3.3219848129360368
0	-0.85	4.308334125640664
0	-0.85	4.200379894239473
0	-0.85	3.9865679156301255
0	-0.85	3.6744258230569473
0	-0.85	3.800703359136478
0	-0.85	3.491019586453252
0	-0.85	3.138152347871121
0	-0.85	3.9714426705038317
0	-0.85	3.6511956281119318
0	-0.85	4.286204432439456
0	-0.85	3.678871068424745
0	-0.85	3.770670642902876
0	-0.85	3.8705317748050088
0	-0.85	3.5805085567871258
0	-0.85	4.161609384253939
0	-0.85	3.3588791030405276
0	-0.85	3.9180926381627903
0	-0.85	4.6304191403034745
0	-0.85	4.13273212717704
0	-0.85	3.933882084775885
0	-0.85	4.362005075479092
0	-0.85	4.131877980012445
0	-0.85	3.7921732663816266
0	-0.85	3.868650502238118
0	-0.85	4.451673464776044
0	-0.85	4.206578503962447
0	-0.85	3.3566497046153128
0	-0.85	3.220766044289569
0	-0.85	3.7055078655926788
0	-0.85	3.5411477607807145
0	-0.85	4.2466270153232
0	-0.85	3.721462695443413
0	-0.85	3.1860058897171535
0	-0.85	4.042970404038405
0	-0.85	3.1407246535487574
0	-0.85	3.2204683450295275
0	-0.85	4.251415859760139
0	-0.85	4.111911202527833
0	-0.85	3.87094055082141
0	-0.85	4.365301484876402
0	-0.85	3.8242031282742732
0	-0.85	4.225854519717033
0	-0.85	4.305536892252596
0	-0.9	4.566768711200442
0	-0.9	4.321230377423304
0	-0.9	4.269963106721392
0	-0.9	4.772472017009011
0	-0.9	4.628013717485795
0	-0.9	4.524132306289409
0	-0.9	4.067611923587482
0	-0.9	3.879645371541029
0	-0.9	4.633093026340752
0	-0.9	4.254796929707518
0	-0.9	4.240927274526705
0	-0.9	4.1682885621138315
0	-0.9	4.224963426953471
0	-0.9	3.419546199372557
0	-0.9	4.129794877128779
0	-0.9	4.571351217324089
0	-0.9	4.564235627343077
0	-0.9	4.136820493867225
0	-0.9	3.9115854253068556
0	-0.9	4.000272904961355
0	-0.9	4.519720185654103
0	-0.9	4.36706512448871
0	-0.9	3.893621510137428
0	-0.9	4.043445458044013
0	-0.9	4.87957000664878
0	-0.9	4.1877632328255014
0	-0.9	4.433033077189858
0	-0.9	4.615259042864159
0	-0.9	3.3169246926878757
0	-0.9	4.431256595000091
0	-0.9	4.016288535437378
0	-0.9	4.128842114313158
0	-0.9	4.831505826627698
0	-0.9	4.370197168661285
0	-0.9	4.468690655363735
0	-0.9	3.7662853575572104
0	-0.9	3.460924104053753
0	-0.9	4.892419501618358
0	-0.9	4.466502325642125
0	-0.9	3.9651880030917526
0	-0.9	3.6598921673122726
0	-0.9	4.3955173703049715
0	-0.9	4.307548476623049
0	-0.9	3.825004972499106
0	-0.9	4.014955610359346
0	-0.9	4.150781204412159
0	-0.9	4.501664952833576
0	-0.9	4.223406877288936
0	-0.9	3.7331896537814937
0	-0.9	3.8207370608723714
0	-0.9	4.387266560643231
0	-0.9	4.394151307058025
0	-0.9	3.853546193072183
0	-0.9	3.694681227489768
0	-0.9	3.7656878008440104
0	-0.9	3.9658749388216052
0	-0.9	4.930690684139132
0	-0.9	4.38172607243871
0	-0.9	4.219058211882947
0	-0.9	4.73415123213917
0	-0.9	4.800971848421721
0	-0.9	4.001310641341209
0	-0.9	3.975200999563491
0	-0.9	4.801877964001935
0	-0.9	4.0644554770286545
0	-0.9	3.662106242837823
0	-0.9	4.150944029526067
0	-0.9	4.039726537436999
0	-0.9	4.7563736908120875
0	-0.9	4.091127174815604
0	-0.9	3.5706560668097302
0	-0.9	4.225469624983639
0	-0.9	4.901203800243478
0	-0.9	4.514674155604536
0	-0.9	4.404720459025314
0	-0.9	4.407495911623733
0	-0.9	3.8480176015725407
0	-0.9	4.4104426597651445
0	-0.9	4.783753072110558
0	-0.9	4.430166435864821
0	-0.9	4.200275161707624
0	-0.9	4.9611366100637735
0	-0.9	4.464377943231126
0	-0.9	4.39156578834067
0	-0.9	4.032556114596393
0	-0.9	3.873184943049651
0	-0.9	4.641544412063189
0	-0.9	4.501996202716039
0	-0.9	4.184881731882305
0	-0.9	4.882068734620224
0	-0.9	4.676742394643354
0	-0.9	4.659630300270574
0	-0.9	4.500761799868032
0	-0.9	4.270408754592205
0	-0.9	4.458765784686386
0	-0.9	3.8754959245337597
0	-0.9	4.471565776911743
0	-0.9	4.234788751986165
0	-0.9	4.732048981607452
0	-0.95	4.757702555639759
0	-0.95	4.15283030854322
0	-0.95	4.816403496349344
0	-0.95	4.153619902450916
0	-0.95	4.718451867125296
0	-0.95	4.665545720036519
0	-0.95	4.245688225466988
0	-0.95	3.3538702632119146
0	-0.95	3.8117795768241005
0	-0.95	4.0057678984474565
0	-0.95	4.276998752173373
0	-0.95	4.116222698024286
0	-0.95	4.050010328802791
0	-0.95	5.105364659711561
0	-0.95	4.78035726340165
0	-0.95	4.333882830850568
0	-0.95	4.698003550880595
0	-0.95	4.267580073920889
0	-0.95	4.361320155324662
0	-0.95	4.189326326016488
0	-0.95	4.5572208249323465
0	-0.95	4.658978701522953
0	-0.95	4.732928758129328
0	-0.95	4.57432294300842
0	-0.95	4.3326528938888185
0	-0.95	4.0410371625992285
0	-0.95	4.290694170290262
0	-0.95	4.596705353494512
0	-0.95	4.493298517905581
0	-0.95	4.631873353575907
0	-0.95	3.761886329872952
0	-0.95	4.5746731169284
0	-0.95	4.21895703532792
0	-0.95	4.6443558770198
0	-0.95	4.446227650263129
0	-0.95	4.900248814725432
0	-0.95	4.134957212864753
0	-0.95	4.086707354941192
0	-0.95	4.193326519625343
0	-0.95	4.757226422094838
0	-0.95	4.09074216650165
0	-0.95	4.07836630938859
0	-0.95	4.449288809434933
0	-0.95	3.465376774866148
0	-0.95	3.6698564896718846
0	-0.95	4.103282347638291
0	-0.95	4.712857642573254
0	-0.95	4.480406007358985
0	-0.95	4.44225281839624
0	-0.95	3.6980502689431165
0	-0.95	4.269091933401353
0	-0.95	4.644974630043986
0	-0.95	4.347682316862566
0	-0.95	4.853220627944027
0	-0.95	4.278322975084621
0	-0.95	4.159983874309468
0	-0.95	4.144875063591686
0	-0.95	4.20069113297
0	-0.95	4.313734768491763
0	-0.95	3.950182260545638
0	-0.95	4.463682611546787
0	-0.95	4.922458638109434
0	-0.95	4.587762488057706
0	-0.95	4.563283187491399
0	-0.95	4.554730059519756
0	-0.95	3.764810767503783
0	-0.95	4.036255715138004
0	-0.95	4.488970239220538
0	-0.95	5.0149465478596555
0	-0.95	5.030797002746557
0	-0.95	4.5048637382135945
0	-0.95	4.819695224513721
0	-0.95	4.978126927934409
0	-0.95	5.013362585758833
0	-0.95	4.489614204887329
0	-0.95	4.44789575996514
0	-0.95	3.8598249528845994
0	-0.95	4.546651948838732
0	-0.95	4.354208049172855
0	-0.95	4.898139081022439
0	-0.95	4.593651955790578
0	-0.95	4.238879934898475
0	-0.95	5.044480051588194
0	-0.95	4.497890616651583
0	-0.95	4.0457674185007875
0	-0.95	4.34115811351136
0	-0.95	4.456289229458652
0	-0.95	4.058998600529973
0	-0.95	4.614816584284541
0	-0.95	4.577685080403175
0	-0.95	4.35861006393295
0	-0.95	4.949125735105491
0	-0.95	4.172123712066628
0	-0.95	4.252958966184481
0	-0.95	4.607761126089706
0	-0.95	4.097509763335452
0	-0.95	4.62450377606576
0	-0.95	4.071067418803192
0	-0.95	4.542201583982604
0	-1.0	4.908288267043501
0	-1.0	4.692035062497711
0	-1.0	5.127018119960833
0	-1.0	4.552138463404486
0	-1.0	5.122284665127164
0	-1.0	5.220666725330848
0	-1.0	4.623884924794158
0	-1.0	4.324438128193578
0	-1.0	5.336231732879714
0	-1.0	4.907763739763722
0	-1.0	5.053385474400847
0	-1.0	4.221635272975175
0	-1.0	4.822853380701399
0	-1.0	5.037412573455236
0	-1.0	5.17762535289925
0	-1.0	4.5612591296323535
0	-1.0	5.283707852980775
0	-1.0	4.826854697227488
0	-1.0	4.940387010748803
0	-1.0	4.417032366601539
0	-1.0	5.371375370260911
0	-1.0	4.701476314968172
0	-1.0	5.193217590465004
0	-1.0	4.907159195159941
0	-1.0	4.316074285615892
0	-1.0	5.224959037091651
0	-1.0	5.136374055922038
0	-1.0	5.4620676714614795
0	-1.0	4.826103013687405
0	-1.0	5.233151613045638
0	-1.0	5.073273898146285
0	-1.0	5.142929015903043
0	-1.0	4.922948421643458
0	-1.0	5.195779958552528
0	-1.0	4.648962026575135
0	-1.0	5.165413843422934
0	-1.0	4.897768910144201
0	-1.0	5.167705631728577
0	-1.0	5.809316452166841
0	-1.0	5.360657508924787
0	-1.0	4.715903802693941
0	-1.0	5.157635408881779
0	-1.0	4.8751442251247905
0	-1.0	4.993803714525717
0	-1.0	5.192079927943781
0	-1.0	5.094202757927896
0	-1.0	4.96915081843615
0	-1.0	5.096986348405612
0	-1.0	4.613639281971885
0	-1.0	5.035113372114235
0	-1.0	5.37697202418229
0	-1.0	5.33927637719676
0	-1.0	5.582239500357359
0	-1.0	4.695849540024012
0	-1.0	5.241221325513595
0	-1.0	5.483863810872444
0	-1.0	5.072429829926606
0	-1.0	4.773686939213131
0	-1.0	4.551971739184294
0	-1.0	4.971485758307544
0	-1.0	5.1996877208353585
0	-1.0	4.959912556794729
0	-1.0	5.877441995559862
0	-1.0	4.975439155340067
0	-1.0	5.38199697982028
0	-1.0	5.2593157276394
0	-1.0	4.706519297189062
0	-1.0	4.952542282438724
0	-1.0	4.432507884705677
0	-1.0	5.01225398512723
0	-1.0	5.339437142643548
0	-1.0	4.775459103611276
0	-1.0	4.828496569068986
0	-1.0	5.184161930896183
0	-1.0	5.801831527723903
0	-1.0	5.102852518065542
0	-1.0	4.617427449652456
0	-1.0	4.645462874486942
0	-1.0	4.52417591302924
0	-1.0	5.2073695771440525
0	-1.0	5.517389392689591
0	-1.0	5.061252319598849
0	-1.0	5.692312908104531
0	-1.0	4.961693756873217
0	-1.0	4.972679571858137
0	-1.0	4.898307455250216
0	-1.0	4.9437723936501055
0	-1.0	4.639829805325442
0	-1.0	5.166759050198762
0	-1.0	5.290325588799377
0	-1.0	4.874215992600051
0	-1.0	4.668531241748242
0	-1.0	4.678340531715885
0	-1.0	5.086193314470227
0	-1.0	4.691608859380113
0	-1.0	5.315216352420117
0	-1.0	5.047474425853031
0	-1.0	5.207821128758194
0	-1.0	5.160349442694335
0	-1.0	5.116244902527387
0	-1.05	5.191579874391963
0	-1.05	5.1191407155433755
0	-1.05	4.547297394130266
0	-1.05	5.7885912126486705
0	-1.05	5.228407498216944
0	-1.05	5.242612639845648
0	-1.05	5.042748156611475
0	-1.05	5.044778131411813
0	-1.05	4.923474807909659
0	-1.05	5.274504666346571
0	-1.05	5.135965980910087
0	-1.05	5.181004408922646
0	-1.05	5.410875076726799
0	-1.05	4.716042962222069
0	-1.05	4.852862086538219
0	-1.05	4.6830131398018136
0	-1.05	5.192505221793321
0	-1.05	5.284181613411104
0	-1.05	5.55810799949553
0	-1.05	5.270711242930333
0	-1.05	5.094629749677365
0	-1.05	5.340333728090919
0	-1.05	5.09459297470294
0	-1.05	5.083469354235587
0	-1.05	4.963996808219971
0	-1.05	5.243103306494277
0	-1.05	4.768333747260419
0	-1.05	5.004146597414098
0	-1.05	5.313864154879809
0	-1.05	5.436252677198245
0	-1.05	4.768643362266814
0	-1.05	5.16760405533279
0	-1.05	5.188028620752227
0	-1.05	5.176181353248597
0	-1.05	4.731926504761293
0	-1.05	4.958510105059547
0	-1.05	5.031632875392183
0	-1.05	4.918986428853635
0	-1.05	4.979969392339335
0	-1.05	5.419723896619653
0	-1.05	4.890708589326485
0	-1.05	5.020925879616604
0	-1.05	5.133681023771554
0	-1.05	4.473989163823879
0	-1.05	4.59124204098234
0	-1.05	5.194666615368308
0	-1.05	5.517004624582179
0	-1.05	4.9540764074005645
0	-1.05	5.224456564576879
0	-1.05	5.468379208998039
0	-1.05	4.615871002406431
0	-1.05	4.720376492816428
0	-1.05	4.740130917913214
0	-1.05	4.772032482947112
0	-1.05	4.838610905087016
0	-1.05	5.284990478638502
0	-1.05	4.861883383425862
0	-1.05	5.349169413288449
0	-1.05	4.656625163504816
0	-1.05	5.756887164658975
0	-1.05	4.885006537890021
0	-1.05	5.355195952233667
0	-1.05	5.611089823472163
0	-1.05	5.049830681452764
0	-1.05	5.044820451908753
0	-1.05	5.411234867492985
0	-1.05	4.8058719124667135
0	-1.05	4.290061851346832
0	-1.05	5.315093090868
0	-1.05	4.917356435645008
0	-1.05	5.3174703363707865
0	-1.05	4.83795634924095
0	-1.05	5.656790420794326
0	-1.05	5.038606488995369
0	-1.05	5.08977008344575
0	-1.05	4.889626869184582
0	-1.05	4.840781326752412
0	-1.05	4.911685715592494
0	-1.05	5.617222296752411
0	-1.05	4.849250009533598
0	-1.05	4.574079430046569
0	-1.05	5.065437642872778
0	-1.05	5.3652093072821225
0	-1.05	5.345893631237858
0	-1.05	5.8240077746470655
0	-1.05	5.110870878734576
0	-1.05	5.455857483179721
0	-1.05	5.244271855380212
0	-1.05	5.009508820050741
0	-1.05	4.798894169286466
0	-1.05	5.080932365432656
0	-1.05	5.206410430059193
0	-1.05	5.305352227265439
0	-1.05	4.925120727469735
0	-1.05	4.509272222944101
0	-1.05	5.172607472286193
0	-1.05	5.119102395327513
0	-1.05	5.0009314825826845
0	-1.05	5.812141185564018
0	-1.05	5.502600996255657
0	-1.1	5.1872348446719965
0	-1.1	5.481006721408968
0	-1.1	5.582561250969193
0	-1.1	5.65026674942335
0	-1.1	5.309911230488313
0	-1.1	5.681111323930825
0	-1.1	5.282370910690241
0	-1.1	5.229615071851892
0	-1.1	5.468591593559908
0	-1.1	4.993166084776017
0	-1.1	5.985370771311655
0	-1.1	5.2405033454768475
0	-1.1	5.579087471826539
0	-1.1	5.423823753924125
0	-1.1	4.9775957865840885
0	-1.1	5.399087855844934
0	-1.1	5.736870324514352
0	-1.1	5.8405786846735595
0	-1.1	6.0400843897670695
0	-1.1	4.9413160136309715
0	-1.1	5.3421499661215925
0	-1.1	5.662564335560784
0	-1.1	4.7118548440861865
0	-1.1	5.622862391417937
0	-1.1	5.5759961856154225
0	-1.1	5.693111952444207
0	-1.1	5.429941327895682
0	-1.1	5.423591842157516
0	-1.1	5.7605373896153145
0	-1.1	5.555275321402423
0	-1.1	5.553635249248459
0	-1.1	5.579938086563461
0	-1.1	5.7918010053803295
0	-1.1	5.28196814022464
0	-1.1	5.859267006180164
0	-1.1	5.252689057033855
0	-1.1	4.8479233486943105
0	-1.1	4.884853152401191
0	-1.1	5.657050289429589
0	-1.1	5.14954457447798
0	-1.1	4.854077881370875
0	-1.1	4.917111003597639
0	-1.1	5.648229610094179
0	-1.1	5.390547267990367
0	-1.1	5.521615616915899
0	-1.1	5.441257948371519
0	-1.1	5.643975238267722
0	-1.1	5.464594156576375
0	-1.1	5.162670021728362
0	-1.1	5.592552180097238
0	-1.1	5.416218274762628
0	-1.1	5.5969859114546345
0	-1.1	5.1537614932062015
0	-1.1	5.617670552642978
0	-1.1	5.916290555853729
0	-1.1	6.05044327440385
0	-1.1	5.572237796349781
0	-1.1	6.103881167289532
0	-1.1	5.3002006353743925
0	-1.1	5.313248357749267
0	-1.1	5.830608611544694
0	-1.1	5.775030270747036
0	-1.1	4.975975865253484
0	-1.1	5.459304643486746
0	-1.1	5.306072815779948
0	-1.1	5.28941136390096
0	-1.1	5.292592856155851
0	-1.1	5.887169413637253
0	-1.1	5.531281467942367
0	-1.1	5.899729258952611
0	-1.1	5.323941370618658
0	-1.1	5.237355104290556
0	-1.1	5.35116034890372
0	-1.1	4.796948401640974
0	-1.1	4.927346946459837
0	-1.1	5.865237810812034
0	-1.1	5.06631150407928
0	-1.1	5.1519793842383725
0	-1.1	5.358775787053081
0	-1.1	5.513994858023302
0	-1.1	5.63885368856271
0	-1.1	4.908181766424181
0	-1.1	5.488314420506834
0	-1.1	5.735461777277166
0	-1.1	5.117247734404632
0	-1.1	5.638125912930694
0	-1.1	5.259605446431
0	-1.1	5.819325655493918
0	-1.1	6.0569397362784345
0	-1.1	5.861027080148135
0	-1.1	5.0176302238762585
0	-1.1	5.466922205923118
0	-1.1	5.673432872002731
0	-1.1	5.309177989579705
0	-1.1	4.727716651888146
0	-1.1	5.256280312834372
0	-1.1	5.463070211740859
0	-1.1	5.343830031345256
0	-1.1	5.360546323704083
0	-1.1	4.942583041428429
0	-1.15	5.835269799062757
0	-1.15	4.837849672618987
0	-1.15	6.391858097890507
0	-1.15	5.8589388735387145
0	-1.15	5.257169511790728
0	-1.15	5.644530000753979
0	-1.15	5.913937858210637
0	-1.15	5.429989897750114
0	-1.15	5.910935909992614
0	-1.15	5.867757213005513
0	-1.15	5.960180209499299
0	-1.15	5.52736148381049
0	-1.15	5.28094852136827
0	-1.15	6.140362178607895
0	-1.15	5.75608192346972
0	-1.15	6.14776710978017
0	-1.15	5.800608182324009
0	-1.15	6.231929270997695
0	-1.15	5.4822809705345525
0	-1.15	5.594077975199985
0	-1.15	5.762224043896784
0	-1.15	5.540289911435054
0	-1.15	5.951836171311278
0	-1.15	5.786240374001277
0	-1.15	5.7163095239107795
0	-1.15	5.499711123209239
0	-1.15	5.8648757072606355
0	-1.15	5.455054203285481
0	-1.15	6.538400140925754
0	-1.15	6.102320414217239
0	-1.15	5.253311998137519
0	-1.15	6.067631901842937
0	-1.15	5.833581016073307
0	-1.15	6.439921811904328
0	-1.15	6.260183857901825
0	-1.15	5.7033731836076305
0	-1.15	5.461577425798081
0	-1.15	5.258431601501855
0	-1.15	6.129728287966717
0	-1.15	5.781394580026987
0	-1.15	5.993910838634954
0	-1.15	5.544686870396707
0	-1.15	5.2779840686578865
0	-1.15	5.23019254958818
0	-1.15	5.9070445830510305
0	-1.15	5.586743784514004
0	-1.15	5.300617170118189
0	-1.15	5.086496811031307
0	-1.15	5.986242921760048
0	-1.15	6.305006087505984
0	-1.15	5.4477737295010495
0	-1.15	5.778699587740045
0	-1.15	5.0649864697734825
0	-1.15	5.506637629997611
0	-1.15	5.4358146713994255
0	-1.15	5.504302751581727
0	-1.15	5.040904158680799
0	-1.15	5.544107339527826
0	-1.15	5.906592192974884
0	-1.15	5.763753647595634
0	-1.15	5.902203860420458
0	-1.15	5.533820474058444
0	-1.15	6.105666088341803
0	-1.15	5.686828032922627
0	-1.15	5.93983330283302
0	-1.15	5.4045920268512955
0	-1.15	5.32171594650801
0	-1.15	5.9117518172423305
0	-1.15	5.672435261967288
0	-1.15	5.392475149315681
0	-1.15	4.753345411228427
0	-1.15	5.733392201304512
0	-1.15	5.600520059651216
0	-1.15	6.028299728922632
0	-1.15	6.122011324344939
0	-1.15	5.96748745657354
0	-1.15	5.794210546086934
0	-1.15	5.655976925271748
0	-1.15	5.296377406212491
0	-1.15	6.379540855155502
0	-1.15	6.113096908511535
0	-1.15	5.63959165824734
0	-1.15	5.472212723869426
0	-1.15	5.395968638413672
0	-1.15	5.702565795536464
0	-1.15	5.452318725904634
0	-1.15	5.202008339380523
0	-1.15	6.14938904517445
0	-1.15	5.438235087043469
0	-1.15	5.91272423471571
0	-1.15	5.751283630890825
0	-1.15	5.100881496867036
0	-1.15	5.743431990173873
0	-1.15	6.043945428098655
0	-1.15	5.074231743063163
0	-1.15	5.719562360174903
0	-1.15	5.649558797728543
0	-1.15	5.778949502784767
0	-1.15	6.107309722312281
0	-1.15	6.014479966551672
0	-1.2	6.137006004089243
0	-1.2	5.603121681373844
0	-1.2	5.987770159415283
0	-1.2	6.585360188860054
0	-1.2	6.205078091339899
0	-1.2	6.739311133961165
0	-1.2	5.918201841613134
0	-1.2	6.378636291642836
0	-1.2	6.129661167122747
0	-1.2	5.95672397304084
0	-1.2	5.76166827688211
0	-1.2	6.29764712884397
0	-1.2	6.4286160944844895
0	-1.2	6.376728042468953
0	-1.2	5.800733495887828
0	-1.2	7.508887255322335
0	-1.2	5.841378578621928
0	-1.2	5.798666724131564
0	-1.2	6.473113787105014
0	-1.2	6.383274544100577
0	-1.2	6.521757092590444
0	-1.2	6.12063518422234
0	-1.2	6.159327535521659
0	-1.2	6.207944653279475
0	-1.2	6.0275074834466436
0	-1.2	6.419202674718253
0	-1.2	6.0556610753245215
0	-1.2	5.262860049413819
0	-1.2	6.782355599283716
0	-1.2	5.630076198625172
0	-1.2	5.953633680324361
0	-1.2	6.726287749896685
0	-1.2	5.903825492719429
0	-1.2	5.63378801370231
0	-1.2	6.036721268999127
0	-1.2	6.122657196631019
0	-1.2	6.321868920898859
0	-1.2	5.883346731786553
0	-1.2	5.665136817350836
0	-1.2	6.568494438737535
0	-1.2	5.871154161003574
0	-1.2	6.756374396989592
0	-1.2	6.533633374332813
0	-1.2	5.615987047261908
0	-1.2	6.760564354840316
0	-1.2	5.972839527036201
0	-1.2	6.161728828178285
0	-1.2	6.355268874738565
0	-1.2	6.455646847928093
0	-1.2	6.061324516360137
0	-1.2	6.678811417200008
0	-1.2	6.504508724086744
0	-1.2	6.425152902604229
0	-1.2	5.7542870206373475
0	-1.2	5.548394030892837
0	-1.2	6.598895554531784
0	-1.2	6.479571997607599
0	-1.2	6.285171778372271
0	-1.2	5.8209178334503555
0	-1.2	6.120244320207529
0	-1.2	6.26023729062328
0	-1.2	6.32169655467054
0	-1.2	5.495949151263693
0	-1.2	6.07350314902955
0	-1.2	6.220268587835999
0	-1.2	5.537212507102522
0	-1.2	6.307268976313168
0	-1.2	6.162730698445503
0	-1.2	5.505830919543407
0	-1.2	5.977317923616931
0	-1.2	6.214363387420411
0	-1.2	6.192934011715451
0	-1.2	5.985025840409549
0	-1.2	5.900378024633773
0	-1.2	6.411751561094849
0	-1.2	5.714350825175853
0	-1.2	5.701201140503756
0	-1.2	6.329636684935015
0	-1.2	5.4967581300267305
0	-1.2	5.4263483544540385
0	-1.2	6.257015590888493
0	-1.2	5.621699096647299
0	-1.2	6.3796387863864
0	-1.2	5.606247054023654
0	-1.2	6.320813050564799
0	-1.2	6.218289591806774
0	-1.2	6.01312015164765
0	-1.2	6.275922181172028
0	-1.2	5.786666038895982
0	-1.2	5.9522688203312555
0	-1.2	6.1534254292448365
0	-1.2	6.484352695027341
0	-1.2	6.210903578123244
0	-1.2	6.2396129496707236
0	-1.2	6.366642638213351
0	-1.2	5.923449523639476
0	-1.2	5.57928275980374
0	-1.2	5.6705899902048085
0	-1.2	5.503561677644662
0	-1.2	6.262422565067894
0	-1.25	6.7360434065892285
0	-1.25	6.63233604725648
0	-1.25	7.3203959459981585
0	-1.25	6.855586310842483
0	-1.25	6.7986729060572815
0	-1.25	6.7609087002608295
0	-1.25	6.464419550450066
0	-1.25	6.847854622334084
0	-1.25	6.249704400615602
0	-1.25	6.434056121515146
0	-1.25	6.512910094158857
0	-1.25	6.637564697614884
0	-1.25	6.234877391468536
0	-1.25	6.3993249500433365
0	-1.25	6.040193890751264
0	-1.25	6.478315928200297
0	-1.25	6.667085436155617
0	-1.25	6.654430325431578
0	-1.25	6.112811976275113
0	-1.25	6.170956685191306
0	-1.25	6.898189600227196
0	-1.25	6.5459125740827
0	-1.25	6.513673519867024
0	-1.25	6.0733261803740035
0	-1.25	7.099670820666954
0	-1.25	6.541826292325772
0	-1.25	6.068258334532215
0	-1.25	6.5777802942235954
0	-1.25	6.184633095799242
0	-1.25	6.26437410508244
0	-1.25	6.435304704639916
0	-1.25	6.17303397729365
0	-1.25	6.3787716298975585
0	-1.25	6.358709301736255
0	-1.25	6.852792427619481
0	-1.25	6.646633853423025
0	-1.25	6.510956142424849
0	-1.25	6.61325977929037
0	-1.25	6.108627805437421
0	-1.25	6.314622638577284
0	-1.25	6.406408643069542
0	-1.25	6.173350885505083
0	-1.25	6.586312371650703
0	-1.25	5.9268507739978515
0	-1.25	6.363072654076747
0	-1.25	6.7320041859872655
0	-1.25	6.6542821581270335
0	-1.25	5.656226293578461
0	-1.25	6.745210363918404
0	-1.25	6.833549128044072
0	-1.25	6.578217659051114
0	-1.25	6.462192409251222
0	-1.25	6.628492987141065
0	-1.25	6.416650492565272
0	-1.25	5.556647578237944
0	-1.25	6.936951734680527
0	-1.25	6.555862252817905
0	-1.25	6.837990231157404
0	-1.25	6.685996976558433
0	-1.25	6.685805346573256
0	-1.25	6.330386987164428
0	-1.25	6.814443484224865
0	-1.25	6.209152625762487
0	-1.25	6.671932740748582
0	-1.25	6.264250697628597
0	-1.25	6.8516720561597895
0	-1.25	6.210618301653155
0	-1.25	6.503123089539136
0	-1.25	6.85028411754951
0	-1.25	6.405163514639517
0	-1.25	6.670306753819304
0	-1.25	6.876541511037769
0	-1.25	6.722227997862049
0	-1.25	6.344688968471528
0	-1.25	6.195963079447966
0	-1.25	6.758378482475604
0	-1.25	6.667418447357491
0	-1.25	6.890649026268359
0	-1.25	7.276007134811347
0	-1.25	6.69738917760922
0	-1.25	6.624991765499675
0	-1.25	6.337667284031212
0	-1.25	5.8097753608550855
0	-1.25	6.573997119740224
0	-1.25	6.079823981212757
0	-1.25	6.328529148018132
0	-1.25	6.685043680572298
0	-1.25	6.2309658779810775
0	-1.25	6.74776055783703
0	-1.25	6.941298793657383
0	-1.25	6.778719541874985
0	-1.25	6.93464184833058
0	-1.25	6.752685013688423
0	-1.25	6.158819605890878
0	-1.25	6.301351852507758
0	-1.25	6.4964098611445245
0	-1.25	6.791684700549334
0	-1.25	6.373165081368265
0	-1.25	6.333857679946931
0	-1.25	6.453675725593159
0	-1.3	6.79278174557312
0	-1.3	6.197429896678344
0	-1.3	6.604339916715684
0	-1.3	6.665431912484012
0	-1.3	6.576157545943152
0	-1.3	7.0915290732840015
0	-1.3	6.5651865419651205
0	-1.3	6.398741526475282
0	-1.3	6.064812342284095
0	-1.3	6.735617666889519
0	-1.3	6.5888863983703425
0	-1.3	6.381343753100601
0	-1.3	6.704161176618045
0	-1.3	6.330493337627661
0	-1.3	6.547636603107425
0	-1.3	7.091775809119888
0	-1.3	7.192937639739637
0	-1.3	6.48637387812405
0	-1.3	7.180295765272197
0	-1.3	7.030879032073856
0	-1.3	6.444892703101963
0	-1.3	6.951269490819864
0	-1.3	6.3884987424371475
0	-1.3	6.708328589998473
0	-1.3	6.9747020913668125
0	-1.3	6.984931029192231
0	-1.3	6.16809027258542
0	-1.3	6.431375244546253
0	-1.3	6.509465280863792
0	-1.3	7.1730619157410205
0	-1.3	7.146532050726591
0	-1.3	6.43525901401448
0	-1.3	6.617358319757291
0	-1.3	6.886358049507667
0	-1.3	6.610743876517697
0	-1.3	6.023717433049322
0	-1.3	6.610044704473336
0	-1.3	6.497857839379773
0	-1.3	6.289252715940294
0	-1.3	6.460227870990903
0	-1.3	6.746792079950854
0	-1.3	6.465026419706539
0	-1.3	6.585154489046408
0	-1.3	6.65834240076985
0	-1.3	6.579725264419389
0	-1.3	6.750187752944276
0	-1.3	6.099869752651646
0	-1.3	6.627911925604052
0	-1.3	6.44098087372672
0	-1.3	6.500040587973636
0	-1.3	7.001293869858628
0	-1.3	6.258607048926012
0	-1.3	6.506205077273809
0	-1.3	6.848280160718227
0	-1.3	6.857626902528946
0	-1.3	6.575337131842744
0	-1.3	6.5567571297380365
0	-1.3	6.849533963218298
0	-1.3	6.909736917044792
0	-1.3	6.451407934864366
0	-1.3	6.569060367872611
0	-1.3	6.355905494435937
0	-1.3	6.096517847949681
0	-1.3	6.3531541921168015
0	-1.3	6.6625137137948
0	-1.3	6.78642494535179
0	-1.3	7.185376572651691
0	-1.3	6.692301060214004
0	-1.3	6.883053341399954
0	-1.3	6.645978773721879
0	-1.3	6.518913167161017
0	-1.3	6.927414202906645
0	-1.3	7.114486190830204
0	-1.3	6.988120696917666
0	-1.3	6.505776937568339
0	-1.3	6.793195202944559
0	-1.3	6.808406235682736
0	-1.3	6.6364852921330755
0	-1.3	6.4458926731625725
0	-1.3	6.253326333703398
0	-1.3	6.454914603962829
0	-1.3	6.692097455123348
0	-1.3	6.6896901539999885
0	-1.3	6.309960035219522
0	-1.3	6.170334675297152
0	-1.3	6.587237169079617
0	-1.3	6.979697921903014
0	-1.3	6.95220087467077
0	-1.3	6.026904514590044
0	-1.3	6.730099655197384
0	-1.3	6.776557810503925
0	-1.3	6.05316249839356
0	-1.3	6.511906892362083
0	-1.3	6.863687237436836
0	-1.3	6.963745683455035
0	-1.3	6.14104556287346
0	-1.3	6.138923577923057
0	-1.3	6.433157129174617
0	-1.3	6.7523450556245335
0	-1.3	7.238733962949314
0	-1.35	7.455397958280617
0	-1.35	6.991220123800362
0	-1.35	6.947445769766417
0	-1.35	7.463813291810948
0	-1.35	6.844923224658336
0	-1.35	6.662139852251356
0	-1.35	6.892624501168958
0	-1.35	7.115770691198996
0	-1.35	7.049690481108379
0	-1.35	6.999206845576272
0	-1.35	6.4741833403283415
0	-1.35	7.110314007584508
0	-1.35	7.278482775252814
0	-1.35	6.634005871357964
0	-1.35	6.957577970492585
0	-1.35	6.942927388236976
0	-1.35	7.316859713598964
0	-1.35	7.20282671865728
0	-1.35	7.569618081117348
0	-1.35	6.667785721600505
0	-1.35	6.556741784760654
0	-1.35	6.23890109556567
0	-1.35	7.295794962284685
0	-1.35	6.466216108266653
0	-1.35	6.519654676114828
0	-1.35	6.711872574882892
0	-1.35	6.638307133805612
0	-1.35	6.449557433530232
0	-1.35	7.0445032846300055
0	-1.35	6.915983915328895
0	-1.35	6.679317529442753
0	-1.35	7.614794450648856
0	-1.35	7.123995936887787
0	-1.35	7.008568564665347
0	-1.35	7.129475997087216
0	-1.35	6.9566387048279
0	-1.35	7.472416609972556
0	-1.35	6.922638208346531
0	-1.35	7.422511742978564
0	-1.35	6.842012218165195
0	-1.35	7.027607291098239
0	-1.35	6.670679571787767
0	-1.35	6.18544068335175
0	-1.35	6.800677867014006
0	-1.35	7.540710509413411
0	-1.35	6.928567040027147
0	-1.35	6.356307955896184
0	-1.35	6.575264499731524
0	-1.35	6.772450688214967
0	-1.35	7.371993013252705
0	-1.35	6.356826545397029
0	-1.35	6.527608217937606
0	-1.35	7.264705531054478
0	-1.35	7.303035662702001
0	-1.35	6.629452044235997
0	-1.35	7.066186777540045
0	-1.35	7.072836592626201
0	-1.35	7.157398955600265
0	-1.35	6.94173012552275
0	-1.35	6.968715844673692
0	-1.35	6.126331867395147
0	-1.35	7.519231371415703
0	-1.35	7.086639865763838
0	-1.35	6.896008240160262
0	-1.35	7.039581334604051
0	-1.35	6.947781449452913
0	-1.35	6.5001090674921445
0	-1.35	6.971143343608083
0	-1.35	6.72602595939815
0	-1.35	6.777557741916112
0	-1.35	6.972387409335086
0	-1.35	6.695560347049601
0	-1.35	7.23874327345573
0	-1.35	6.652421892533223
0	-1.35	6.508237231376174
0	-1.35	6.827994350861893
0	-1.35	7.213607972860754
0	-1.35	6.2485390098601465
0	-1.35	6.8206164017740765
0	-1.35	6.016563491281906
0	-1.35	6.528359973609552
0	-1.35	7.097914607942067
0	-1.35	6.545386656172274
0	-1.35	6.641498879293678
0	-1.35	7.075970595080796
0	-1.35	6.669952329288249
0	-1.35	6.998641955886352
0	-1.35	6.620773887725346
0	-1.35	7.285166063508937
0	-1.35	6.885481056028459
0	-1.35	6.710356003402271
0	-1.35	6.6118674372922515
0	-1.35	6.342169708379507
0	-1.35	6.84521367941181
0	-1.35	6.825703178502304
0	-1.35	7.402656155721709
0	-1.35	6.735021326208824
0	-1.35	6.896998839948283
0	-1.35	6.546416105296333
0	-1.35	6.943588265286221
0	-1.4	7.575062850986717
0	-1.4	7.726142463278982
0	-1.4	7.778611603227294
0	-1.4	7.688024716701261
0	-1.4	7.4119019961440955
0	-1.4	7.027776372868219
0	-1.4	7.473550368438401
0	-1.4	7.1378949188055465
0	-1.4	7.212984426270665
0	-1.4	6.942082196830309
0	-1.4	7.496552064358971
0	-1.4	8.045289294594925
0	-1.4	7.258904338931329
0	-1.4	7.032466692694518
0	-1.4	7.413686874455094
0	-1.4	7.208879313726431
0	-1.4	6.931553644787583
0	-1.4	7.507182752872378
0	-1.4	7.306823876297932
0	-1.4	6.9652543353656435
0	-1.4	7.544820617766118
0	-1.4	7.638561078920624
0	-1.4	7.5643291539505935
0	-1.4	6.939380967180775
0	-1.4	7.578894076918177
0	-1.4	7.141230514128172
0	-1.4	6.911206252894338
0	-1.4	7.127659648753876
0	-1.4	7.372862795228439
0	-1.4	8.077083867239391
0	-1.4	7.524733634687721
0	-1.4	7.131690984271166
0	-1.4	7.335732230159771
0	-1.4	7.5476359137589135
0	-1.4	7.440273390663011
0	-1.4	7.381162196203937
0	-1.4	7.626634357521943
0	-1.4	6.9493702865239575
0	-1.4	8.160871841379473
0	-1.4	6.940931789671296
0	-1.4	6.951681926603354
0	-1.4	7.881723719643633
0	-1.4	7.254524387737734
0	-1.4	7.268201897436139
0	-1.4	7.190243978894645
0	-1.4	7.03224854663841
0	-1.4	7.610857437581185
0	-1.4	7.174134508178348
0	-1.4	6.924041336077156
0	-1.4	7.725264957205882
0	-1.4	7.370756064115197
0	-1.4	7.2214300269083145
0	-1.4	7.034327326527183
0	-1.4	7.077562844237372
0	-1.4	7.560061994180388
0	-1.4	7.8648962885014235
0	-1.4	8.226014994068827
0	-1.4	7.534956363886262
0	-1.4	7.594072328491882
0	-1.4	7.472685035453516
0	-1.4	7.678941774747836
0	-1.4	7.757170900754731
0	-1.4	7.5444982969712955
0	-1.4	8.252465330175069
0	-1.4	7.352088742482621
0	-1.4	7.7485608489601665
0	-1.4	7.310107212323806
0	-1.4	7.29415498726435
0	-1.4	8.018923915477801
0	-1.4	7.594509254291135
0	-1.4	7.483789286110763
0	-1.4	6.639323171234496
0	-1.4	7.0835287880265065
0	-1.4	7.044538049803133
0	-1.4	7.41620284063839
0	-1.4	7.819774857854801
0	-1.4	7.020072881659465
0	-1.4	7.349194232118301
0	-1.4	6.922957722311356
0	-1.4	7.023783705609085
0	-1.4	7.041865601752532
0	-1.4	7.523654774075891
0	-1.4	7.089523272649382
0	-1.4	7.573218418951648
0	-1.4	7.933502320180346
0	-1.4	7.0630904971004
0	-1.4	6.850439716824796
0	-1.4	7.123847488302004
0	-1.4	7.086266292126437
0	-1.4	7.294040051298511
0	-1.4	6.983270313892578
0	-1.4	7.29520702534107
0	-1.4	7.543830492975883
0	-1.4	7.050998219400601
0	-1.4	7.210384744024968
0	-1.4	7.2908305589873725
0	-1.4	7.413280902649136
0	-1.4	7.381670443071791
0	-1.4	7.539329997309869
0	-1.4	7.249935723572754
