0.0	0.5	1.645796894215146
0.0	0.5	2.02981676528782
0.0	0.5	1.7685720286508058
0.0	0.5	2.1164941895697917
0.0	0.5	2.767534766415598
0.0	0.5	2.3068306422460143
0.0	0.5	2.266332323253875
0.0	0.5	2.107505102799597
0.0	0.5	1.3751998676111932
0.0	0.5	2.1827625405464044
0.0	0.5	2.300939131629542
0.0	0.5	1.9515022168355152
0.0	0.5	2.1000282991954693
0.0	0.5	1.6137647122321153
0.0	0.5	2.3506395907539064
0.0	0.5	1.8473966272480895
0.0	0.5	2.3187623334271423
0.0	0.5	1.7333648455741342
0.0	0.5	2.0098262251645975
0.0	0.5	1.973236855045076
0.0	0.5	2.0875397623309877
0.0	0.5	1.440600491055046
0.0	0.5	1.7893493151831568
0.0	0.5	1.574397306226222
0.0	0.5	1.7194615991860709
0.0	0.5	1.8223494023674112
0.0	0.5	1.6663630723011806
0.0	0.5	0.9968675993682137
0.0	0.5	1.0784764327732277
0.0	0.5	1.8317531347214648
0.0	0.5	1.896099822576224
0.0	0.5	1.731107640635491
0.0	0.5	1.0983494974411891
0.0	0.5	1.6487790747196323
0.0	0.5	1.6551493141839815
0.0	0.5	1.8520823652428
0.0	0.5	1.0649422758620628
0.0	0.5	2.5902497154005224
0.0	0.5	1.736193291776975
0.0	0.5	2.3224302356816735
0.0	0.5	2.2267310331498984
0.0	0.5	0.48757305063180034
0.0	0.5	1.8195178600471127
0.0	0.5	2.2138578645429843
0.0	0.5	2.72356683493563
0.0	0.5	2.1990226335643954
0.0	0.5	1.8146524068018368
0.0	0.5	1.7377261593223303
0.0	0.5	2.0634982220517153
0.0	0.5	1.5012309516926508
0.0	0.5	1.394187004095699
0.0	0.5	1.9566412663008923
0.0	0.5	2.14900363904737
0.0	0.5	1.4247851856511744
0.0	0.5	2.4497893085823454
0.0	0.5	2.030577341958748
0.0	0.5	1.8464064355331642
0.0	0.5	1.898855753254096
0.0	0.5	2.2984092035398205
0.0	0.5	2.0067603914213277
0.0	0.5	1.4726860640089157
0.0	0.5	2.1864825610726597
0.0	0.5	1.184346856957543
0.0	0.5	1.7680119413557116
0.0	0.5	1.7987879650657794
0.0	0.5	1.4013751929077622
0.0	0.5	1.6622949371642899
0.0	0.5	2.1468058894133373
0.0	0.5	1.5389220132069297
0.0	0.5	2.0141830511263263
0.0	0.5	2.2993051362005286
0.0	0.5	2.0353509695996475
0.0	0.5	2.186392711885068
0.0	0.5	2.2595707430898337
0.0	0.5	2.055931783968702
0.0	0.5	2.0922306154986403
0.0	0.5	1.8534157725223848
0.0	0.5	2.09990516882261
0.0	0.5	1.986433556180715
0.0	0.5	2.3159283910771675
0.0	0.5	1.163768724723457
0.0	0.5	2.0931425310487164
0.0	0.5	1.8952286378813932
0.0	0.5	2.0669691586557946
0.0	0.5	1.8332451279965645
0.0	0.5	1.8644893805577296
0.0	0.5	1.8764865048968153
0.0	0.5	2.3811778410080207
0.0	0.5	2.2706583947800434
0.0	0.5	1.8320108219113787
0.0	0.5	1.8689634726512572
0.0	0.5	1.4138021206715445
0.0	0.5	1.1339902702518978
0.0	0.5	2.358301480545017
0.0	0.5	2.427771271908095
0.0	0.5	1.64750850850214
0.0	0.5	2.5035642328243273
0.0	0.5	2.212648683853049
0.0	0.5	1.6867265289698523
0.0	0.5	2.5225821155527144
0.0	0.75	3.300063358753077
0.0	0.75	3.4776754547087374
0.0	0.75	3.0144235100869774
0.0	0.75	3.047345301995732
0.0	0.75	2.7578059979955305
0.0	0.75	2.965274661880198
0.0	0.75	3.0485232242191795
0.0	0.75	3.8450237289416536
0.0	0.75	3.07134983404735
0.0	0.75	3.5106363900343744
0.0	0.75	3.611467631780383
0.0	0.75	3.3644874043256148
0.0	0.75	2.9749040893956247
0.0	0.75	3.73028296169143
0.0	0.75	3.53387459242883
0.0	0.75	3.2872244005066205
0.0	0.75	3.1941009711426207
0.0	0.75	3.576083514967419
0.0	0.75	3.080012425017698
0.0	0.75	3.3011075244524815
0.0	0.75	3.454566388657199
0.0	0.75	2.732755599930151
0.0	0.75	3.6074819614226414
0.0	0.75	3.6915348397525776
0.0	0.75	3.837023941502477
0.0	0.75	3.1673480619384278
0.0	0.75	4.415384378137227
0.0	0.75	3.38556784985125
0.0	0.75	3.562613426072318
0.0	0.75	3.5749978372469187
0.0	0.75	3.2470674093817946
0.0	0.75	2.909158418090151
0.0	0.75	3.76201809809923
0.0	0.75	3.3174766549926646
0.0	0.75	3.229032675231559
0.0	0.75	3.4790456126761917
0.0	0.75	3.4838421584684935
0.0	0.75	4.062463753127674
0.0	0.75	3.6339560850276165
0.0	0.75	3.515005926308106
0.0	0.75	3.1327639500187185
0.0	0.75	2.801229845939715
0.0	0.75	3.4377836208971857
0.0	0.75	3.283457181939149
0.0	0.75	3.209751505999061
0.0	0.75	3.457159646648965
0.0	0.75	3.1201149863072364
0.0	0.75	3.749100486122912
0.0	0.75	3.3604413555039825
0.0	0.75	3.8085595827864274
0.0	0.75	3.7081078331243624
0.0	0.75	3.8748254467011165
0.0	0.75	3.307634918030728
0.0	0.75	3.875522980704037
0.0	0.75	3.3093102396896836
0.0	0.75	2.42896818766281
0.0	0.75	3.322203930805956
0.0	0.75	2.6103246085902816
0.0	0.75	2.7405898833615425
0.0	0.75	3.1718034637577004
0.0	0.75	3.764514607936358
0.0	0.75	3.152658312023488
0.0	0.75	3.003284862055824
0.0	0.75	3.7992327432244632
0.0	0.75	3.0522471282491375
0.0	0.75	3.431561823793356
0.0	0.75	3.7731662565612867
0.0	0.75	3.6003556431603596
0.0	0.75	3.7876176296617445
0.0	0.75	3.5152432319320117
0.0	0.75	3.1968897719891407
0.0	0.75	3.361766298483393
0.0	0.75	3.7249923089238663
0.0	0.75	3.3871670069209956
0.0	0.75	3.7384411978384553
0.0	0.75	3.3950400039487234
0.0	0.75	3.1287173678601286
0.0	0.75	3.2614095465978865
0.0	0.75	3.619213564073809
0.0	0.75	3.328770765572085
0.0	0.75	3.332077590693158
0.0	0.75	2.9530062561249024
0.0	0.75	3.690983492848383
0.0	0.75	3.428957867830921
0.0	0.75	3.664376232703235
0.0	0.75	3.1925967413637832
0.0	0.75	2.7710428750365494
0.0	0.75	3.6962199502669524
0.0	0.75	3.5985940063159574
0.0	0.75	3.7064118068257597
0.0	0.75	3.764323915461237
0.0	0.75	3.61148500811696
0.0	0.75	4.042424587072116
0.0	0.75	3.2171867854927685
0.0	0.75	3.7978088426596215
0.0	0.75	3.2396422548017374
0.0	0.75	3.437316296588949
0.0	0.75	3.5705562955993835
0.0	0.87	3.8926148895901966
0.0	0.87	4.119230937865197
0.0	0.87	3.843535351097874
0.0	0.87	3.9406072887813286
0.0	0.87	3.8092436403726775
0.0	0.87	3.8700201564236902
0.0	0.87	4.013233568289038
0.0	0.87	4.079641991238411
0.0	0.87	4.162299514172428
0.0	0.87	4.124327203469784
0.0	0.87	3.565954814723947
0.0	0.87	4.269199695942267
0.0	0.87	4.0451498616911845
0.0	0.87	4.215160374923338
0.0	0.87	3.96977224676912
0.0	0.87	4.031539998532168
0.0	0.87	4.335979809428849
0.0	0.87	3.4396355317194125
0.0	0.87	4.1915625593766626
0.0	0.87	4.2419537213753475
0.0	0.87	3.7115690133291768
0.0	0.87	4.709384144588667
0.0	0.87	4.233435114019618
0.0	0.87	3.779878623579631
0.0	0.87	4.582908797956308
0.0	0.87	4.001454827523764
0.0	0.87	4.091475980378357
0.0	0.87	3.77938362818178
0.0	0.87	3.5951915199914732
0.0	0.87	4.328020305579779
0.0	0.87	3.57029489600144
0.0	0.87	4.013789177659038
0.0	0.87	3.3331623393032013
0.0	0.87	3.9026305704283932
0.0	0.87	4.873663878675374
0.0	0.87	3.922792950098728
0.0	0.87	3.5557261700752107
0.0	0.87	3.492493334619943
0.0	0.87	4.510767832259498
0.0	0.87	3.5036030970783942
0.0	0.87	3.6442440860460374
0.0	0.87	3.9091614427309915
0.0	0.87	3.8736185269250947
0.0	0.87	3.5724429697420357
0.0	0.87	3.781314399564807
0.0	0.87	3.8593124938396697
0.0	0.87	4.412349497182288
0.0	0.87	3.688674117140626
0.0	0.87	4.175672250661568
0.0	0.87	4.106977668748764
0.0	0.87	4.660132444556802
0.0	0.87	4.47593028398105
0.0	0.87	4.813366953920229
0.0	0.87	4.189144578915141
0.0	0.87	4.247354680868161
0.0	0.87	4.5504251370282045
0.0	0.87	3.6323984825172237
0.0	0.87	4.428585669468114
0.0	0.87	4.18591644674493
0.0	0.87	3.763761140005124
0.0	0.87	3.538355367267651
0.0	0.87	4.171758279551332
0.0	0.87	3.802778010723093
0.0	0.87	4.29264455570751
0.0	0.87	3.870852543811843
0.0	0.87	4.470623925399672
0.0	0.87	3.9597970520628505
0.0	0.87	4.326180385179432
0.0	0.87	3.8439367328382765
0.0	0.87	4.96459898150424
0.0	0.87	3.7750151283342315
0.0	0.87	3.9660909116086596
0.0	0.87	3.8550846062633752
0.0	0.87	4.1166874105535705
0.0	0.87	3.3910142847158014
0.0	0.87	4.140441593303558
0.0	0.87	4.318623879609954
0.0	0.87	4.642655373489309
0.0	0.87	4.51043956660231
0.0	0.87	4.282447892623538
0.0	0.87	4.27286869947498
0.0	0.87	4.062276342565676
0.0	0.87	3.762607729793489
0.0	0.87	3.9980601168334458
0.0	0.87	4.103833252270833
0.0	0.87	4.031341793629674
0.0	0.87	4.128420623875825
0.0	0.87	4.1318318303625
0.0	0.87	4.147214166490038
0.0	0.87	4.516602318530683
0.0	0.87	4.463574583364949
0.0	0.87	3.86363380979286
0.0	0.87	4.123459900863776
0.0	0.87	4.136352360032332
0.0	0.87	4.041768641384774
0.0	0.87	4.299619122364279
0.0	0.87	3.430952345050251
0.0	0.87	3.919812375403103
0.0	1.0	4.792109677810946
0.0	1.0	4.022746030982392
0.0	1.0	5.002062964559304
0.0	1.0	4.50060154786842
0.0	1.0	5.0473190891099975
0.0	1.0	4.650587252268007
0.0	1.0	4.713763390380931
0.0	1.0	4.432823231321436
0.0	1.0	4.8049942923228794
0.0	1.0	4.468804345629908
0.0	1.0	4.736741906257589
0.0	1.0	4.800656831446452
0.0	1.0	4.746011121446611
0.0	1.0	4.978256629513828
0.0	1.0	4.784780998716338
0.0	1.0	5.020847572749307
0.0	1.0	4.7652305787424405
0.0	1.0	4.647181578232997
0.0	1.0	5.056447067186803
0.0	1.0	4.958135989138336
0.0	1.0	4.222765367353825
0.0	1.0	5.095337345637127
0.0	1.0	5.668001321041083
0.0	1.0	4.752385886468317
0.0	1.0	4.029034354892509
0.0	1.0	4.822642717604653
0.0	1.0	4.524428789394491
0.0	1.0	4.461181515528417
0.0	1.0	4.47376005498061
0.0	1.0	4.3159514014628915
0.0	1.0	4.795351949327368
0.0	1.0	4.234823665640462
0.0	1.0	4.7749079525996825
0.0	1.0	4.8137816113647265
0.0	1.0	4.44075667813542
0.0	1.0	4.571796206632286
0.0	1.0	4.9336436791155025
0.0	1.0	4.733131882227029
0.0	1.0	5.363102912279966
0.0	1.0	5.007218668601923
0.0	1.0	4.517482722660617
0.0	1.0	5.057838989528762
0.0	1.0	4.948037155769313
0.0	1.0	4.600110356935072
0.0	1.0	5.097901974313572
0.0	1.0	5.34164398769943
0.0	1.0	4.775134040036144
0.0	1.0	4.922855591641661
0.0	1.0	4.990036985814137
0.0	1.0	4.6052773983565585
0.0	1.0	4.651047294671533
0.0	1.0	4.874707695350991
0.0	1.0	4.525165481258669
0.0	1.0	5.003159042180518
0.0	1.0	4.6974840071815125
0.0	1.0	5.053149203604002
0.0	1.0	5.076212562270783
0.0	1.0	4.602281509586895
0.0	1.0	5.271149202554399
0.0	1.0	4.922230119961979
0.0	1.0	4.544690452357391
0.0	1.0	4.613158888981518
0.0	1.0	5.186783757106485
0.0	1.0	4.651469564705102
0.0	1.0	5.034272358068748
0.0	1.0	4.6875527893429
0.0	1.0	4.695077492772141
0.0	1.0	5.047798663434084
0.0	1.0	5.169553864103629
0.0	1.0	4.540814477435472
0.0	1.0	4.133238298957293
0.0	1.0	5.063029585583
0.0	1.0	4.708162111483056
0.0	1.0	5.234653280234196
0.0	1.0	4.971784460392774
0.0	1.0	4.746954645747772
0.0	1.0	5.124521404311057
0.0	1.0	5.216084364454159
0.0	1.0	5.106239682207014
0.0	1.0	4.991982416863611
0.0	1.0	5.208793355739194
0.0	1.0	5.292282965680004
0.0	1.0	4.868988345592969
0.0	1.0	5.162063804542598
0.0	1.0	5.246047206867303
0.0	1.0	3.918636284861105
0.0	1.0	5.66546275517671
0.0	1.0	4.37953086580702
0.0	1.0	4.307176819728142
0.0	1.0	4.553926914590045
0.0	1.0	4.98249479232252
0.0	1.0	4.649910906293093
0.0	1.0	4.8536434993346695
0.0	1.0	4.840356626739405
0.0	1.0	4.9591782824670085
0.0	1.0	4.730317171574252
0.0	1.0	4.353076129267145
0.0	1.0	4.629350117591782
0.0	1.0	4.652709754049921
0.0	1.0	5.036982764868596
