  0.00000057909855163  0.00001383808644120  0.00002831919256772  0.00004214391008500
  0.00005603428378779  0.00007028517836650  0.00008523875588332  0.00010091689408689
  0.00011739082977914  0.00013465908791031  0.00015260489349869  0.00017144338157086
  0.00019180865588892  0.00021300122654557  0.00023502603198203  0.00025839923931181
  0.00028281767740920  0.00030843861185393  0.00033520806977516  0.00036359772261395
  0.00039342709067701  0.00042502712682733  0.00045842501109874  0.00049303209961662
  0.00052949757535739  0.00056774008278853  0.00060759311413349  0.00064886897130222
  0.00069214774222719  0.00073700812995115  0.00078401169402023  0.00083289241093207
  0.00088388003057999  0.00093817192504224  0.00099496588061707  0.00105487850574649
  0.00111801483478025  0.00118306188854919  0.00125334523688212  0.00132451169776153
  0.00139468738817615  0.00146638654922015  0.00154013580510073  0.00161805435721992
  0.00169922160097750  0.00178179124677165  0.00187111184865161  0.00196365466722048
  0.00206497852705829  0.00217246817053231  0.00227956662640859  0.00239185584199443
  0.00251024804279201  0.00263912384901646  0.00277420803922511  0.00291674216597539
  0.00306344529316738  0.00321025104170437  0.00335835878059244  0.00351393590755096
  0.00367545178674172  0.00384171294133759  0.00401525975918154  0.00420422792653445
  0.00441678675939947  0.00463683359791445  0.00485217366680013  0.00509011434260960
  0.00535051758936253  0.00563069968641457  0.00593954531907120  0.00629014186771127
  0.00666585926563146  0.00702877288103847  0.00741820589996830  0.00783247875908122
  0.00827921748023725  0.00878269448211021  0.00935206863109188  0.00992972103264283
  0.01058059439874409  0.01128388656430977  0.01202958848387659  0.01280579899013900
  0.01378802392559114  0.01491620755059227  0.01625896155059476  0.01783558669956306
  0.01964137311403777  0.02112965407351858  0.02503882017982436  0.02924279829621085
  0.03535826212517360  0.07156279433109183  0.24011732647979223  1.00000000000000000
 -0.00236443328530505  0.00910837051804907  0.01900640626084690  0.02980686185927148
  0.04046776775953087  0.05134778074135220  0.06216038944222476  0.07306647265400823
  0.08378573514310851  0.09426501101841306  0.10475420473693189  0.11550420974901156
  0.12615788643670930  0.13677950459351440  0.14712400781653656  0.15761210998984757
  0.16799448480927948  0.17856146163864062  0.18902149627930270  0.19950043979053020
  0.20976652681844629  0.22019665612312608  0.23049286121068702  0.24109690927894506
  0.25137447569970811  0.26208819313358972  0.27263393642185330  0.28337338159083653
  0.29394646797115526  0.30460168304209712  0.31529313399984704  0.32613581655326346
  0.33689249337449695  0.34772673534193749  0.35854539791882084  0.36948804179518024
  0.38024395146892603  0.39083338870912615  0.40145164256883414  0.41204296060768603
  0.42254844112672929  0.43301982461984551  0.44341580449814694  0.45396873523821191
  0.46450618697720192  0.47491087555120104  0.48544053574023410  0.49592924250388026
  0.50636854249853880  0.51669281624346830  0.52711808545326688  0.53774567213442204
  0.54833596152917596  0.55888417801998858  0.56941092966842877  0.58005238454420049
  0.59080757952259455  0.60146445203300025  0.61202266178222187  0.62239521174933976
  0.63310683115163280  0.64400810196133484  0.65480407393695916  0.66553016454865144
  0.67618609769326210  0.68693544046739818  0.69751424724013544  0.70802594274191222
  0.71843060938245962  0.72894027549547524  0.73941289770833107  0.74988921591046787
  0.76053860476893009  0.77119362290358284  0.78207697696428990  0.79267252534763077
  0.80305773312871676  0.81328872869009461  0.82360249381641382  0.83392086579274904
  0.84426088953128064  0.85450053135543669  0.86487986252964721  0.87490643131592694
  0.88528612085314695  0.89550791969046795  0.90609942012768518  0.91647449005410075
  0.92702637635017182  0.93755873031715642  0.94790314280235710  0.95844872349185006
  0.96895264309804074  0.97942555808211174  0.98975203760134012  1.00000000000000000
 -0.00473958004673772  0.02552132013709422  0.04648832814539091  0.06383706795082116
  0.07936560156281093  0.09386596740773587  0.10750457736178311  0.12033827331024652
  0.13271489876778403  0.14475208037123360  0.15641769425034255  0.16783516598297923
  0.17903553120463292  0.18989620307551106  0.20042575115631134  0.21072451285512189
  0.22089889779067376  0.23092987541674467  0.24090557414088906  0.25077660637106586
  0.26048062908813852  0.27004199793681183  0.27944714406698351  0.28881254375116683
  0.29811014869268226  0.30733578775486742  0.31641705193952246  0.32537275556321948
  0.33432158129931061  0.34329280516604244  0.35225487400639510  0.36114194626951779
  0.36992635505530830  0.37860431907950370  0.38722265852070215  0.39581902371460753
  0.40439184751005541  0.41291391593264987  0.42135834263000327  0.42974450155465371
  0.43816767983263821  0.44660455012276601  0.45496844292712091  0.46317173972150405
  0.47129905424392715  0.47947847403476229  0.48771981936166714  0.49589507483183193
  0.50397874621856220  0.51219268455483857  0.52034278793632593  0.52865554054236841
  0.53700780232369338  0.54542773611693440  0.55376469811898288  0.56204039644071280
  0.57028725414471659  0.57845888237188570  0.58663462795875621  0.59484509744481473
  0.60316638474754614  0.61167128667673165  0.62032350466240416  0.62904102141257046
  0.63783447886064859  0.64650807709421820  0.65510019985059320  0.66364749431036385
  0.67215206167353903  0.68068197592212809  0.68926724988897092  0.69791353621564145
  0.70661796799582677  0.71543027004121251  0.72442726397491519  0.73357919726832255
  0.74281785968408998  0.75208511338918738  0.76138419985434524  0.77080979788278703
  0.78038048212538325  0.79010101885304629  0.80003191557411779  0.81007418402583553
  0.82031783704412520  0.83099959653518085  0.84221644855893552  0.85387435669161804
  0.86571922626664144  0.87792342725775041  0.89072468838932994  0.90467968800579668
  0.92023184343924935  0.93840384317104697  0.96263491240713361  1.00000000000000000
 -0.02823917075385875  0.13694379947543159  0.17584709334525814  0.19885123858085291
  0.21630098579531909  0.23082254844819805  0.24334975827007202  0.25472423906447833
  0.26503443998991921  0.27473177581095859  0.28372148319670792  0.29231824211815177
  0.30043562480834296  0.30821601396342563  0.31571111750692427  0.32292148521584857
  0.32998999879772040  0.33679100968833620  0.34332896259172951  0.34978224859242091
  0.35610129254330730  0.36228513250241051  0.36831682584312270  0.37425046575920229
  0.38000944743756115  0.38564158936968385  0.39119956474336498  0.39665539211453676
  0.40203349693474222  0.40738563412686762  0.41272265048687246  0.41800156139940858
  0.42321243259581554  0.42838041142989386  0.43351318451696497  0.43860693548585056
  0.44364255269266017  0.44863885512718032  0.45362682644061109  0.45860094547633856
  0.46357114098630336  0.46857603005514881  0.47360218071804910  0.47859033657314215
  0.48351897721292175  0.48842031549147291  0.49330666746691326  0.49820607571906866
  0.50304619684160390  0.50787388842227654  0.51271666264173588  0.51761852124645880
  0.52253371121623193  0.52743777913472811  0.53232886343100827  0.53723072480883716
  0.54214347730952139  0.54710937086927280  0.55213872386676133  0.55721651892633139
  0.56234527723364003  0.56751286108569876  0.57270856878895338  0.57787892854687184
  0.58309494118588712  0.58831326250678107  0.59360751164764913  0.59899686893791260
  0.60448633164391652  0.61008879436798036  0.61576529351687337  0.62144959365875163
  0.62721860949006036  0.63305424860625226  0.63898551630808964  0.64499454747597340
  0.65115469051415142  0.65746027168402554  0.66394637517001731  0.67067506203989802
  0.67762741442407326  0.68466815557476757  0.69214432308702922  0.69994215221336087
  0.70802275391890945  0.71652449841352672  0.72544250166616941  0.73516602991857527
  0.74553238810830158  0.75687974144108094  0.76924537161158546  0.78375246417486821
  0.80135034914769632  0.82432623855091125  0.86333878661008001  1.00000000000000000
   1.2633650254162545E-002  -1.0000000000000000     
 T T T T T T T T T T T T T T T T F F F F F F F F F F F F F F F F
  <DiscreteSampler_grid>
  grouped_processes
  1 # 1 for a reference and 2 for a running grid.
  10 # Attribute 'min_bin_probing_points' of the grid.
  1 # Attribute 'grid_mode' of the grid. 1=='default',2=='initialization'
  0.0000000000000000 # Attribute 'small_contrib_threshold' of the grid.
  0.5000000000000000 # Attribute 'damping_power' of the grid.
 # binID   n_entries weight   weight_sqr   abs_weight
    10   10   1.254951921346011E+009   2.218871816636924E+018   1.254951921346011E+009
    16   10   1.254951921346011E+009   2.218871816636925E+018   1.254951921346011E+009
  </DiscreteSampler_grid>
