  0.00000024344787687  0.00001430420084645  0.00002688202349294  0.00003958952114190
  0.00005193130021023  0.00006416329549602  0.00007689041983788  0.00009007860628134
  0.00010362072718915  0.00011743851506930  0.00013156339618222  0.00014585997975179
  0.00016050435755207  0.00017590911826145  0.00019231564295587  0.00020955909470016
  0.00022755633051773  0.00024645928384216  0.00026611399903023  0.00028664392018079
  0.00030842287895791  0.00033129077254446  0.00035545942981510  0.00038082170068307
  0.00040712636994787  0.00043440731225120  0.00046300571596738  0.00049248945284743
  0.00052286554376501  0.00055546180360171  0.00058908020001016  0.00062442204637106
  0.00066087168609033  0.00069825773214432  0.00073786023283498  0.00077921595259837
  0.00082193867548035  0.00086669792034007  0.00091350441354993  0.00096267413378921
  0.00101452108073802  0.00106804315468800  0.00112357739818961  0.00118105283044308
  0.00123984541582488  0.00130066799311447  0.00136359122014683  0.00142910423428000
  0.00149588055471417  0.00156338401620306  0.00163341824688834  0.00170646895288739
  0.00178667374336535  0.00187399120526593  0.00196701233070152  0.00206301895753100
  0.00215680730627109  0.00225892602144078  0.00236474962627770  0.00247193331096416
  0.00258316436548128  0.00269956958133315  0.00282119903628389  0.00294774746807506
  0.00307307314573470  0.00320184244326054  0.00334057226263378  0.00349535381616329
  0.00365488123126051  0.00381517759271393  0.00399734150126471  0.00420713597905866
  0.00444022925592183  0.00469723480399565  0.00497647641428287  0.00525397577180764
  0.00553978125037584  0.00584553051574446  0.00618409479854284  0.00657716401069649
  0.00703282226322628  0.00752859383381294  0.00808497738088534  0.00850703774135426
  0.00893740135262598  0.00945792808093770  0.01006397495187356  0.01088463430765849
  0.01200469311880909  0.01391187363581350  0.01640154667267098  0.01781768237751555
  0.01914776173070751  0.02128653747041445  0.09615912813864282  1.00000000000000000
 -0.00265572343141743  0.01000498155024491  0.02064421478105321  0.03132750932545875
  0.04198594183782463  0.05281020061069706  0.06360152101988888  0.07399058044928816
  0.08427238327819887  0.09481971568051133  0.10555903980837239  0.11630200348584646
  0.12700879053665520  0.13774876257206917  0.14850342658180943  0.15925499464484213
  0.16991109369152879  0.18055598105732942  0.19108499189793710  0.20160865311060322
  0.21194543302382840  0.22227558801108174  0.23249423937795607  0.24267155055277131
  0.25270109970828697  0.26290319479299701  0.27323724776602981  0.28357384164609956
  0.29379716155933355  0.30403606022669283  0.31440385487797906  0.32479778372812307
  0.33496948169277962  0.34519871609139297  0.35554131721545729  0.36599413099492006
  0.37675658657319999  0.38715385888931486  0.39752100305122606  0.40804245272718875
  0.41838718379126222  0.42893665960158922  0.43938778012628216  0.45065438884054521
  0.46181443156744634  0.47269238094197591  0.48342106562156439  0.49415708698207428
  0.50495070727638991  0.51558520736787761  0.52617358819311233  0.53663370768288332
  0.54721178576133644  0.55801980755777081  0.56860918358586254  0.57903347699269425
  0.58921422274523416  0.59952026770857858  0.60998439024305240  0.62048865942999309
  0.63089722677921056  0.64132179851870430  0.65182298777361114  0.66251535083965118
  0.67285067448920644  0.68294571065879150  0.69295652235211547  0.70287899130380460
  0.71303039934775270  0.72313836324847125  0.73341197196334962  0.74394699487247418
  0.75457744935867710  0.76525936149035167  0.77581625666405174  0.78636266835255275
  0.79685087936050303  0.80748006789588922  0.81798983799617753  0.82859998997639306
  0.83915253106419896  0.84994960767891992  0.86079746480590191  0.87180844657677625
  0.88285104393435954  0.89384625714215593  0.90449723909354252  0.91511801182898111
  0.92571547187698000  0.93637328802814690  0.94710952195090847  0.95754770018457636
  0.96812968460290494  0.97857758303567433  0.98936908264498458  1.00000000000000000
 -0.00363897792254277  0.02288727542597635  0.04201549154214288  0.05830373002422647
  0.07332831565301008  0.08748165291690471  0.10111962533535390  0.11408170317345562
  0.12651754997483222  0.13839454878093765  0.14993037104781487  0.16107674878989148
  0.17190741309705579  0.18253330306456478  0.19309467380572481  0.20350888224137662
  0.21396805269726057  0.22445874413065883  0.23474970174594645  0.24478883247477823
  0.25466208978944710  0.26451908285871450  0.27420025678995030  0.28363672291197017
  0.29296776298135085  0.30224399465137347  0.31140943199665944  0.32042115321811043
  0.32934387216843952  0.33825147005455825  0.34710205536161176  0.35592102223930022
  0.36470005329579297  0.37335732850208470  0.38223185843988278  0.39123741141619783
  0.40028771744842623  0.40933652540993753  0.41835472485381298  0.42738528870225290
  0.43632896884000894  0.44508586660488564  0.45377296394210942  0.46245315637840695
  0.47116154612872019  0.47977375291760255  0.48820953545348350  0.49665342969529835
  0.50522237500121103  0.51366953523368641  0.52199740827097874  0.53027447387208215
  0.53871749113317091  0.54719877287541663  0.55567389534008793  0.56415852482559614
  0.57263296691174459  0.58112081064028387  0.58954010533864687  0.59793410847728734
  0.60635814734181370  0.61479128704953578  0.62319288505773873  0.63149209986001609
  0.63977753434415097  0.64818896991147290  0.65671444610445751  0.66527964623216551
  0.67374376363026767  0.68230214295815472  0.69104277432690442  0.70002523856286325
  0.70895648022941782  0.71780749600525884  0.72684772331210146  0.73613686101065434
  0.74544980644589587  0.75473800107176992  0.76410993689777296  0.77357424060860858
  0.78321620475434905  0.79294118028551863  0.80284947035918619  0.81300750975986913
  0.82337110082732234  0.83406060860084197  0.84519990101527998  0.85667300738540908
  0.86836845242985072  0.88055965105390166  0.89352773979360578  0.90799894603564257
  0.92361087566734801  0.94141157581557822  0.96469050852355431  1.00000000000000000
 -0.02007374980107217  0.12038321881916329  0.15925448665956854  0.18288481586966349
  0.20125051632125524  0.21658737816171647  0.23007353403677180  0.24212029075774313
  0.25322215491265443  0.26328479403772792  0.27277824150870555  0.28150129524631723
  0.28986512584734814  0.29792065595600470  0.30575146503242479  0.31340365817649091
  0.32072468237162005  0.32787006871690738  0.33478150597565848  0.34146213793030555
  0.34802542623144095  0.35443525374315088  0.36065257101673059  0.36673178562948655
  0.37278460506820132  0.37868999840318762  0.38458151682763114  0.39037177138117685
  0.39601839494790420  0.40154520228757318  0.40704525426433136  0.41258482975848942
  0.41817104599614868  0.42374904636731814  0.42924412843035781  0.43467400796208405
  0.44006565714567142  0.44543442163732233  0.45080062756284456  0.45611962351413576
  0.46136601880683314  0.46653633917380644  0.47171010115075629  0.47686810328738310
  0.48198605226312591  0.48712356237039478  0.49232196230082725  0.49757541877428874
  0.50283698702060209  0.50798670019126624  0.51306749434947352  0.51811691668215787
  0.52318187835417318  0.52831524792203910  0.53349211768624905  0.53868693665087863
  0.54386396860063568  0.54902115802665052  0.55421383000805091  0.55945892375407036
  0.56480678113920657  0.57021404805288589  0.57563326429636930  0.58093273282093127
  0.58631419056516165  0.59177961325760342  0.59737902408532817  0.60305450826054752
  0.60876846167512078  0.61451868211298766  0.62029468075239647  0.62618349149931285
  0.63226743249708806  0.63843433789331006  0.64467982476206487  0.65116595808736022
  0.65786419066108415  0.66467215089691334  0.67160008890598732  0.67876945292430890
  0.68601589061956214  0.69371635197603287  0.70161810121835855  0.70983218157969674
  0.71846994897207805  0.72743021481743420  0.73697404185526949  0.74684301246394047
  0.75769991585582697  0.76952508539323838  0.78309418991331792  0.79857535124665791
  0.81705591034336011  0.84070318909548547  0.87961931674266169  1.00000000000000000
   2.5286008071117715E-002  -1.0000000000000000     
 T T T T T T T T T T T T T T T T F F F F F F F F F F F F F F F F
  <DiscreteSampler_grid>
  grouped_processes
  1 # 1 for a reference and 2 for a running grid.
  10 # Attribute 'min_bin_probing_points' of the grid.
  1 # Attribute 'grid_mode' of the grid. 1=='default',2=='initialization'
  0.0000000000000000 # Attribute 'small_contrib_threshold' of the grid.
  0.5000000000000000 # Attribute 'damping_power' of the grid.
 # binID   n_entries weight   weight_sqr   abs_weight
    10   10   1.349040221589211E+009   2.991161307293957E+018   1.349040221589211E+009
    16   10   1.349040221589211E+009   2.991161307293957E+018   1.349040221589211E+009
  </DiscreteSampler_grid>
