 -0.00000075669956116  0.00001439009993580  0.00002612495373209  0.00003952450565563
  0.00005236744192140  0.00006558354137949  0.00007937370242831  0.00009384117476732
  0.00010905970757462  0.00012487834147592  0.00014125821563110  0.00015819514722415
  0.00017611874383039  0.00019498277147332  0.00021489285458649  0.00023580523138081
  0.00025745704983160  0.00027999107398318  0.00030381939159302  0.00032866369920477
  0.00035514860566733  0.00038276534022929  0.00041142996597988  0.00044131534149458
  0.00047250136950794  0.00050512697323087  0.00053932498309256  0.00057507552096349
  0.00061266246981640  0.00065167352398483  0.00069241100098985  0.00073517394677171
  0.00077913883927297  0.00082420375127248  0.00087106028257646  0.00092014872323866
  0.00097162340075292  0.00102523769004031  0.00108111507841303  0.00113928297185090
  0.00119977275225129  0.00126370940157952  0.00133049207729684  0.00139868703096392
  0.00147039590056099  0.00154645761389475  0.00162460815106920  0.00170391856738118
  0.00178449139451036  0.00187107516636185  0.00196108814307736  0.00205624317882538
  0.00215749549340014  0.00226266771430240  0.00237019300927696  0.00247910061052070
  0.00259011707173140  0.00270380660631756  0.00282066700713878  0.00294091887700878
  0.00306118784978642  0.00318287276559842  0.00330943867281817  0.00345057175054343
  0.00359888708686576  0.00375315377967730  0.00390982315178073  0.00407116271646525
  0.00424068940828704  0.00441766647427387  0.00459995524083888  0.00479104968076843
  0.00499957574880084  0.00520509334056508  0.00543251363377255  0.00568239139045924
  0.00594637882728095  0.00621462589031957  0.00648341164906207  0.00675502601989707
  0.00706674631140032  0.00741223898972727  0.00777767864357366  0.00815521599566854
  0.00856332919181370  0.00902299562806593  0.00952249064669677  0.01013182363438654
  0.01072644702634171  0.01131401982329362  0.01200015924126689  0.01291653036566386
  0.01506724829017867  0.01737668441146707  0.43042550836648796  1.00000000000000000
 -0.00227182409680094  0.00920303979903492  0.01929567827843407  0.02988142857872809
  0.04055090794984457  0.05120797707539232  0.06183813818640271  0.07258059275688918
  0.08347614509431735  0.09422745945118431  0.10495889674477907  0.11560280159418065
  0.12631483270414554  0.13712380159864887  0.14794455412770294  0.15884230371706454
  0.16953713669044007  0.18020116526793117  0.19068807510665367  0.20122009485983405
  0.21181394084886387  0.22233839375667075  0.23291165053714841  0.24345728036839592
  0.25407316319776924  0.26466381048188820  0.27516861604921683  0.28558286194984761
  0.29607829532057522  0.30665005008041429  0.31710822224311952  0.32750278529166316
  0.33784977101390129  0.34834473388390685  0.35881101826312156  0.36941599645095896
  0.37988866729647353  0.39042364993293971  0.40090289035629784  0.41151619715336368
  0.42212383534677750  0.43275929285961184  0.44335530053951733  0.45393226155986910
  0.46441393537849474  0.47478293501709390  0.48526065507533900  0.49568330439676178
  0.50620255960010208  0.51674235403536606  0.52730839811723584  0.53792417401974568
  0.54843813076405667  0.55918906825276260  0.56973794395897004  0.58031418108123634
  0.59061421208490961  0.60094676741298791  0.61107241754696595  0.62121319506470984
  0.63152223755602310  0.64182176565007132  0.65233275283181991  0.66294381357511245
  0.67356938690292334  0.68417611824534785  0.69455970393756261  0.70496566165057128
  0.71547690625473881  0.72618769758227586  0.73685686238720993  0.74742872204570010
  0.75800383919382242  0.76848288638068352  0.77881484600002782  0.78906820853303661
  0.79947543832595025  0.81009134359924517  0.82063690152579438  0.83138915373195055
  0.84190961933759556  0.85258862588500495  0.86302840976779538  0.87348251931304999
  0.88403205556829179  0.89485642226319262  0.90573681025770869  0.91662953386187818
  0.92733130607204484  0.93795962423527446  0.94843986914677036  0.95882425293999962
  0.96918433183187869  0.97944495977839163  0.98978857396347197  1.00000000000000000
 -0.00467889773125870  0.02513511892186342  0.04588318872737700  0.06318331290108385
  0.07875295180993259  0.09313703541071974  0.10677336037672452  0.11986699102684052
  0.13235593593483738  0.14436780915961372  0.15614765170301817  0.16765752907747908
  0.17885266808698605  0.18978024569134799  0.20045907911359609  0.21086592776176147
  0.22111892962065663  0.23132529578322364  0.24142920199557386  0.25134670065143888
  0.26115110324984531  0.27087385118787549  0.28047649819290854  0.28994349525822261
  0.29930361770352226  0.30859435480837399  0.31775074824792104  0.32673475837300131
  0.33556369038332812  0.34427217098886215  0.35294239103302599  0.36158244235947096
  0.37019849353516693  0.37889473266063439  0.38764805497601157  0.39636738330565652
  0.40499555520082092  0.41356287758780269  0.42217141145855358  0.43083792308343094
  0.43946834119119382  0.44795263812909036  0.45628897998190526  0.46447529712589786
  0.47262773170242550  0.48090266170929152  0.48887858642004478  0.49702927788082735
  0.50496339388331757  0.51303437469730939  0.52111585359574342  0.52934040142800931
  0.53751283224069313  0.54573437115867940  0.55393819680969936  0.56219264520247014
  0.57051853357435178  0.57887913501971155  0.58723526348943655  0.59552926360911695
  0.60378870763597836  0.61203219053264712  0.62033214190456276  0.62869420545829890
  0.63710364686332011  0.64550907772471833  0.65393681124880643  0.66242481359800698
  0.67092971564390158  0.67936208928356911  0.68774757748005233  0.69614392355765031
  0.70464945201237117  0.71333218656909947  0.72213615123029262  0.73103951750934482
  0.74008428887074662  0.74929721904234114  0.75875871257527028  0.76846358795989411
  0.77834472170965663  0.78839753285972736  0.79847018874642117  0.80871868605037389
  0.81909769640797692  0.82958135924999443  0.84027354430020351  0.85123441889847973
  0.86273487151211903  0.87492890895899833  0.88785831548319383  0.90154294503849286
  0.91645827204425367  0.93406704024662546  0.95855393872293781  1.00000000000000000
 -0.02794368953546434  0.13677886133805009  0.17539279480798872  0.19830165463656560
  0.21573708824778662  0.23019483978197186  0.24266730065548736  0.25415832234020291
  0.26441175196602795  0.27409925192573104  0.28310023931132872  0.29174960474830686
  0.29983416729333140  0.30763533482069250  0.31519079490885110  0.32230024076707520
  0.32929738217634369  0.33598921577154556  0.34241402207666910  0.34866365089219531
  0.35477575495413405  0.36075527111328348  0.36671038263172828  0.37260997462340356
  0.37838653917705672  0.38410116510181752  0.38979286143836150  0.39537587211523362
  0.40084025818876834  0.40617671458497778  0.41147682712895473  0.41674213107605240
  0.42198144853455738  0.42720728216239390  0.43240893269952940  0.43756221089454811
  0.44265767782569237  0.44770173896996429  0.45272270578846513  0.45773631166549938
  0.46273548267926823  0.46772329953522590  0.47271494470344860  0.47771319591273531
  0.48265335903733519  0.48755534978468168  0.49244371002386705  0.49731277031019988
  0.50219024058162820  0.50706107519201138  0.51197101408860091  0.51685212699454830
  0.52177492629330902  0.52671892882756222  0.53169506536746403  0.53669313885946790
  0.54169115551586722  0.54668085827759050  0.55167482829860504  0.55670036587202265
  0.56176519286901483  0.56683947578680316  0.57189680410192112  0.57694297236482806
  0.58201752640728965  0.58723694427152406  0.59252362272977610  0.59785107535920057
  0.60322236994920231  0.60872396822991059  0.61432832401384230  0.62002186437626305
  0.62580431257200042  0.63177321034852263  0.63778891208752320  0.64390460418114492
  0.65015378693424175  0.65656397143747047  0.66310968803706982  0.66985424931798376
  0.67686146954824566  0.68403159985286044  0.69150190693139213  0.69934378101357175
  0.70743892863047986  0.71618044982208817  0.72522283596736647  0.73492908485435027
  0.74517396148530701  0.75642801323730791  0.76893330409073646  0.78346190995550524
  0.80096239686678028  0.82398042197516630  0.86247235850697057  1.00000000000000000
   1.2612684605569108E-002  -1.0000000000000000     
 T T T T T T T T T T T T T T T T F F F F F F F F F F F F F F F F
  <DiscreteSampler_grid>
  grouped_processes
  1 # 1 for a reference and 2 for a running grid.
  10 # Attribute 'min_bin_probing_points' of the grid.
  1 # Attribute 'grid_mode' of the grid. 1=='default',2=='initialization'
  0.0000000000000000 # Attribute 'small_contrib_threshold' of the grid.
  0.5000000000000000 # Attribute 'damping_power' of the grid.
 # binID   n_entries weight   weight_sqr   abs_weight
    10   10   3.927740920575620E+009   9.783144723204902E+019   3.927740920575620E+009
    16   10   3.927740920575620E+009   9.783144723204902E+019   3.927740920575620E+009
  </DiscreteSampler_grid>
