 -0.00006162663757573  0.00055406889353737  0.00111017627820940  0.00181704382413508
  0.00273369051535929  0.00380407839674029  0.00500660847576333  0.00636248535745161
  0.00788829137140016  0.00959705754430318  0.01145414691644915  0.01353419536248611
  0.01573322258461035  0.01807782253935285  0.02040409438815884  0.02286179172802927
  0.02552116685486627  0.02837500671839380  0.03129200937841373  0.03430086866888830
  0.03748914866581143  0.04083547654250223  0.04431721953062410  0.04783232761891471
  0.05152768106574008  0.05544671430168735  0.05959628797034144  0.06390186743137231
  0.06822516887825483  0.07265861575275154  0.07725542969893801  0.08207279852033378
  0.08701485255954898  0.09215654029046164  0.09752495291549497  0.10295566747322418
  0.10865525198990257  0.11425895929475494  0.11989083517031121  0.12568411141790464
  0.13177218364527121  0.13813303712897501  0.14493086828474380  0.15209651428105478
  0.16009407489039174  0.16845198486013488  0.17709677432986989  0.18618647769836896
  0.19569772679562511  0.20550805141892711  0.21564419854886568  0.22623503200025991
  0.23733926610288172  0.24895844743507617  0.26154815205677107  0.27561638846294512
  0.29147635854090037  0.30802329142678397  0.32737503552893815  0.34946242344430523
  0.38046643534798463  0.43917997912590900  0.53677566827333978  0.60795058277126701
  0.64547739628413991  0.67423563386414687  0.69876555123057704  0.72013695589342042
  0.73908233700037340  0.75667271605917619  0.77356260209913441  0.78804815392309402
  0.80153156493702882  0.81422728776015241  0.82614708830431183  0.83739667853030564
  0.84829786244296312  0.85763399963859732  0.86677557848486197  0.87591588163959644
  0.88499525385552624  0.89391627326079592  0.90273690555710739  0.91122727810071136
  0.91927392893115500  0.92734793422070694  0.93533054422270356  0.94320284556529999
  0.95094044666729183  0.95840472596564685  0.96569531183353119  0.97283197479479366
  0.97980714800069035  0.98659631081525689  0.99332182117427670  1.00000000000000000
 -0.00302842698156805  0.01205925017388048  0.02282461840712762  0.03171937912642878
  0.04048832669368820  0.04966506367896509  0.05915708648239603  0.06838693324685161
  0.07718438641028944  0.08669183112500432  0.09755911369671036  0.10850229305752004
  0.11910435753962395  0.12941699611192242  0.13967372255897537  0.15036188549408597
  0.16065404265110014  0.17053929641075447  0.18058390221075935  0.19091424849387983
  0.20158353917107105  0.21221116997295744  0.22313121918792878  0.23377998565255761
  0.24420270094222030  0.25492380261735947  0.26549647979367497  0.27583414285562863
  0.28610481022741791  0.29671485030670958  0.30777355711824306  0.31898442745492678
  0.33027290515252267  0.34125383794711245  0.35205425293004922  0.36327174216152924
  0.37443876410470400  0.38580721590770889  0.39733992328500561  0.40916362752707475
  0.42137076763937015  0.43429601562551551  0.44597126146970323  0.45748132418424736
  0.46897576808700225  0.48009489979703462  0.49100212637700441  0.50178346483707459
  0.51265760836236351  0.52410039691801658  0.53512532129602519  0.54647352001537164
  0.55755715805761041  0.56825585140038071  0.57869812165858814  0.58902472298630992
  0.59940552876085373  0.61009530176762317  0.62043223180280893  0.63076240026376906
  0.64124265298910477  0.65104593117360832  0.66029307104496682  0.66938710111737898
  0.67825907039071387  0.68709684604927679  0.69570519814516885  0.70399328024817454
  0.71315060457788682  0.72295407167144909  0.73404561304815208  0.74550968356369240
  0.75712593358773994  0.76832420748580554  0.77899279334262383  0.78946521894558053
  0.80027255943599240  0.81095514175578909  0.82130406212578999  0.83181621986253784
  0.84228762096223297  0.85224886837642877  0.86198023023965986  0.87220653168075157
  0.88396834132102942  0.89569039388688743  0.90705439565632939  0.91803940752472091
  0.92876502635941227  0.93947446551851177  0.95051106729951862  0.96111847749505597
  0.97105472177935059  0.98081872851213403  0.99028115108384662  1.00000000000000000
 -0.00301299846637182  0.01685599858230207  0.03164608342850121  0.04402164596134289
  0.05528399700316824  0.06536335912777329  0.07397156893081715  0.08252248762780663
  0.09043340886823305  0.09806604379300894  0.10565062698905404  0.11278466024069449
  0.12028491272109124  0.12763517072763042  0.13493179006084652  0.14188071992150914
  0.14866439903178838  0.15536684965241687  0.16178322464950595  0.16806605175300549
  0.17441511744531721  0.18090801684145846  0.18758329629770201  0.19436199556357350
  0.20115680206294742  0.20789316630818738  0.21451303061211888  0.22111144997700433
  0.22778840646404533  0.23491208733794655  0.24269254092593376  0.25034586894458410
  0.25811642573482790  0.26595281009694416  0.27339917847630490  0.28026160502793723
  0.28688251220055788  0.29348619394330200  0.30029263299737280  0.30735795893801759
  0.31454741238713063  0.32198216918020123  0.32941666950375842  0.33707052273776938
  0.34524249982697630  0.35342474477628139  0.36144130809019925  0.36912744755583909
  0.37626522730380657  0.38311136748434566  0.39018290129562894  0.39763130732784518
  0.40524771820242206  0.41300503294984425  0.42090942632649864  0.42863096848436810
  0.43620758005981441  0.44403548438051565  0.45242492552073699  0.46110125406814523
  0.46987802277476803  0.47839517990382696  0.48609649412811018  0.49332303251601101
  0.50076336816601319  0.50843654928141990  0.51648219387921723  0.52495761903534932
  0.53352837904256423  0.54277575937421785  0.55233049462118111  0.56182529341430942
  0.57105856214623885  0.58095065110624389  0.59064831279388597  0.60044357205658572
  0.61004513526270732  0.61950016419944476  0.62914007222748658  0.63947109331910335
  0.65053003049968072  0.66170779308653171  0.67324906233323312  0.68494104956838064
  0.69707479983228171  0.71037503241080291  0.72670110541696331  0.74290145018587994
  0.75922309670040333  0.77699328082322350  0.79749764098429965  0.82106204902227453
  0.84748518555239027  0.87666072748287027  0.92032001829911891  1.00000000000000000
 -0.01906290584644107  0.10975083883692979  0.14673385253232599  0.16881768460706437
  0.18564063621568663  0.20034784063782646  0.21387284813492666  0.22629720249529622
  0.23770628877028829  0.24865037789753464  0.25914633988372354  0.26885678057784612
  0.27770817124592373  0.28623744690542818  0.29479317989099219  0.30333363217251585
  0.31158807933714816  0.31951235546289247  0.32732823565232733  0.33516747908243238
  0.34289420541467880  0.35018881566776749  0.35711360225956829  0.36332464993702446
  0.37010318888205290  0.37623308365877312  0.38198395798674528  0.38758217333604283
  0.39322195729115939  0.39901555680854162  0.40452034975306989  0.40984940978652107
  0.41499594971660808  0.42020461793767350  0.42545093349444690  0.43069615887699020
  0.43591948438279449  0.44102365894042422  0.44619635045384526  0.45146381214188597
  0.45680886522403308  0.46218940290267529  0.46740287669488084  0.47243556046629426
  0.47739581564935174  0.48234695321467869  0.48743504566560408  0.49267569574242226
  0.49825793692325321  0.50445670612515692  0.51099726255221189  0.51754802157495172
  0.52383409098797351  0.52980352515361484  0.53561124013633854  0.54149849632478031
  0.54781277526519945  0.55414670263987076  0.56025522053966204  0.56607110932247062
  0.57176596884920772  0.57749431630346770  0.58323216583155912  0.58898926443374022
  0.59484643458419706  0.60082740374121524  0.60698162881664153  0.61335077562469587
  0.61989626171871348  0.62643065765028949  0.63259617086196485  0.63849994942818356
  0.64423354087095630  0.64991943565050181  0.65574603809081811  0.66179709963988187
  0.66796101415027043  0.67410922880961588  0.68022091063925216  0.68680668212578733
  0.69481650858075672  0.70373347684615162  0.71249389818784059  0.72125866110074777
  0.73006880855949841  0.73931778385198543  0.74940789159494903  0.76017332696847739
  0.77131019391181321  0.78345785661524581  0.79795741319081204  0.81491380321920748
  0.83383284959955939  0.85625812510425814  0.89146174314288062  1.00000000000000000
   5.2870690674029785E-004  -1.0000000000000000     
 F T T F T T T T T T T T F T T F F F F F F F F F F F F F F F F F
  <DiscreteSampler_grid>
  grouped_processes
  1 # 1 for a reference and 2 for a running grid.
  10 # Attribute 'min_bin_probing_points' of the grid.
  1 # Attribute 'grid_mode' of the grid. 1=='default',2=='initialization'
  0.0000000000000000 # Attribute 'small_contrib_threshold' of the grid.
  0.5000000000000000 # Attribute 'damping_power' of the grid.
 # binID   n_entries weight   weight_sqr   abs_weight
    10   10   3.404797820078276E+007   1.162228077196657E+015   3.404797820078276E+007
  </DiscreteSampler_grid>
