 -0.00000047885204277  0.00001054843291102  0.00002491780419432  0.00003830793107369
  0.00005155354962318  0.00006501185558646  0.00007889740594583  0.00009335165516650
  0.00010825636824364  0.00012351836687985  0.00013895581214071  0.00015448249111437
  0.00017068672106693  0.00018763053615047  0.00020552735567486  0.00022432403422987
  0.00024415638887286  0.00026506463923717  0.00028707958590265  0.00031000980789404
  0.00033434132182317  0.00035996303391815  0.00038671530159359  0.00041557709849862
  0.00044520650558035  0.00047627031474142  0.00050934395290063  0.00054397597198131
  0.00058075714175749  0.00061882611980860  0.00065790828135867  0.00069854863391238
  0.00074105692866083  0.00078525466297996  0.00083053236769873  0.00087809770330850
  0.00092856043409451  0.00098025580014834  0.00103427067748256  0.00108805156896706
  0.00114653039819145  0.00120859065238495  0.00127759078208804  0.00135121763132825
  0.00142343226874945  0.00149930215646426  0.00157745162127147  0.00165899132554400
  0.00174147181485404  0.00182402823325468  0.00190986122726573  0.00200265230234869
  0.00210792148565408  0.00221525242875364  0.00231903516357097  0.00242703831145571
  0.00254116990530653  0.00265919968019599  0.00278640473059515  0.00291932214791180
  0.00305022371483483  0.00317785631239171  0.00330967914551401  0.00344082720903742
  0.00357608522066425  0.00372271221435395  0.00388066643307598  0.00406263772600459
  0.00427394054690626  0.00452702015172019  0.00479805824048075  0.00508332052991534
  0.00536444175982769  0.00564117919967774  0.00594197734384871  0.00626584821985931
  0.00657832312484933  0.00695937002047932  0.00735880484727492  0.00778815645035515
  0.00821722276423135  0.00865046941588017  0.00920889373317051  0.00982722698931226
  0.01049516781242066  0.01127698940014516  0.01211709484349727  0.01303433178391437
  0.01454975928373273  0.01667308108433653  0.01874298450803069  0.02116965221518220
  0.02644661999751251  0.02922204934748263  0.04897484325131300  1.00000000000000000
 -0.00257980622528384  0.00935175798488787  0.01970313573728186  0.03042225048629543
  0.04120387687647275  0.05194368206779904  0.06250281800841022  0.07282853811348540
  0.08311774995787209  0.09363633437843223  0.10419483943480741  0.11456668468766976
  0.12476556937571555  0.13493481728450607  0.14523937000651191  0.15565262845978767
  0.16606622719026923  0.17687223375267136  0.18746771773854304  0.19805534772334912
  0.20862107105491273  0.21945773798624951  0.22985725504299967  0.24040653547684107
  0.25125678509292232  0.26223253302883037  0.27292942800442704  0.28312012726783675
  0.29373958736877442  0.30422784990809781  0.31474796519460668  0.32533230762149745
  0.33572291422806610  0.34595975678580765  0.35608682578137607  0.36658961273525253
  0.37736093244017177  0.38815904503277304  0.39894899700615133  0.40954855264742168
  0.42051193510443485  0.43111937735444589  0.44165287494802991  0.45204588642357185
  0.46245277941402746  0.47278082746473815  0.48289857308793538  0.49311978842583776
  0.50336071861909271  0.51364457996822399  0.52391559142019517  0.53452759132808980
  0.54519470991887753  0.55596663023286141  0.56642702703318693  0.57684123671754584
  0.58742455371568614  0.59832231484471399  0.60947947056651219  0.62082205125652368
  0.63179937954258458  0.64257723059162641  0.65349286227710968  0.66452636320417535
  0.67528558693721907  0.68563431750220050  0.69597910491198600  0.70632583154835760
  0.71653894896918902  0.72689923911719834  0.73709767606269805  0.74729663361762366
  0.75744401287355190  0.76772381338726114  0.77825703080257402  0.78857163978681333
  0.79911280293113374  0.80954302415434687  0.82015385965735621  0.83058939221484784
  0.84117590609018156  0.85166679763762410  0.86231650887465827  0.87306368333672779
  0.88387193583459900  0.89461708706145049  0.90533109608116302  0.91595674657906734
  0.92644150688885052  0.93678660008780013  0.94743028101344806  0.95794842735047225
  0.96839759594570496  0.97877185661921629  0.98929558293553610  1.00000000000000000
 -0.00408351427845948  0.02377195725804247  0.04343529665369859  0.06016466276637086
  0.07525721634209745  0.08921711813363128  0.10229937244597911  0.11474518324889010
  0.12681750653581073  0.13865294874161013  0.15018942535862800  0.16150131446439556
  0.17277901939866147  0.18403990241452747  0.19513613172394773  0.20595401470551081
  0.21646266776639084  0.22679449042312205  0.23690588801437798  0.24689386071057079
  0.25668248083471978  0.26624328830232180  0.27569488059853975  0.28508516022348623
  0.29451669221330168  0.30387812004797760  0.31319205301856590  0.32237863861800958
  0.33146265723025170  0.34042181669129296  0.34930855028491781  0.35827238969701614
  0.36731122592501558  0.37627087730487774  0.38505996845325396  0.39378728832571663
  0.40256047577327464  0.41137628775013252  0.42016596761915781  0.42884552483061472
  0.43743391603881310  0.44600881890569749  0.45466129250523080  0.46333238227760076
  0.47203390289163205  0.48052143812192250  0.48890847274381832  0.49724383245540177
  0.50573444590075300  0.51414139389867985  0.52248400248507931  0.53067438289047808
  0.53889047181641669  0.54716965144167828  0.55557363003216598  0.56408830959678580
  0.57259731143978088  0.58103670956175180  0.58932590213329095  0.59761171778000899
  0.60607368317625421  0.61477948054038234  0.62355053060762566  0.63235465961811577
  0.64123102009817912  0.65026932267380300  0.65937604163641517  0.66822852096809338
  0.67686407384659009  0.68570316101594919  0.69472990518753153  0.70385065011572534
  0.71284519058667306  0.72183681370361108  0.73097331401087329  0.74031639933813487
  0.74971497919046037  0.75908573873018903  0.76838694438796940  0.77772121372129854
  0.78710902039427544  0.79664883429722522  0.80623368362149561  0.81609587304651454
  0.82630394741627222  0.83678533257683696  0.84754036278485878  0.85883751078202175
  0.87085048268402199  0.88330398986090097  0.89624169975639068  0.90993616241286512
  0.92507642768373544  0.94243946319459893  0.96558963336901671  1.00000000000000000
 -0.02030054592257279  0.12068517811638013  0.15966560107081551  0.18312276701648700
  0.20137337884797102  0.21665126414940944  0.23017687101025849  0.24225909844728530
  0.25329041275861891  0.26333625002107625  0.27309206188931917  0.28205863107957679
  0.29072185058317862  0.29880990868187934  0.30654201362671196  0.31402270310299929
  0.32120365068007301  0.32831091786292033  0.33519728640673679  0.34189498062735851
  0.34852436081737892  0.35503699024130392  0.36132609824670658  0.36753316547721793
  0.37365855522734243  0.37963580267493052  0.38552257211183999  0.39139613713645949
  0.39716998191085801  0.40279880956284497  0.40833771341970521  0.41381848545564076
  0.41924039855819500  0.42462909598417947  0.43005764547910907  0.43545987973235101
  0.44076170326381875  0.44595914226486655  0.45113755803879962  0.45634354204586342
  0.46162897606935233  0.46690476579053114  0.47213396590497425  0.47729211235614444
  0.48239256404777420  0.48748713525305482  0.49255978698275177  0.49768067010324102
  0.50281342383683469  0.50800339979150122  0.51320580233925550  0.51834654704357286
  0.52351419125409160  0.52868907773460116  0.53388506319529927  0.53913344412455089
  0.54442398166496397  0.54973641911713156  0.55503245139610347  0.56028812943466799
  0.56548654501019491  0.57071860203310576  0.57600780952440356  0.58131900692626681
  0.58673603670837249  0.59221584854645659  0.59774589642520459  0.60338184773155390
  0.60913081636790178  0.61496165993171414  0.62084721422456757  0.62677957139757901
  0.63279635800773171  0.63892222335798676  0.64513494382819347  0.65155486337642765
  0.65803774732496023  0.66460414590768691  0.67142645133762502  0.67857176575625566
  0.68584097251677589  0.69335993174441768  0.70118523286484158  0.70912893783657105
  0.71769050664124623  0.72629101540500340  0.73566140031637761  0.74558341344811696
  0.75661473342938179  0.76874812076302812  0.78228447410161062  0.79773415882500054
  0.81609981116287478  0.83958164295947690  0.87818334181270263  1.00000000000000000
   2.5085107522555040E-002  -1.0000000000000000     
 T T T T T T T T T T T T T T T T F F F F F F F F F F F F F F F F
  <DiscreteSampler_grid>
  grouped_processes
  1 # 1 for a reference and 2 for a running grid.
  10 # Attribute 'min_bin_probing_points' of the grid.
  1 # Attribute 'grid_mode' of the grid. 1=='default',2=='initialization'
  0.0000000000000000 # Attribute 'small_contrib_threshold' of the grid.
  0.5000000000000000 # Attribute 'damping_power' of the grid.
 # binID   n_entries weight   weight_sqr   abs_weight
    10   10   1.542759495665565E+009   2.996683372255260E+018   1.542759495665565E+009
    16   10   1.542759495665565E+009   2.996683372255262E+018   1.542759495665565E+009
  </DiscreteSampler_grid>
