 -0.00000027157734259  0.00001015600021003  0.00002384336337468  0.00003665498901126
  0.00004896006415525  0.00006109820158532  0.00007331056052864  0.00008578215087864
  0.00009856895798010  0.00011168757320159  0.00012522143323389  0.00013913443114509
  0.00015323279251306  0.00016776652631760  0.00018286971939618  0.00019878303794041
  0.00021560582028787  0.00023320458188935  0.00025192362048923  0.00027164640835278
  0.00029217208349942  0.00031372643087103  0.00033631355089243  0.00035966791530021
  0.00038391161022858  0.00040906229324550  0.00043507418854938  0.00046224265894210
  0.00049060170328951  0.00052015665644327  0.00055069529463997  0.00058248293850728
  0.00061608022311988  0.00065088965990822  0.00068679560504622  0.00072440433493978
  0.00076375836500255  0.00080479670574263  0.00084753184218505  0.00089174271854434
  0.00093864511909994  0.00098674396480204  0.00103496281544193  0.00108551086554059
  0.00113638282977540  0.00119093302953595  0.00124763489616990  0.00130604392549286
  0.00136992015073252  0.00143271911016134  0.00150264169476970  0.00157534493195762
  0.00165047629812938  0.00172912219310724  0.00181133623647493  0.00189700316296457
  0.00198322303537794  0.00207782265592931  0.00217279102272170  0.00227415723774909
  0.00238128403203120  0.00250112632077816  0.00262871818021074  0.00275789598892874
  0.00288909498370064  0.00302292169109288  0.00316272539685583  0.00330609187782281
  0.00345536303982938  0.00362014266070844  0.00378997841211541  0.00396001766427573
  0.00414267695221210  0.00432480533629506  0.00450267335752045  0.00469277692072865
  0.00489145529191538  0.00510472344695601  0.00535032366370205  0.00563590340107052
  0.00592987652059461  0.00624829440421207  0.00659392264104938  0.00699699439447877
  0.00737671911312861  0.00774201348297980  0.00808649798501464  0.00844784615777859
  0.00886344132330924  0.00938096569444563  0.01034054777903741  0.01178671860151071
  0.01301767952553775  0.01538322207072984  0.10427109539856683  1.00000000000000000
 -0.00233014053042832  0.00949226785072130  0.01944524316300494  0.03008795173730170
  0.04064746742054107  0.05079664432684342  0.06088225818758262  0.07107983314216515
  0.08147242929575380  0.09175437465342767  0.10202551059804872  0.11262763996993874
  0.12312968667983008  0.13387364989319236  0.14449375177759638  0.15531270995434399
  0.16607470285560871  0.17683384657411952  0.18744698773034990  0.19802069172711076
  0.20853570163977803  0.21914917259562902  0.22966963114162853  0.24010972114450715
  0.25057977005982374  0.26132088061512321  0.27219748447002090  0.28309196164964118
  0.29380233387177801  0.30448307101343663  0.31512451629726840  0.32555008320768380
  0.33590082251097814  0.34617258866376827  0.35641334996747498  0.36678200674261052
  0.37720043829202332  0.38763450144478645  0.39799488580958187  0.40818814147935745
  0.41843368660019420  0.42876250782651809  0.43929759990099065  0.44997925582136622
  0.46073063614152709  0.47143599235619799  0.48215734516997460  0.49273315536408108
  0.50346835989417615  0.51423422882264536  0.52489761523157663  0.53516646854894745
  0.54529813794639237  0.55548647822901631  0.56584543848818769  0.57647221421293737
  0.58727082264502783  0.59822509031983595  0.60917972245537444  0.62009952271741664
  0.63108127951609383  0.64214058405236762  0.65298571364217373  0.66388497274079650
  0.67462196890830661  0.68535003129566885  0.69581208457641985  0.70643467933231685
  0.71707896384223890  0.72769318570825470  0.73789539566661555  0.74819886045335549
  0.75868681520722037  0.76897970013122718  0.77935817223404136  0.78974709505284557
  0.80038822227301853  0.81102161844762666  0.82159923117930100  0.83227531474768501
  0.84310860259268128  0.85372873659904069  0.86407731616118078  0.87440529399149447
  0.88486981591449332  0.89569505447502729  0.90613137535425059  0.91644413001799452
  0.92674523648342166  0.93713374071884414  0.94742419732087846  0.95776424563251272
  0.96833842596623632  0.97880911231169287  0.98939054129222470  1.00000000000000000
 -0.00389544284943897  0.02319267451889923  0.04296337230284503  0.05971149148825219
  0.07492145445185537  0.08902153374321385  0.10231492106056289  0.11521034601456659
  0.12763242783215775  0.13958709285913612  0.15110401951839442  0.16241404792775407
  0.17339025878526143  0.18416709292492064  0.19489804394322618  0.20558700448071743
  0.21593825836681252  0.22595960339022247  0.23587284170502351  0.24576420841356778
  0.25559469922121014  0.26526354181490175  0.27491915795534644  0.28460653828464066
  0.29418924242366623  0.30358216873617005  0.31292560484856663  0.32202089606190631
  0.33106220305303874  0.33981003665502124  0.34846388209014495  0.35705593051034890
  0.36554734211387413  0.37396025887975792  0.38237303847116411  0.39082845455836279
  0.39932148627835473  0.40788343965973745  0.41639386412343543  0.42487495692705229
  0.43335532021591688  0.44182968046653648  0.45033695672659774  0.45876936568973181
  0.46712312839033726  0.47547634579301523  0.48381061866847852  0.49227527630265150
  0.50054334059246541  0.50885109065715373  0.51714860692494913  0.52556337893683214
  0.53406901290244113  0.54257687163927892  0.55106462707360782  0.55953916623011135
  0.56792605125732720  0.57623211365621407  0.58455236025512070  0.59289747578111729
  0.60122732130835788  0.60960248574095721  0.61813408968866035  0.62691375231841795
  0.63593774577544016  0.64502416183452571  0.65396884732833027  0.66274477862602221
  0.67151868789654023  0.68017280514013356  0.68885537042907896  0.69752579323297681
  0.70610908368839675  0.71504148498628717  0.72391022747995359  0.73288855824204546
  0.74199005264942175  0.75138594618559840  0.76115984335109832  0.77100990217630050
  0.78092044780596281  0.79087518799827272  0.80121024815690789  0.81179756260918778
  0.82262829455928921  0.83377444289917257  0.84535192928786396  0.85713147379445143
  0.86914692811135041  0.88153147120727782  0.89467085866494389  0.90842261810534264
  0.92341016733161563  0.94046026317743148  0.96358479531822649  1.00000000000000000
 -0.02046358128623368  0.12166349081910019  0.16017925446102144  0.18375553088938434
  0.20200268927526349  0.21708651522093370  0.23027210309168344  0.24217291537000307
  0.25317140960792461  0.26328823128311357  0.27297933605216462  0.28182182074668677
  0.29053335148018811  0.29854493501222251  0.30639465787322762  0.31393955889128439
  0.32122247000570370  0.32831001592964898  0.33522935458367742  0.34189948470560000
  0.34844870370923253  0.35479486784472014  0.36088156084782036  0.36684011905919772
  0.37271405448442541  0.37853002455912460  0.38435071527375531  0.39019524334950711
  0.39601955945652056  0.40177390191657719  0.40746695672952465  0.41313029209663327
  0.41869079694853450  0.42410816852436911  0.42951013194222820  0.43487620503847907
  0.44029220825492332  0.44566222633278463  0.45100670225489553  0.45629120516190347
  0.46150484129393932  0.46669473661653776  0.47189171656668316  0.47706401443238522
  0.48218737105733256  0.48726837373682347  0.49227019807248912  0.49727193935838843
  0.50224199079867404  0.50726240203457074  0.51229307860299678  0.51736362144470793
  0.52247171289668382  0.52762896563144024  0.53280367534521889  0.53799201628406745
  0.54320303729534325  0.54842367847842721  0.55365569777526980  0.55886852736674963
  0.56417268477278970  0.56965425902750333  0.57516028267303654  0.58070790017156459
  0.58626266759181267  0.59186664143686885  0.59749430218487576  0.60317984655970014
  0.60900095170287916  0.61494158700079082  0.62094986002253305  0.62700772674834615
  0.63307163315795034  0.63919244975478040  0.64540482473433070  0.65176426706365620
  0.65817394931319151  0.66475433265547879  0.67161340387362733  0.67898275383483619
  0.68634877859163634  0.69402528786588735  0.70182030958132902  0.70996446879275699
  0.71848801054997402  0.72727910179353239  0.73667452137930267  0.74659543173068998
  0.75746293530050857  0.76936481851258021  0.78279024182320467  0.79803518441186261
  0.81624482356303918  0.83976804883527401  0.87837743656278600  1.00000000000000000
   2.4898353438489375E-002  -1.0000000000000000     
 T T T T T T T T T T T T T T T T F F F F F F F F F F F F F F F F
  <DiscreteSampler_grid>
  grouped_processes
  1 # 1 for a reference and 2 for a running grid.
  10 # Attribute 'min_bin_probing_points' of the grid.
  1 # Attribute 'grid_mode' of the grid. 1=='default',2=='initialization'
  0.0000000000000000 # Attribute 'small_contrib_threshold' of the grid.
  0.5000000000000000 # Attribute 'damping_power' of the grid.
 # binID   n_entries weight   weight_sqr   abs_weight
    10   10   1.879502185156366E+009   8.218607413598673E+018   1.879502185156366E+009
    16   10   1.879502185156366E+009   8.218607413598680E+018   1.879502185156366E+009
  </DiscreteSampler_grid>
