  0.00000113896327052  0.00001193060921233  0.00002529959996277  0.00003765360655141
  0.00005002492735659  0.00006234719038535  0.00007494859820961  0.00008790612593916
  0.00010141932463977  0.00011553916390741  0.00013012518544902  0.00014493036522557
  0.00016000473631220  0.00017574059957108  0.00019235872960832  0.00020965935083051
  0.00022822728796702  0.00024745206335767  0.00026737952994962  0.00028827677445675
  0.00031020489621937  0.00033351334870240  0.00035770311150859  0.00038338187042209
  0.00040996255023188  0.00043757641283259  0.00046615903586939  0.00049641581219554
  0.00052817962293885  0.00056103299488979  0.00059493163595222  0.00063001890655713
  0.00066712752228390  0.00070524394805885  0.00074577049489113  0.00078726196077330
  0.00083015273659529  0.00087334342854251  0.00091770167223329  0.00096371963182545
  0.00101251757973725  0.00106291270226921  0.00112053165891849  0.00117796697818788
  0.00124237302525612  0.00131004872364649  0.00138295641528646  0.00145791985936141
  0.00153157410341861  0.00160748256177041  0.00168476518742564  0.00176653581679328
  0.00185251274753243  0.00194509625549636  0.00204264522358534  0.00214215768194167
  0.00224251584367759  0.00234950418228370  0.00245908645144826  0.00258993474093157
  0.00272273628935475  0.00285350060484199  0.00298474267553345  0.00311784242737207
  0.00326165873645950  0.00342450854340949  0.00359910108949993  0.00377622190367848
  0.00395694257923893  0.00414400295064777  0.00433024212856101  0.00450721301535358
  0.00467785376602071  0.00485288045657402  0.00507341927031210  0.00533962414234790
  0.00563268241029382  0.00594049876800666  0.00626277426451644  0.00660297910301085
  0.00696529917605828  0.00732992382263109  0.00769896288657467  0.00806340634694971
  0.00843797793958320  0.00882993243221779  0.00923731127542370  0.00974272663117148
  0.01027770356930171  0.01091911422459105  0.01183604963838009  0.01265749558656759
  0.01344250789898757  0.01551475338959481  0.18348997942121531  1.00000000000000000
 -0.00244355832817321  0.00940520759617511  0.01940759101058168  0.03006173801465835
  0.04079804865247631  0.05123099502182769  0.06172329493732315  0.07230483125266424
  0.08321539316691309  0.09353952298532314  0.10401207635554180  0.11442136729064861
  0.12486995396285777  0.13533325433190999  0.14569030858009629  0.15633485005636316
  0.16693679016699134  0.17745455133491372  0.18795761673557440  0.19816842234748155
  0.20841766045083462  0.21890371822856899  0.22944211509889773  0.24025755672104646
  0.25107521125409071  0.26198705965756192  0.27283546377532408  0.28351201329163933
  0.29420202980541943  0.30484084963393182  0.31540709430057007  0.32624984693072678
  0.33713026884774405  0.34801270048848743  0.35881035869373673  0.36968476588771726
  0.38043874289993679  0.39110719789185810  0.40177557970503569  0.41223635416404436
  0.42297254850374977  0.43369879912458531  0.44427336481236523  0.45464685331593702
  0.46504299821178768  0.47556537394264342  0.48589979825980578  0.49621876392864178
  0.50682556486814867  0.51745008574702567  0.52812122314511822  0.53868398908893667
  0.54929443634886377  0.55988079194519080  0.57052081214491313  0.58114473348276607
  0.59193363597866422  0.60257784508978407  0.61326842197235221  0.62387190913390156
  0.63464654387532082  0.64550076101443077  0.65601426928469164  0.66646357007508583
  0.67680117018270003  0.68740613032851661  0.69794417583565727  0.70838500928439285
  0.71866535810448340  0.72904280053218040  0.73957766724045271  0.75006890864182529
  0.76030849060999028  0.77053989459752015  0.78071411714681072  0.79095310611594638
  0.80107696813729667  0.81110685053986098  0.82135290985541975  0.83189056750244905
  0.84245054992980206  0.85318500788837504  0.86360137820160754  0.87399486872217313
  0.88421127267198918  0.89425725285748425  0.90458904502804205  0.91502195326477054
  0.92580055546628637  0.93654407552711672  0.94683910594609255  0.95729566265076504
  0.96799628420871775  0.97886773238705949  0.98946493827258430  1.00000000000000000
 -0.00385788662197604  0.02316669429877754  0.04293619526097924  0.06008224181280553
  0.07567417431499895  0.09008134234690172  0.10365077575889776  0.11651959800704140
  0.12882013622303265  0.14068547178421870  0.15225594086310335  0.16348651686958207
  0.17441520845207936  0.18520284884584468  0.19599485273075487  0.20667080948692118
  0.21719632502698374  0.22756459348427441  0.23768197675533609  0.24770767783616260
  0.25766242851836574  0.26754933249557034  0.27710351157385799  0.28641340874003901
  0.29566233538212816  0.30491682559709338  0.31413672430308265  0.32323482330694925
  0.33231643780911818  0.34134016493728436  0.35035540145287092  0.35923284230907132
  0.36807306083681340  0.37693236500304683  0.38580416809332940  0.39469685651722897
  0.40357914976670700  0.41238362497996461  0.42107021433187669  0.42964781113114570
  0.43814240169339391  0.44657153848167941  0.45495716532421787  0.46330267877258291
  0.47159950738830669  0.47989793657725027  0.48819838046565495  0.49651419565682708
  0.50475884287599448  0.51293358431222313  0.52105908963934866  0.52926115972953636
  0.53753395131186055  0.54586509654816251  0.55429961675569162  0.56272589194142797
  0.57117815383171722  0.57961439897224354  0.58800654624634430  0.59631811224317111
  0.60458357541384489  0.61286289392005999  0.62120893861003601  0.62967336970074128
  0.63824506670478920  0.64691500695476067  0.65575573197953185  0.66456543739748786
  0.67358940041203830  0.68269135719068408  0.69181381275312637  0.70100029441829670
  0.71015765551653909  0.71921885030487276  0.72815032270299396  0.73702688820042905
  0.74602284310812783  0.75536570383792645  0.76495164166029550  0.77471422756691033
  0.78470808124601277  0.79479373794154762  0.80496004647995290  0.81524933196913829
  0.82576156733474548  0.83662635122359763  0.84785845844225294  0.85949101563436470
  0.87151837569227408  0.88396322781069991  0.89695660498407681  0.91069400008117218
  0.92584024611604288  0.94231159384458962  0.96481964514640517  1.00000000000000000
 -0.02036280782844930  0.12153921788159330  0.16044229266422599  0.18372151166528636
  0.20179611987751606  0.21683848183953894  0.22998782778670401  0.24176956394634810
  0.25266181172718788  0.26261241682717590  0.27230870750183528  0.28117423044847534
  0.28971024197024764  0.29762288140053317  0.30528521015494775  0.31287555186759669
  0.32000569315073346  0.32702711868539780  0.33389291875559501  0.34058184106482509
  0.34706611265635012  0.35338689037285359  0.35956616831308741  0.36566545839869136
  0.37169731977616155  0.37764234943395891  0.38345807072056942  0.38921523635068056
  0.39490537757724686  0.40054894776117617  0.40616027299871649  0.41172256463033458
  0.41723636671368486  0.42270102373556279  0.42813233462294603  0.43357255730133482
  0.43890542808494604  0.44411767452862633  0.44925215786281097  0.45436500176444322
  0.45945211625137239  0.46455875618719766  0.46969402890570688  0.47483072260375175
  0.47995099712937345  0.48507619394889673  0.49020230338230758  0.49530007071387061
  0.50046311452194636  0.50563129935982354  0.51081897634473961  0.51600434482708391
  0.52116354392399455  0.52628676043559963  0.53137262701786347  0.53648297994883709
  0.54167347483433459  0.54695147204634587  0.55230030302971811  0.55770571934530067
  0.56313941125030098  0.56860747858294014  0.57405170867141042  0.57957368951722876
  0.58517520256303768  0.59080875671695776  0.59642579056140588  0.60199147453661150
  0.60763238835276878  0.61339195101365795  0.61923645499493729  0.62515150725600888
  0.63119729846053241  0.63738908703924324  0.64365792248957321  0.65017364855235393
  0.65688158456076073  0.66369602580089859  0.67072346205380218  0.67791812827416609
  0.68525487296542253  0.69288749135104011  0.70072114821439979  0.70886142442553524
  0.71749921311658915  0.72641382725493842  0.73595207841951560  0.74583040807615164
  0.75668469392079296  0.76868462044271557  0.78230210517308796  0.79772429947016577
  0.81604541107325357  0.83954027382900864  0.87808370874936625  1.00000000000000000
   2.5310257891262344E-002  -1.0000000000000000     
 T T T T T T T T T T T T T T T T F F F F F F F F F F F F F F F F
  <DiscreteSampler_grid>
  grouped_processes
  1 # 1 for a reference and 2 for a running grid.
  10 # Attribute 'min_bin_probing_points' of the grid.
  1 # Attribute 'grid_mode' of the grid. 1=='default',2=='initialization'
  0.0000000000000000 # Attribute 'small_contrib_threshold' of the grid.
  0.5000000000000000 # Attribute 'damping_power' of the grid.
 # binID   n_entries weight   weight_sqr   abs_weight
    10   10   2.395824560950243E+009   1.029709771742540E+019   2.395824560950243E+009
    16   10   2.395824560950243E+009   1.029709771742540E+019   2.395824560950243E+009
  </DiscreteSampler_grid>
