  0.00000119936286623  0.00001298744572614  0.00002742757371855  0.00004152901160313
  0.00005522242035699  0.00006838928281555  0.00008221752142862  0.00009622049843734
  0.00011059568283286  0.00012564518823273  0.00014115039051486  0.00015677065474864
  0.00017323350951049  0.00019061191296538  0.00020878406445530  0.00022778131533491
  0.00024793616601728  0.00026927377078961  0.00029172977670998  0.00031502477926504
  0.00033965626481252  0.00036516638234136  0.00039164856713351  0.00041939954154562
  0.00044833910757785  0.00047845501633068  0.00051025250365462  0.00054408088188960
  0.00057968694880359  0.00061715572558020  0.00065660506193462  0.00069675939413248
  0.00073800352375016  0.00078134535551437  0.00082692987915490  0.00087476092655082
  0.00092429745566107  0.00097404124832528  0.00102494214148826  0.00107907464734997
  0.00113627167275288  0.00119729599525924  0.00126008186685368  0.00132422917322861
  0.00139258639249808  0.00146678090045196  0.00154665922707511  0.00163134347485808
  0.00171899154907772  0.00180955835017536  0.00190154121534382  0.00199337383571604
  0.00208670129190505  0.00218723920399906  0.00229427388717299  0.00240311456509721
  0.00251821908973506  0.00263428719804410  0.00276153273539082  0.00291117768019922
  0.00306726303312321  0.00322694143563940  0.00338610164673582  0.00354177851726989
  0.00370819251374398  0.00388406481443303  0.00407486765990785  0.00427931404227410
  0.00450112810694793  0.00474747780065597  0.00500033762486806  0.00523990256438932
  0.00547822292103625  0.00574447971799380  0.00603726016128152  0.00639307101074099
  0.00672787488574675  0.00707122627317786  0.00744027914273538  0.00785523317839406
  0.00853744433878242  0.00927756145019182  0.01019419726085690  0.01108187623596254
  0.01188937933000351  0.01260674396471550  0.01329730931983350  0.01407088723221902
  0.01502917389485493  0.01618974117126570  0.01767039540967518  0.01916722391452047
  0.02047863553447670  0.02221459208593493  0.25725559996366898  1.00000000000000000
 -0.00213546797970920  0.00927869563255327  0.01918726913591437  0.02975226817456559
  0.04018734100477117  0.05096863358072568  0.06161728719887704  0.07222516511499842
  0.08267825013698372  0.09317770912073320  0.10357947277659620  0.11428407999531656
  0.12482059552323992  0.13536185809226686  0.14574142305779691  0.15634039791423834
  0.16700961210887341  0.17762994336616253  0.18831992660939215  0.19898112230623691
  0.20948981240734124  0.21995538751815424  0.23063293234512300  0.24129794624315859
  0.25190347578729505  0.26216331196585091  0.27252413471708570  0.28274669972284794
  0.29303433440423005  0.30340432153462488  0.31379959812371916  0.32434931690594282
  0.33494923843449831  0.34580134725341355  0.35670692714250402  0.36750804135489740
  0.37824572558896336  0.38893946334579876  0.39968927225483697  0.41052774311621970
  0.42134347154026319  0.43212822548311519  0.44280478227241660  0.45346511354116109
  0.46408342041045092  0.47472823673954051  0.48537087172434157  0.49609280118669630
  0.50686317042025830  0.51750941736385669  0.52790111782128657  0.53814223070985567
  0.54840109952674787  0.55873464344517543  0.56872716305585269  0.57871765539497810
  0.58883571067617868  0.59916405607949907  0.60963375578586432  0.62011909266118115
  0.63079139900664416  0.64150488912337433  0.65220083337046197  0.66306081711895937
  0.67390384425477767  0.68476136216610273  0.69555056206446009  0.70638948459850248
  0.71726376524081525  0.72795027495050635  0.73840056393774223  0.74875536813468735
  0.75919233921014606  0.76971247405584309  0.78016885558615312  0.79062173135189839
  0.80102056491289086  0.81141123350298827  0.82163779511499890  0.83181742128075609
  0.84191238896052989  0.85192226685281847  0.86221070728420857  0.87235568884598791
  0.88276509310952078  0.89307708089435112  0.90383741219262936  0.91463071250413486
  0.92525617680926131  0.93603549589870272  0.94687416394477286  0.95782722592560021
  0.96836375684475073  0.97878730969109240  0.98941693851407508  1.00000000000000000
 -0.00383996152555597  0.02305833950888960  0.04307736228299539  0.06024787339620088
  0.07582606822773129  0.09033694626761500  0.10389368562633244  0.11687650570495095
  0.12933992739466324  0.14153165095976897  0.15332622864867940  0.16481389033978411
  0.17596939680868567  0.18688015380228357  0.19746303523563707  0.20792452139169751
  0.21829891216749789  0.22857028148759509  0.23865644180357104  0.24867503714470413
  0.25843970795235072  0.26812087772137660  0.27756373749513208  0.28678170096808697
  0.29581026130061311  0.30470205868675609  0.31371516247366332  0.32279641874400034
  0.33177958971943045  0.34068983406385306  0.34960556513690294  0.35852279352802058
  0.36736429463783798  0.37614377665253729  0.38489632491199882  0.39367424824474778
  0.40247480681233899  0.41122247211970059  0.41994088852411987  0.42860767575408371
  0.43719803037881821  0.44569572394663509  0.45415450684158482  0.46261629186815811
  0.47104376561568678  0.47955084253058489  0.48810918424083605  0.49652397135684445
  0.50483363266973103  0.51309931051143887  0.52154681803978842  0.53010117438475446
  0.53870056228938401  0.54711548802762233  0.55537361147308328  0.56360440977470216
  0.57185993322849393  0.58021912201176928  0.58872930098039911  0.59732165838221141
  0.60593550668215246  0.61457063010645063  0.62317420553500902  0.63180313004383659
  0.64051235495524839  0.64926652218548031  0.65813126750282580  0.66706922072897024
  0.67608797889922623  0.68503668626482928  0.69391449782290715  0.70283142121107600
  0.71173897604068848  0.72074240883149965  0.72994037224500152  0.73931351466617068
  0.74874014921540766  0.75815098338634279  0.76750423358005171  0.77696757529646110
  0.78645349037663859  0.79605607659444266  0.80629047655452357  0.81685841655986213
  0.82775531407672476  0.83858628191907736  0.84978499877433578  0.86145919893470901
  0.87353835702506311  0.88592758334210109  0.89882651738531372  0.91248371936804240
  0.92760285919664931  0.94496963128923228  0.96837244420124180  1.00000000000000000
 -0.01987468252614275  0.12103639818668996  0.16045352421988252  0.18406060168925803
  0.20235584858852310  0.21767427972737499  0.23102169108389084  0.24288433864469355
  0.25378995966523071  0.26382314084559799  0.27331136511054432  0.28192361689051143
  0.29033458342995416  0.29821589893988909  0.30587074316877028  0.31335485931709678
  0.32049509905821183  0.32756715947390097  0.33441528875660265  0.34103842749268015
  0.34748039478021137  0.35384868591745255  0.36003861898328038  0.36617868164448530
  0.37226970322084030  0.37822640089144222  0.38410557918570198  0.38994906849526167
  0.39570033933151300  0.40135126585768638  0.40688957360066463  0.41233268762467479
  0.41772019370108976  0.42304759379203133  0.42835320577697378  0.43359291883541645
  0.43881366419747775  0.44407997934106230  0.44938225191663955  0.45469324458774568
  0.45998502256297913  0.46527363724366610  0.47056793375862588  0.47586524622929810
  0.48114772017745011  0.48640427443086243  0.49161301431448118  0.49674528056869421
  0.50192511538212781  0.50701295192184470  0.51222865288447084  0.51748632521825277
  0.52272311495091406  0.52794226167127989  0.53315154073951598  0.53833948044499935
  0.54355529867780350  0.54881467514131343  0.55404782621535353  0.55924734767931950
  0.56448827835145243  0.56982439632952053  0.57524743170264303  0.58065617443934769
  0.58611400466469910  0.59162436349557534  0.59723292922971460  0.60288153282943113
  0.60859182293161818  0.61436784159222912  0.62017053092985874  0.62611476317080961
  0.63224214376011612  0.63840812299998040  0.64465169618680795  0.65102013272805326
  0.65753066801313731  0.66419690111844787  0.67108215664371473  0.67836093596237290
  0.68563109688737145  0.69329626619155971  0.70112301116388154  0.70930592758380695
  0.71800825088701603  0.72702785096166234  0.73661279236007937  0.74667994657651082
  0.75762268307238922  0.76944605363317198  0.78283046596858574  0.79830258103073337
  0.81698845088882543  0.84076597381283524  0.87981399581680708  1.00000000000000000
   2.5095464535121226E-002  -1.0000000000000000     
 T T T T T T T T T T T T T T T T F F F F F F F F F F F F F F F F
  <DiscreteSampler_grid>
  grouped_processes
  1 # 1 for a reference and 2 for a running grid.
  10 # Attribute 'min_bin_probing_points' of the grid.
  1 # Attribute 'grid_mode' of the grid. 1=='default',2=='initialization'
  0.0000000000000000 # Attribute 'small_contrib_threshold' of the grid.
  0.5000000000000000 # Attribute 'damping_power' of the grid.
 # binID   n_entries weight   weight_sqr   abs_weight
    10   10   3.848398007532946E+009   7.498376337890954E+019   3.848398007532946E+009
    16   10   3.848398007532946E+009   7.498376337890954E+019   3.848398007532946E+009
  </DiscreteSampler_grid>
