 -0.00000099777508796  0.00001339988718612  0.00002470311371480  0.00003672827341238
  0.00004880996239772  0.00006139132966744  0.00007437137801337  0.00008755715003386
  0.00010114672895794  0.00011538251567345  0.00013017062730479  0.00014529951366734
  0.00016072475247882  0.00017689920799703  0.00019407687377496  0.00021200524804137
  0.00023078235934912  0.00025063507971174  0.00027137143662402  0.00029308636090366
  0.00031613635459780  0.00034022821380817  0.00036511972384835  0.00039094580685053
  0.00041776105323115  0.00044585183943230  0.00047547447537688  0.00050590194864473
  0.00053781139340015  0.00057154165590710  0.00060681300938500  0.00064421602261881
  0.00068336795679112  0.00072411200612912  0.00076710887855814  0.00081169961683361
  0.00085800134791184  0.00090666444662521  0.00095699887385094  0.00100988402218093
  0.00106513706459640  0.00112280906145884  0.00118384241283563  0.00124686192150906
  0.00131191314483752  0.00138019502751794  0.00145088696294404  0.00152445420668925
  0.00160144803807688  0.00167891582499515  0.00175689849164147  0.00183626276827598
  0.00191781433109716  0.00200437678645482  0.00209526588696963  0.00219352915644550
  0.00230043136596509  0.00241107656196751  0.00252820870654186  0.00265202946509477
  0.00277515752049848  0.00290094727511775  0.00302839493017754  0.00315716657286823
  0.00329873690293410  0.00345580951482238  0.00363040838541004  0.00382256899256085
  0.00404008047290041  0.00426841149389434  0.00448930316245008  0.00471026277316225
  0.00494564817424543  0.00518251549064215  0.00542969375896383  0.00569246986085916
  0.00595698520835832  0.00624164587382099  0.00656612470470751  0.00688872465596609
  0.00727781910362979  0.00772185410281166  0.00820188782713096  0.00868713075708624
  0.00917538170707987  0.00968414171135611  0.01024460168969257  0.01085018640543066
  0.01143629190828249  0.01241710208252096  0.01348934503662291  0.01483075088524117
  0.01673405562153742  0.01957254594184134  0.30698341165110887  1.00000000000000000
 -0.00216820089297497  0.00932720047313146  0.01927853317071351  0.02975453196239820
  0.04012454750253410  0.05070822903726757  0.06133454734813776  0.07201503955680782
  0.08259681356782574  0.09364309885035695  0.10453684340690320  0.11528783320935632
  0.12615288018894835  0.13737594899571678  0.14845197848111680  0.15906517054818034
  0.16953869117530682  0.18005086932440251  0.19052446920533167  0.20106704938109965
  0.21163163485793485  0.22226530447008713  0.23290078060263955  0.24373714106493988
  0.25462261963241417  0.26550257918092268  0.27625859942576925  0.28693578834639766
  0.29762182764329775  0.30827379972006147  0.31902942463967882  0.32968993379752820
  0.34020150735164068  0.35068775749660575  0.36123977243152400  0.37186199269777614
  0.38226587980919635  0.39264440553316715  0.40287722241877039  0.41314228689539995
  0.42353895237253292  0.43400186418539005  0.44466389270470524  0.45530671732459443
  0.46627768265826824  0.47705795849473426  0.48788816545064939  0.49867850895151222
  0.50947461858247767  0.52010866951839263  0.53041014955722043  0.54071602221185711
  0.55107593918323294  0.56149854754208595  0.57198660759817488  0.58229615688000724
  0.59266387071454774  0.60307078939684466  0.61367201299639118  0.62447419612298560
  0.63502778074529076  0.64567855319471990  0.65626502408402254  0.66679698713939783
  0.67717906447569265  0.68770572873513069  0.69842848528798229  0.70923056798748640
  0.71989992375051615  0.73038318457977724  0.74077691751226549  0.75108103695287121
  0.76155905193121276  0.77206713657775139  0.78248361241824749  0.79272882934823041
  0.80295199854234134  0.81317221322538269  0.82351078111657006  0.83394826897119179
  0.84453635500438029  0.85506337188922088  0.86560375939707712  0.87629776737925735
  0.88714755167623593  0.89770388953665381  0.90810146119151125  0.91822238219580765
  0.92832908771569023  0.93844330517853647  0.94860681587018680  0.95885703526489063
  0.96917407784450771  0.97946070778662664  0.98976332678394630  1.00000000000000000
 -0.00367143689615323  0.02248647799719528  0.04228471320455182  0.05920368077976466
  0.07439784949502243  0.08855890544827438  0.10214860089226466  0.11517957420334414
  0.12768270223566730  0.13988563094508100  0.15173017359393770  0.16347117039590847
  0.17506123005232807  0.18646362203108069  0.19733705200088303  0.20786625007377837
  0.21812431674099164  0.22821534926908563  0.23828948157637075  0.24828051420847147
  0.25815874946331380  0.26799239992736612  0.27768752758414339  0.28754488840264852
  0.29697016006816690  0.30626613721987489  0.31552089616584028  0.32489202179354676
  0.33418850134622263  0.34330934079915554  0.35226366663627379  0.36114674642296007
  0.36998946269259159  0.37873413657732052  0.38738533490148419  0.39596543430441716
  0.40446687025233397  0.41289368984136565  0.42135380952738050  0.42995431915177917
  0.43862100178775631  0.44725329103037070  0.45578710438755093  0.46419835692249367
  0.47263174080271370  0.48100531497370980  0.48918858415580524  0.49739182321085812
  0.50556282503016503  0.51372559186076416  0.52185275749379489  0.53011119682023378
  0.53843836368049258  0.54695561634684653  0.55557946434500549  0.56414862167824709
  0.57258547878434463  0.58098897754063628  0.58935397844679893  0.59776054846474169
  0.60626863211872151  0.61484637353933225  0.62335894617137177  0.63201057027942920
  0.64067100326439141  0.64953991159545699  0.65842006382409857  0.66725279225209744
  0.67600982813295796  0.68487147381604829  0.69387593545794968  0.70296192560031878
  0.71195808475268785  0.72075617628151845  0.72951574619086823  0.73838429040971076
  0.74745097098384516  0.75675891713487065  0.76624342170334181  0.77590375813091239
  0.78572073750011107  0.79565981268496622  0.80579617298713613  0.81617782406385941
  0.82686520419818832  0.83781797865846264  0.84908131981035495  0.86070968884287380
  0.87242717109170353  0.88423868444719878  0.89656864460404284  0.90983569878841197
  0.92436772359788244  0.94103047540853413  0.96352210738642829  1.00000000000000000
 -0.02015259045848378  0.12112854503264230  0.16028369932394859  0.18406875956521823
  0.20230364360667269  0.21747270403655128  0.23071385905681269  0.24278263691654572
  0.25389470961577154  0.26408875556339545  0.27366174392241532  0.28256829473684780
  0.29133748530144288  0.29934757303909071  0.30720015757309965  0.31473748339344787
  0.32195812888663905  0.32893904523085565  0.33571586699278039  0.34235982399474552
  0.34900867800664542  0.35550936601476302  0.36174808192742791  0.36784661413252773
  0.37388995504756528  0.37979781787165817  0.38561957210262243  0.39137532541237557
  0.39702402996704977  0.40257266685849163  0.40807472051821897  0.41357621716558840
  0.41903304232434263  0.42439793219863686  0.42972386977235361  0.43504710201565722
  0.44032190618651990  0.44557661388032654  0.45081519592276731  0.45611139193706274
  0.46134269721929416  0.46652927474752737  0.47165023651389432  0.47670256026346258
  0.48173387430503689  0.48672699360511995  0.49171559692579825  0.49679619757883386
  0.50185683173868434  0.50703391777520779  0.51217026648958830  0.51732027300844396
  0.52243655955608725  0.52752327762812012  0.53259773784311937  0.53764555209008780
  0.54271424881650765  0.54787920823192837  0.55304763860541917  0.55817700361923084
  0.56345056763837531  0.56879465409160945  0.57420126119424753  0.57964634781421975
  0.58521463044830879  0.59086054216456863  0.59654280578333752  0.60225822368457582
  0.60805548985174485  0.61393334538136279  0.61984160742118855  0.62585741355752755
  0.63205831487581621  0.63837703089333653  0.64479524782888942  0.65137788342329084
  0.65812263137258464  0.66491899006580180  0.67186189649312333  0.67893012327880853
  0.68616481781928451  0.69360087235079393  0.70136620635262670  0.70931001478512490
  0.71792283173560412  0.72683427302151016  0.73648529674980900  0.74661137864842964
  0.75745892072218890  0.76927552573433622  0.78254286590943856  0.79787982481805997
  0.81624728873131802  0.83989215758704516  0.87866917437787928  1.00000000000000000
   2.5469053052786725E-002  -1.0000000000000000     
 T T T T T T T T T T T T T T T T F F F F F F F F F F F F F F F F
  <DiscreteSampler_grid>
  grouped_processes
  1 # 1 for a reference and 2 for a running grid.
  10 # Attribute 'min_bin_probing_points' of the grid.
  1 # Attribute 'grid_mode' of the grid. 1=='default',2=='initialization'
  0.0000000000000000 # Attribute 'small_contrib_threshold' of the grid.
  0.5000000000000000 # Attribute 'damping_power' of the grid.
 # binID   n_entries weight   weight_sqr   abs_weight
    10   10   2.419109954014229E+009   1.878773701876090E+019   2.419109954014229E+009
    16   10   2.419109954014230E+009   1.878773701876090E+019   2.419109954014230E+009
  </DiscreteSampler_grid>
