  0.00000046632465051  0.00001628755442640  0.00002852835558232  0.00004169449112268
  0.00005461335727784  0.00006749995936541  0.00008060974325286  0.00009400305037154
  0.00010803780104650  0.00012247435909695  0.00013725596409781  0.00015234451857282
  0.00016823534339197  0.00018542501688427  0.00020312839473132  0.00022136563234824
  0.00024027688703914  0.00026035852065647  0.00028167851805804  0.00030412461794692
  0.00032770712872204  0.00035217233143824  0.00037741552237767  0.00040388686050655
  0.00043163205807304  0.00046060003417421  0.00049123305561043  0.00052280101682788
  0.00055545814803408  0.00059043648662648  0.00062744591464395  0.00066586425619364
  0.00070560695961021  0.00074724383878618  0.00078988024026476  0.00083482849656669
  0.00088108420841110  0.00092876525106298  0.00097841875041725  0.00102992635892116
  0.00108376111553439  0.00114007569153715  0.00119868545324268  0.00125994849281803
  0.00132436323968796  0.00139166789264615  0.00146166480504180  0.00153495399239381
  0.00161056563589917  0.00168851350064497  0.00176894510378260  0.00185187188995051
  0.00193769310241084  0.00202878291163370  0.00212626518325224  0.00223293398177534
  0.00234561642751492  0.00247136527004374  0.00260967235570364  0.00274435658279040
  0.00287938187021846  0.00302139542921889  0.00317863890260357  0.00334639520554153
  0.00351738614781905  0.00369902785071419  0.00390915521375247  0.00412550987289264
  0.00433710198519503  0.00454701112662835  0.00475769748294939  0.00498339498017863
  0.00525173118411660  0.00555549318374135  0.00590934747688381  0.00628109585562346
  0.00670309923635879  0.00714916762464403  0.00759774501128329  0.00806334214059329
  0.00852418150572999  0.00895631543252146  0.00941328020867148  0.00989435179909381
  0.01049152757392068  0.01110910156444085  0.01199572799016687  0.01394330418366345
  0.01618732723142258  0.01834869514297506  0.02021790834829449  0.02296440749318966
  0.02668149521754163  0.03048357083071439  0.74180196769970130  1.00000000000000000
 -0.00236911284376567  0.00971645045562924  0.02000603286346427  0.03036110164209404
  0.04067532794709161  0.05121563448007960  0.06188106677780935  0.07234737983772521
  0.08316011955328585  0.09398206555734502  0.10453995711908702  0.11507051317820335
  0.12574947913601170  0.13641040729472068  0.14692302167594926  0.15746317841161125
  0.16819372787456210  0.17871110198506931  0.18922327484211077  0.19983231361091086
  0.21029515692369105  0.22080443559800181  0.23142530532860145  0.24199020201449267
  0.25261813241940217  0.26301548272346642  0.27344293247557516  0.28386054602537281
  0.29425418509186146  0.30506450727326911  0.31574621114506013  0.32637472459553446
  0.33686600501843461  0.34765752707281561  0.35846066705475343  0.36912749953954027
  0.37970118458825747  0.39028785138508587  0.40094376777340712  0.41157850713675564
  0.42252098212582972  0.43333853187716093  0.44432126701624225  0.45535050105734109
  0.46652008181255500  0.47745060662070360  0.48777230030001856  0.49828915858451167
  0.50881090635944137  0.51950291476809329  0.53001743912421762  0.54034486104078328
  0.55101023006733207  0.56141244493348408  0.57169739724283775  0.58184857616802710
  0.59209679955298589  0.60239631607706634  0.61260646373220429  0.62324670286088091
  0.63372612000737216  0.64437321069806508  0.65511427510084630  0.66593730250347627
  0.67658237401818988  0.68700758165704967  0.69786125587142822  0.70868578427210571
  0.71903482453148759  0.72931890615060246  0.73978819312988475  0.75022373070156911
  0.76061433129707912  0.77121967145411596  0.78206151602513629  0.79269654886640406
  0.80303661568476770  0.81353808779562320  0.82399993733767918  0.83474973576889933
  0.84507765148207015  0.85536745410264770  0.86534641763436182  0.87536541134111423
  0.88581415557706966  0.89619660666513878  0.90683599079347166  0.91740592819398992
  0.92780566004154452  0.93826417714733268  0.94833355909093831  0.95860570139864376
  0.96897709855755532  0.97925339562952185  0.98964652058802360  1.00000000000000000
 -0.00369532340878349  0.02261379803774592  0.04222880377368866  0.05916467166829843
  0.07462670911353533  0.08889868857566735  0.10230844706919572  0.11501407208571700
  0.12731497851494708  0.13923435853246940  0.15081750018897677  0.16206626271665003
  0.17313188015734607  0.18404658804206703  0.19473542142457340  0.20531566575882756
  0.21575017437678665  0.22608507082113782  0.23625314549635490  0.24622806836060959
  0.25595390417144470  0.26549989296923582  0.27492190131357941  0.28427880289654439
  0.29357984055224384  0.30284411095481190  0.31199540739591441  0.32107653304974371
  0.33006980158873800  0.33900775556717921  0.34791374999893127  0.35673409744877432
  0.36549880711945953  0.37429477809661482  0.38313054567247617  0.39198411338498501
  0.40087230683199798  0.40974088475455311  0.41854102662714204  0.42733320974968519
  0.43613833699781607  0.44503987731282069  0.45397848168551463  0.46277468189956605
  0.47148348853660776  0.48008322606154463  0.48860808534818984  0.49708846191325340
  0.50559480888885044  0.51407410455476721  0.52250813311610078  0.53086487986059416
  0.53918107249470171  0.54744306269437515  0.55569826445242942  0.56392052092554368
  0.57210676890221135  0.58036785879812669  0.58863250837458869  0.59685923203978652
  0.60502885196064637  0.61319298147534751  0.62146403717662246  0.62994887875545114
  0.63855628740013382  0.64711357816358850  0.65560822832306354  0.66408363313515539
  0.67259611140748510  0.68127408386977006  0.69011692931231439  0.69907695767516431
  0.70797873783639187  0.71674410812994271  0.72549576968383800  0.73447756601038783
  0.74361261714671423  0.75284149971160430  0.76223216384719483  0.77194411277764441
  0.78189907636314238  0.79203937271880676  0.80244114231660857  0.81305512751246678
  0.82373535680630361  0.83448184707073436  0.84568671163497999  0.85731076810924778
  0.86928312851295453  0.88155585619231214  0.89445580497077015  0.90852047868085051
  0.92416148798862741  0.94181503973401237  0.96483084881957937  1.00000000000000000
 -0.02020661897540900  0.12162573873346418  0.16077574857818666  0.18425719283829101
  0.20262450078947955  0.21775176450107595  0.23079546264092957  0.24233426076493822
  0.25309291801430978  0.26288162495139167  0.27235998497219710  0.28110153793646186
  0.28961704634311725  0.29775856987619065  0.30564435521457978  0.31338155147459723
  0.32079463911725264  0.32799499285512707  0.33487089672185039  0.34143335053911583
  0.34788335831036815  0.35423764223466281  0.36048238028354362  0.36663950753125663
  0.37265491928381306  0.37848590838792995  0.38419835467946889  0.38993494650796540
  0.39567894427747097  0.40138684317561624  0.40704810558616289  0.41264966490365451
  0.41818335711557741  0.42360834306760270  0.42900405341553716  0.43433703401003954
  0.43964025286693065  0.44490111491423967  0.45016430638377108  0.45541730194702684
  0.46060879336226324  0.46570947776890737  0.47078254459106883  0.47587267245513398
  0.48101250822474345  0.48620913203985650  0.49139186392335948  0.49656651797851981
  0.50172478361625761  0.50698067236828404  0.51219478621585746  0.51741933844170751
  0.52265360216500056  0.52788924798399861  0.53312259386537886  0.53832370438553923
  0.54348065194928452  0.54862604288080341  0.55380201350764113  0.55902580945505853
  0.56433198077032420  0.56964419806886157  0.57502515227641149  0.58039980483213371
  0.58591114836394065  0.59149646411316315  0.59711705892869915  0.60278744858070188
  0.60852904876722513  0.61437359861817642  0.62027991541940508  0.62623867940381406
  0.63234535741664144  0.63852712183443150  0.64483710663086058  0.65140470909318660
  0.65805511823899143  0.66479826221650407  0.67172835694292365  0.67889399498670333
  0.68613764249670095  0.69373836993428661  0.70161523591307984  0.70983597861136105
  0.71855161563671188  0.72743978656242825  0.73719724041107770  0.74723428515062285
  0.75820933479340824  0.77004835397182758  0.78353648480547711  0.79883834306423773
  0.81693039650670141  0.83999961160660142  0.87840966503860407  1.00000000000000000
   2.5288684709603410E-002  -1.0000000000000000     
 T T T T T T T T T T T T T T T T F F F F F F F F F F F F F F F F
  <DiscreteSampler_grid>
  grouped_processes
  1 # 1 for a reference and 2 for a running grid.
  10 # Attribute 'min_bin_probing_points' of the grid.
  1 # Attribute 'grid_mode' of the grid. 1=='default',2=='initialization'
  0.0000000000000000 # Attribute 'small_contrib_threshold' of the grid.
  0.5000000000000000 # Attribute 'damping_power' of the grid.
 # binID   n_entries weight   weight_sqr   abs_weight
    10   10   5.670677452253324E+009   1.782477135250511E+020   5.670677452253324E+009
    16   10   5.670677452253325E+009   1.782477135250511E+020   5.670677452253325E+009
  </DiscreteSampler_grid>
