 -0.00000076260335216  0.00001392793268744  0.00002908114511431  0.00004330390284332
  0.00005757674154719  0.00007233589226581  0.00008778668320472  0.00010394252270462
  0.00012083563221446  0.00013850499508091  0.00015681382107904  0.00017628232204466
  0.00019717999260969  0.00021899158261008  0.00024190535440046  0.00026597808929842
  0.00029161708599220  0.00031869673334568  0.00034699199887053  0.00037687735258606
  0.00040812670719362  0.00044094244883234  0.00047553804797984  0.00051135578930577
  0.00054904569319238  0.00058847936608373  0.00063007693737254  0.00067383000737966
  0.00071978607002325  0.00076733104031243  0.00081602503286615  0.00086616689384156
  0.00091899156969976  0.00097405448555619  0.00103091296157464  0.00108926637708151
  0.00115128413710538  0.00121642984498362  0.00128478179119743  0.00135463777855975
  0.00142574006442908  0.00150158395950716  0.00158112053952000  0.00166539863082787
  0.00175657204635059  0.00185327237820888  0.00195683883268450  0.00206590831695673
  0.00217894973473711  0.00229552438698741  0.00241676128802121  0.00254268451919565
  0.00267305142965728  0.00280698211350590  0.00294571696356493  0.00309257438979342
  0.00325213916390012  0.00342126787884878  0.00360019887338075  0.00378912424362588
  0.00397835426498130  0.00417912244638405  0.00438562684289221  0.00459233520521682
  0.00479706577064820  0.00501057795692837  0.00523232100876695  0.00545898356303233
  0.00568395344002076  0.00591094499716606  0.00615906512333844  0.00643456342347385
  0.00672705314127021  0.00701930910101598  0.00728427677818358  0.00754256073563509
  0.00783984715361762  0.00819360529204403  0.00867587899943139  0.00917217595038629
  0.00968356858326480  0.01030944561760306  0.01106058735487242  0.01169517200496346
  0.01255644556947160  0.01353461573961170  0.01447783593011940  0.01629435841535651
  0.01871905973143743  0.02284778067626606  0.02608883209422249  0.02803285521255723
  0.03014097640395463  0.07468714405870586  0.11999683364087499  1.00000000000000000
 -0.00235359065037840  0.00934224849311452  0.01934031234132607  0.02967930755970535
  0.04005873136196896  0.05018384250765536  0.06050195399124142  0.07108278679001266
  0.08172984887944541  0.09229644070096969  0.10287852074359746  0.11346800782554906
  0.12424815733359301  0.13482413126551165  0.14572873862358629  0.15628723893599095
  0.16680660397076202  0.17720659749689449  0.18773193065118618  0.19835589533777712
  0.20896926103018823  0.21960547779937675  0.23021232347150802  0.24073239381619430
  0.25122055735160531  0.26176274455393311  0.27227582120721439  0.28293671567857309
  0.29361912942513929  0.30405648111024136  0.31448388394326776  0.32505118919050169
  0.33569477189904023  0.34611806723301081  0.35648514888679461  0.36696563996116299
  0.37762970161208731  0.38822040303116334  0.39883373629736579  0.40950522709599113
  0.42025160120559868  0.43098468191608624  0.44151817323598591  0.45190605738183687
  0.46227467867214750  0.47276251457017010  0.48342158263144830  0.49401871445471068
  0.50465933787794703  0.51539198672032760  0.52594022322989531  0.53645223946805687
  0.54700090435659576  0.55772323700836279  0.56827101503981536  0.57877651344084058
  0.58940670299640230  0.60029527114586378  0.61108023436683312  0.62182295460600367
  0.63227508223214590  0.64285543086162800  0.65327765331529553  0.66373195986097877
  0.67419376133212450  0.68480548982968803  0.69532884740927170  0.70576454971760805
  0.71636130635915762  0.72702663512207988  0.73764159472061730  0.74818930103169146
  0.75891037968916886  0.76957183938369000  0.77995151809249974  0.79007260726854789
  0.80010803020991750  0.81008908747466246  0.82061291482738818  0.83094497656990807
  0.84160346682813136  0.85201832209990858  0.86274650962145338  0.87350381669158450
  0.88381179428639989  0.89416133746598936  0.90494075964112985  0.91585269925613511
  0.92676861575577429  0.93744345895985426  0.94809632999154037  0.95867071243858926
  0.96890688011906656  0.97911816698627496  0.98942437128968996  1.00000000000000000
 -0.00474385076319504  0.02551103816189785  0.04649524055709318  0.06393019451940299
  0.07955748762431265  0.09406500036003912  0.10775793043847158  0.12077965201645269
  0.13335572788469596  0.14556351523243813  0.15736492128979804  0.16883014324825382
  0.18003990409536494  0.19099565868977378  0.20170471897024547  0.21226333340977868
  0.22271966600999615  0.23300598307084103  0.24312215542117885  0.25309933858019562
  0.26296087651826872  0.27263882015996038  0.28210882634626633  0.29141853963680597
  0.30058319326022287  0.30969197326650821  0.31876967417412472  0.32777184775758728
  0.33669340849631824  0.34554352240392194  0.35431474142190839  0.36303238039539654
  0.37170134463347182  0.38029915973036515  0.38887139515002295  0.39743759452107486
  0.40601085883926896  0.41457123384121192  0.42309660119582393  0.43158032469930346
  0.44000145324509959  0.44833944539009102  0.45668968673024696  0.46498831907785904
  0.47332998037155960  0.48159847119592780  0.48970986126727872  0.49786923974384528
  0.50602227415281087  0.51422290775571899  0.52241416758672210  0.53062347135952992
  0.53878560954381483  0.54694965602238099  0.55512828782264700  0.56333848424585642
  0.57161934634462375  0.57985504946239341  0.58808954669363778  0.59639543705337739
  0.60475183221783269  0.61313514960856474  0.62151851289824978  0.62984354841274481
  0.63818055787777928  0.64654201998099270  0.65483649744015382  0.66317901525350598
  0.67158335888302734  0.68003893512524516  0.68851124533950636  0.69701832690409926
  0.70568084750167692  0.71453299909144163  0.72352849514256257  0.73258270054983343
  0.74181903412732941  0.75134346295268062  0.76107941174229066  0.77088032856149202
  0.78066745507281232  0.79050840990090487  0.80046573539648813  0.81058304812023774
  0.82093838255507257  0.83164677335088955  0.84286471263432305  0.85437773063251754
  0.86604773832956095  0.87833596621203669  0.89148820796768891  0.90532955633554013
  0.92026573470109452  0.93753615911056276  0.96083004574748798  1.00000000000000000
 -0.02798011599621324  0.13701059600854762  0.17623648895290100  0.19918129508839461
  0.21675587219412115  0.23139116508396082  0.24389069153078580  0.25518697813474894
  0.26540032070812491  0.27509465372718211  0.28403785478196830  0.29268539926080339
  0.30079742822181094  0.30863900736124755  0.31613879948474721  0.32323889481831386
  0.33022850540816967  0.33699314783335305  0.34359229048027695  0.35004054684271663
  0.35629742273902743  0.36230747860926082  0.36821290133873502  0.37406350101724833
  0.37982231479819828  0.38549591406978895  0.39112013981830812  0.39658618250646033
  0.40199058447054437  0.40732080574799584  0.41263062533286499  0.41783290253999106
  0.42297641475756670  0.42808286095190856  0.43324926037111283  0.43842369174765078
  0.44358266077233238  0.44869363395852707  0.45373938940173125  0.45872931659444960
  0.46367025856467986  0.46859431110835192  0.47352579116281718  0.47847745916548612
  0.48342983102008313  0.48833041522889259  0.49318092687601311  0.49803637294437492
  0.50289177449456834  0.50774618307304553  0.51259149782673952  0.51744059274212451
  0.52235705141421429  0.52733675472231722  0.53235624212341748  0.53735638711328892
  0.54235900822261185  0.54738178704293816  0.55241125152059090  0.55746005375801855
  0.56254839923346811  0.56768782555338704  0.57287806533070884  0.57808490447042804
  0.58334994185258604  0.58864161505279800  0.59399717469199720  0.59943191297392073
  0.60496055718569941  0.61055469063369505  0.61621155251001769  0.62195279038407214
  0.62778834127587402  0.63373448091143969  0.63967274705000687  0.64569788160693919
  0.65184552192622258  0.65814772294213852  0.66456911819816733  0.67118064163529034
  0.67804232945042753  0.68510638904980115  0.69253425896810872  0.70027012153500112
  0.70816873144021253  0.71672739724152013  0.72549873703377121  0.73513969639798626
  0.74535946679438370  0.75660533903149219  0.76912201373814315  0.78364940508516134
  0.80110081681528955  0.82399773757594685  0.86273384906224204  1.00000000000000000
   1.2651193764935316E-002  -1.0000000000000000     
 T T T T T T T T T T T T T T T T F F F F F F F F F F F F F F F F
  <DiscreteSampler_grid>
  grouped_processes
  1 # 1 for a reference and 2 for a running grid.
  10 # Attribute 'min_bin_probing_points' of the grid.
  1 # Attribute 'grid_mode' of the grid. 1=='default',2=='initialization'
  0.0000000000000000 # Attribute 'small_contrib_threshold' of the grid.
  0.5000000000000000 # Attribute 'damping_power' of the grid.
 # binID   n_entries weight   weight_sqr   abs_weight
    10   10   1.181483974115199E+009   2.131423640397810E+018   1.181483974115199E+009
    16   10   1.181483974115199E+009   2.131423640397809E+018   1.181483974115199E+009
  </DiscreteSampler_grid>
