 -0.00000095106755426  0.00001519931732439  0.00002787067529974  0.00004118760750326
  0.00005437055893655  0.00006801221101036  0.00008218462003669  0.00009694826558939
  0.00011247560483076  0.00012871327809569  0.00014552502809337  0.00016307896772730
  0.00018168808280035  0.00020117212690003  0.00022159609810100  0.00024315241589719
  0.00026577805299676  0.00028961937495187  0.00031457602480512  0.00034066750831839
  0.00036810812955718  0.00039659149927342  0.00042635662062754  0.00045742914028621
  0.00049004272286988  0.00052382291891907  0.00055923327954132  0.00059679021980638
  0.00063564463329902  0.00067653887498901  0.00071879985368964  0.00076263940065284
  0.00080842245251728  0.00085640134309728  0.00090625197956633  0.00095822220884293
  0.00101334935324754  0.00107047428964050  0.00112941229900348  0.00119036148365490
  0.00125366233528125  0.00132110449754465  0.00139139045955283  0.00146336968928085
  0.00153776422850875  0.00161504425648023  0.00169776921335422  0.00178644896791572
  0.00187787158513650  0.00197183925794858  0.00206934158628842  0.00217010756405034
  0.00227420743229268  0.00237975863285475  0.00249453613505958  0.00261347391295122
  0.00273691266595714  0.00286650893082134  0.00300061418513113  0.00313615119647399
  0.00327630651529442  0.00342321876099933  0.00357689182425147  0.00374161777411199
  0.00391811022435052  0.00409891493197419  0.00429023595945786  0.00451055141477831
  0.00472792425976588  0.00493327066275128  0.00515050993707512  0.00538400131446349
  0.00562821680243063  0.00587997983476772  0.00618859889160421  0.00648071344170391
  0.00683420318215342  0.00719040639013724  0.00753735100398630  0.00788959525222004
  0.00826229497065782  0.00864222809185470  0.00904889878858108  0.00946361892397588
  0.00990829540107669  0.01043495827338401  0.01108219483958532  0.01185093930109764
  0.01264381666537932  0.01373339715028202  0.01514030585943884  0.01672491785410926
  0.01850088368216182  0.01979909109404759  0.31704664279448919  1.00000000000000000
 -0.00229367814997908  0.00885441365341737  0.01890510070228279  0.02957903436923597
  0.04038795195509241  0.05094928107144939  0.06136870198423132  0.07176022776883519
  0.08219421132050464  0.09274782483115741  0.10335989462181797  0.11379452604125845
  0.12423801495688148  0.13481326963187362  0.14559165003351129  0.15617570163685801
  0.16677238601041114  0.17741874642079131  0.18785875430460100  0.19814686627791112
  0.20838748281333561  0.21898995192962262  0.22960519042460784  0.24018434514534834
  0.25075728419440901  0.26120099568095828  0.27156248713799575  0.28190627031590515
  0.29235723695638266  0.30298077875085522  0.31368356731201041  0.32441427204645601
  0.33515342298590017  0.34571542710747694  0.35622682444728943  0.36664969669006886
  0.37702081798797332  0.38739865785997918  0.39801397184062537  0.40876222832406184
  0.41939189583964570  0.42967015061899649  0.43997564834085495  0.45050426408024263
  0.46124323025676767  0.47204934207594712  0.48273660867254486  0.49338783982117645
  0.50394258820105631  0.51451185317094983  0.52498234684462552  0.53553420092251924
  0.54614987342583954  0.55679791067536266  0.56732871563572140  0.57786251243170150
  0.58841872424919828  0.59912969488640389  0.60991326283049507  0.62083743205891573
  0.63173958126378238  0.64258631752260997  0.65320069296590344  0.66382628748488692
  0.67456301373552530  0.68535493723414942  0.69603198877496830  0.70661529823517899
  0.71685866230667017  0.72713011032034747  0.73726853203388787  0.74767279040466283
  0.75769744248234883  0.76794535317126511  0.77820748304325515  0.78884778458691651
  0.79947069824887540  0.80997728592547724  0.82037223959132444  0.83068201448942947
  0.84124476060647346  0.85206560518410868  0.86268259829062177  0.87327079316000611
  0.88383641790447354  0.89462136709828433  0.90522676727443052  0.91577438774509679
  0.92652425484515089  0.93740142997874842  0.94792996317717837  0.95828692230399104
  0.96884411162509565  0.97941627752135019  0.98972361170022938  1.00000000000000000
 -0.00476164828426187  0.02555155981951790  0.04619406078138441  0.06331680522093591
  0.07877597324715040  0.09338440741795774  0.10717504443174364  0.12003828057549587
  0.13232324076619190  0.14419153144560407  0.15567009058066980  0.16686382955977352
  0.17794858661102195  0.18889755997323809  0.19965226960129476  0.21020984021389183
  0.22054367624692650  0.23068933304860076  0.24070084469592759  0.25057728001698382
  0.26031910861104512  0.26994658003367034  0.27953230497609832  0.28902819571819965
  0.29834741412338694  0.30761993929845050  0.31678952624924284  0.32584366491708272
  0.33480424023645960  0.34363356416630536  0.35246034553984318  0.36120053328995583
  0.36986307356792691  0.37849063765933216  0.38707285970437932  0.39561086791140904
  0.40409228601454256  0.41252349648614012  0.42093689953657543  0.42935910929283888
  0.43776745714756560  0.44612629863784287  0.45437935966676657  0.46258916369607606
  0.47072682242223718  0.47893004339839179  0.48713760817053442  0.49530494944364140
  0.50347464933503783  0.51162418110923502  0.51981786874566616  0.52799645692430219
  0.53613952508323337  0.54430332959413830  0.55252256374536290  0.56077241227619667
  0.56898314363330249  0.57725458274027419  0.58559656708815844  0.59409467407381422
  0.60251708022075623  0.61097171953182039  0.61947713198324361  0.62809223897375377
  0.63674078760789199  0.64531602032114965  0.65375121143143555  0.66217135026386098
  0.67062154144920050  0.67913255800524863  0.68770674554982614  0.69637817401157454
  0.70514627862087675  0.71401889328910673  0.72298023444302173  0.73202580784152971
  0.74123430290771763  0.75057539285664854  0.76003930277186627  0.76963334763215563
  0.77937145161609545  0.78926658348325596  0.79922136743782901  0.80929118125657939
  0.81962892797695219  0.83048063964912566  0.84185193695053018  0.85366322493414770
  0.86576782799608887  0.87816625176496943  0.89108472847131759  0.90500693335952387
  0.92038988860132520  0.93795364596424569  0.96142190777942582  1.00000000000000000
 -0.02819598455076544  0.13788742862288711  0.17610966803882200  0.19889180071669882
  0.21629781751554777  0.23072243362217135  0.24331078732304862  0.25470122613102347
  0.26499707419449497  0.27477056071788786  0.28383425206763813  0.29251486945237620
  0.30057222692343005  0.30823548968020398  0.31565987150033914  0.32275152072979962
  0.32963853400053394  0.33629006682556900  0.34270355515385642  0.34898086728713767
  0.35519635153010981  0.36133186213285912  0.36744287596772501  0.37341634395710754
  0.37925725389937481  0.38498517765593748  0.39064761888931626  0.39616307974797665
  0.40158610725858551  0.40696726536389916  0.41230526668275819  0.41759472019844063
  0.42285518528403826  0.42809578070723814  0.43333716933828748  0.43853542880218765
  0.44366110615809601  0.44873756992590047  0.45380365955852164  0.45885995935930862
  0.46388754915488023  0.46889295833855915  0.47388478559679470  0.47884182384332813
  0.48373024545819482  0.48859036610038198  0.49344405724342283  0.49828911414864141
  0.50311437423579042  0.50797151107276373  0.51282899749156252  0.51773351345916252
  0.52252026161180920  0.52725743615853637  0.53199764281953621  0.53682534016023986
  0.54172851125318322  0.54668964056227742  0.55170205005902939  0.55676543492239217
  0.56188690475076375  0.56704203409285536  0.57218862287025174  0.57732824294899165
  0.58251490845928144  0.58778663431726319  0.59311333077665285  0.59847830475022190
  0.60387912015560019  0.60937088243196003  0.61493786472349443  0.62061209443925180
  0.62632786035070276  0.63222784549812805  0.63823055037143273  0.64432714331353447
  0.65067980899893507  0.65716353828524920  0.66374891830588323  0.67047280138339516
  0.67747443073766211  0.68462655428114705  0.69203682598198291  0.69971776875664948
  0.70768609472142052  0.71635524181286414  0.72535916836846215  0.73510860644052978
  0.74536449675263694  0.75663470827707735  0.76911779835177230  0.78381850562221367
  0.80135785072209598  0.82412046937880901  0.86249377296189011  1.00000000000000000
   1.2657449094257440E-002  -1.0000000000000000     
 T T T T T T T T T T T T T T T T F F F F F F F F F F F F F F F F
  <DiscreteSampler_grid>
  grouped_processes
  1 # 1 for a reference and 2 for a running grid.
  10 # Attribute 'min_bin_probing_points' of the grid.
  1 # Attribute 'grid_mode' of the grid. 1=='default',2=='initialization'
  0.0000000000000000 # Attribute 'small_contrib_threshold' of the grid.
  0.5000000000000000 # Attribute 'damping_power' of the grid.
 # binID   n_entries weight   weight_sqr   abs_weight
    10   10   2.548687434235451E+009   1.261946390428761E+019   2.548687434235451E+009
    16   10   2.548687434235451E+009   1.261946390428761E+019   2.548687434235451E+009
  </DiscreteSampler_grid>
