  0.00000029137155305  0.00001429436992394  0.00002866429256325  0.00004272369427655
  0.00005602902091438  0.00006927333380937  0.00008266984048954  0.00009628469068606
  0.00011039171992994  0.00012487910633832  0.00013965045034015  0.00015462627609172
  0.00017023130679586  0.00018660955220906  0.00020389995244730  0.00022224105436890
  0.00024128303178963  0.00026109267326732  0.00028182088796886  0.00030342465020868
  0.00032660582099769  0.00035097077906759  0.00037643373024110  0.00040321353592734
  0.00043095981823391  0.00045962928341209  0.00048952445853746  0.00052095115390178
  0.00055354481759018  0.00058811064347393  0.00062532848399289  0.00066430020702801
  0.00070499306376878  0.00074726019120025  0.00079096939133021  0.00083603964728095
  0.00088273466964277  0.00093049656713662  0.00097950969959945  0.00103066634907902
  0.00108601205511927  0.00114422946719416  0.00120453091768785  0.00126629329129963
  0.00133253580840411  0.00140382391647845  0.00147857805922202  0.00155645136467211
  0.00163633896763556  0.00171653724957065  0.00179975864454343  0.00188732516198905
  0.00198132843259794  0.00209061981566688  0.00220239906526768  0.00232136405626163
  0.00243455814732122  0.00254792798019665  0.00266674152486896  0.00278847884273128
  0.00290999341025300  0.00303442590586261  0.00316824566780705  0.00331732680960162
  0.00348382420247814  0.00366421201260091  0.00383962609725057  0.00402987007656268
  0.00421781074968464  0.00441916326480513  0.00462514045798135  0.00483800065261801
  0.00506528238818857  0.00531169036022736  0.00558109430794406  0.00586442225006780
  0.00611525703279628  0.00639866412065894  0.00675847811125465  0.00718291476074963
  0.00765197424643782  0.00813192506376038  0.00861994975504710  0.00917491188044706
  0.00979474148288677  0.01036802577071077  0.01107726307408387  0.01206643589165891
  0.01338388992878453  0.01492857038174498  0.01652566826089913  0.01870253325102104
  0.02892033077755663  0.03547535519145024  0.18571330646573805  1.00000000000000000
 -0.00245688734784575  0.00961755965464644  0.01971248528564471  0.03038243688361754
  0.04118127041820265  0.05153272638314634  0.06203685907944502  0.07242230381719124
  0.08266096822821570  0.09290441393664330  0.10314331060244811  0.11363144711009202
  0.12419774646697501  0.13496803786468528  0.14603222092832030  0.15675612258223165
  0.16737588057332831  0.17789742011478760  0.18843298578758236  0.19922841407251179
  0.21005948297296817  0.22091007746921715  0.23183471886862056  0.24247453753973627
  0.25308478944519242  0.26326281060922879  0.27357604555797305  0.28380144840248567
  0.29399446214364766  0.30425878451274574  0.31455538899475338  0.32483297722293497
  0.33510045239648956  0.34560854848280420  0.35607266832822088  0.36628505920565846
  0.37650082605281537  0.38690236028470476  0.39751255165701710  0.40799814623428227
  0.41855461919704290  0.42927674099210611  0.44007357578102402  0.45077859926706482
  0.46151756186399484  0.47230406969083000  0.48314285104080745  0.49399752760449256
  0.50499580266824062  0.51609963062602549  0.52727629563836642  0.53824149890985584
  0.54913542895893919  0.55973686539254430  0.57032376266078355  0.58082684759180070
  0.59125474859448923  0.60159592507458548  0.61184721599013547  0.62218414795856969
  0.63245071877420456  0.64263452817986644  0.65288443199258106  0.66335449816900283
  0.67389885789153348  0.68459857725906914  0.69530422262288683  0.70596724191988713
  0.71628522803152161  0.72653548931502820  0.73686887937363876  0.74739417033359901
  0.75793813760364970  0.76835184830038117  0.77893058525203318  0.78929666492730988
  0.79963736891397430  0.80975862020482736  0.82021944584629958  0.83068571819123038
  0.84117957540192456  0.85149364411770845  0.86200000243369934  0.87254305468972004
  0.88293097422278943  0.89339533537063232  0.90404240700611926  0.91476733528228094
  0.92551012301076496  0.93611816014278371  0.94679958300547029  0.95736854998094834
  0.96803702250231527  0.97866785523737732  0.98934023872299071  1.00000000000000000
 -0.00372822441094909  0.02264545309676935  0.04222805075765738  0.05885935948475676
  0.07377990646694210  0.08760285327108763  0.10069968154600621  0.11366182274558713
  0.12630493615147453  0.13848817827819354  0.15026324947595429  0.16182317292887616
  0.17298736926380234  0.18387111772496059  0.19447741217033795  0.20484724284619563
  0.21511142591717225  0.22520834541905896  0.23514347813774153  0.24487772639512079
  0.25460030242523229  0.26427559300366804  0.27376613296954866  0.28309697825634184
  0.29235787788380230  0.30162515694174408  0.31092878367105042  0.32007376907656060
  0.32921997741765380  0.33825998069625668  0.34725048486793592  0.35621886063240954
  0.36515163041832832  0.37407999926902863  0.38295644703378467  0.39173419354867434
  0.40038934410879296  0.40895581439342177  0.41752003244580083  0.42608040229452521
  0.43463590855953532  0.44323001748254981  0.45185897717261891  0.46053387112153749
  0.46928106329513120  0.47811479027115050  0.48689645000114545  0.49567371031158902
  0.50428435896725110  0.51266481713515133  0.52118944706364934  0.52947581368370067
  0.53768878331040060  0.54590316362999536  0.55413103928151997  0.56247491441777164
  0.57082567767242220  0.57909411220014939  0.58739514364703027  0.59575871679888714
  0.60418139390480097  0.61259118579052896  0.62112431733790618  0.62974329854161382
  0.63836736743591771  0.64695353184047100  0.65558601018548623  0.66433009501260498
  0.67318833782368015  0.68211839470974867  0.69101832662896201  0.70016416827722949
  0.70940127982545209  0.71871955870707915  0.72792395833855450  0.73715915572193258
  0.74647801010313908  0.75603027506313547  0.76571180061966926  0.77560863036058469
  0.78555863436840345  0.79560054866547514  0.80579867118991022  0.81597366391804316
  0.82612291563081075  0.83653758703848757  0.84742755627355126  0.85875508681830448
  0.87043117887622212  0.88283223392595112  0.89594482214933946  0.90983271151835499
  0.92483773910858924  0.94231824414659815  0.96575464566715918  1.00000000000000000
 -0.02033332310970274  0.12163934131395526  0.16027596800990657  0.18369517771667385
  0.20186617642143576  0.21688514077546633  0.23017855487791697  0.24205077739925582
  0.25301518834052511  0.26271486969183327  0.27207903954702761  0.28090531288518028
  0.28949347347561150  0.29751838409409392  0.30520854020122323  0.31269988353735007
  0.32005063615617413  0.32721289591905134  0.33420523447994244  0.34095891319398780
  0.34765312460422904  0.35424332710180906  0.36068312899319716  0.36690666285298984
  0.37302989943109205  0.37898147261538268  0.38486266333620117  0.39074454988145646
  0.39654251806840884  0.40222472940974596  0.40785345502185905  0.41345158135450388
  0.41900221408896815  0.42455931015374615  0.43004672752494622  0.43551483269417562
  0.44080425180963945  0.44609005058759699  0.45139833968371118  0.45669276111336488
  0.46192831638889026  0.46710509658251309  0.47228333190912347  0.47748784666594024
  0.48266570286825561  0.48782233512350076  0.49295716301087206  0.49807356674352860
  0.50315993173052442  0.50821202020800549  0.51329299114443583  0.51839184087117973
  0.52351577740969613  0.52863718429871709  0.53373826824466031  0.53884730413972493
  0.54401190548362777  0.54925934876547822  0.55452769390085754  0.55982182320432849
  0.56519220649862012  0.57060132677071773  0.57602792571705475  0.58145933497034852
  0.58690097843332312  0.59238053435227556  0.59794803134137586  0.60364784460519627
  0.60949048946912865  0.61542715316335583  0.62138553738400015  0.62739681436859562
  0.63351529725524780  0.63963768121301312  0.64575502047556355  0.65202559823138728
  0.65845804981371947  0.66504462013656251  0.67178914215683994  0.67874366692246313
  0.68587608410972456  0.69340385300021989  0.70116283703647719  0.70909269103421557
  0.71772707560729865  0.72654343976937619  0.73611832275277544  0.74610497617829163
  0.75698688945491666  0.76892529255508413  0.78228701208244422  0.79758519889199320
  0.81598343197308787  0.83976687623872470  0.87894941158999673  1.00000000000000000
   2.5149219095741675E-002  -1.0000000000000000     
 T T T T T T T T T T T T T T T T F F F F F F F F F F F F F F F F
  <DiscreteSampler_grid>
  grouped_processes
  1 # 1 for a reference and 2 for a running grid.
  10 # Attribute 'min_bin_probing_points' of the grid.
  1 # Attribute 'grid_mode' of the grid. 1=='default',2=='initialization'
  0.0000000000000000 # Attribute 'small_contrib_threshold' of the grid.
  0.5000000000000000 # Attribute 'damping_power' of the grid.
 # binID   n_entries weight   weight_sqr   abs_weight
    10   10   1.540727646758411E+009   5.861597485928606E+018   1.540727646758411E+009
    16   10   1.540727646758411E+009   5.861597485928609E+018   1.540727646758411E+009
  </DiscreteSampler_grid>
