  0.00000076227798775  0.00001313494570885  0.00002823687989483  0.00004145256517376
  0.00005478275416116  0.00006838886232712  0.00008258431856298  0.00009738070612364
  0.00011281162488948  0.00012894898085568  0.00014577238097050  0.00016315339540115
  0.00018175813708651  0.00020142719450640  0.00022204456982295  0.00024377639859718
  0.00026660078050954  0.00029057576610166  0.00031557905696701  0.00034164898700930
  0.00036881581853439  0.00039747979159448  0.00042763098126087  0.00045898240603313
  0.00049124233252892  0.00052476020169798  0.00056060563111306  0.00059776532629921
  0.00063638988257222  0.00067670573086599  0.00071883907441468  0.00076263177628323
  0.00080798453064483  0.00085651506410950  0.00090765868372764  0.00096070288348750
  0.00101531696926049  0.00107121504766075  0.00112853154617521  0.00118930988641256
  0.00125326815018055  0.00131922258425966  0.00138803917762862  0.00145758172908132
  0.00153214362663431  0.00160771118232047  0.00168880667216335  0.00177401574390824
  0.00186438310239044  0.00195736998354189  0.00205802250610631  0.00216112721249061
  0.00226343284081661  0.00236752684015963  0.00247562965670406  0.00258650392598674
  0.00270251943914657  0.00282412768669271  0.00295137818786968  0.00308431109603368
  0.00322408679536525  0.00337071109281372  0.00352266589063047  0.00367680045822931
  0.00383053961448935  0.00398703607311573  0.00414713461116550  0.00431205018540869
  0.00448130336968223  0.00467098558086075  0.00485225834550373  0.00507014884775789
  0.00530614076320140  0.00555991369734218  0.00581960414405960  0.00610719943565183
  0.00641540798808987  0.00672596867952746  0.00704027234949722  0.00736108173469872
  0.00769993236809737  0.00803643063684021  0.00836289565226356  0.00870222199484052
  0.00907546900694827  0.00949210031546460  0.00994622950433803  0.01036746714074211
  0.01081245949185104  0.01145412354132870  0.01239105957755286  0.01351792918681472
  0.01515953086879981  0.01769507825569904  0.25038395005211111  1.00000000000000000
 -0.00216689315588399  0.00896557908449919  0.01854814149361023  0.02914292920955610
  0.03958380048144879  0.05014357220790456  0.06078106755586502  0.07136079696547831
  0.08181946980557706  0.09213990485522304  0.10254623353385808  0.11300588354240537
  0.12364037482633898  0.13430215519841032  0.14486498711377618  0.15530145552552865
  0.16577061288607292  0.17629313446221687  0.18676927157291359  0.19720082230201680
  0.20760710687566120  0.21806685519802282  0.22853431172047012  0.23906409333010933
  0.24969162733648667  0.26024948300976014  0.27109245407876459  0.28189304763013340
  0.29266768535787047  0.30316903452127353  0.31356124135741770  0.32406335795673735
  0.33450841089776401  0.34505065795419304  0.35569675413509005  0.36635787683951726
  0.37704325378360076  0.38761801085807623  0.39823775036582681  0.40894974380511101
  0.41969398512607459  0.43029233749523782  0.44079281733935682  0.45129245605094176
  0.46183649776284486  0.47223846511847961  0.48257059011879538  0.49299685634983048
  0.50335347897181781  0.51368585082546769  0.52398227333058400  0.53444858936056072
  0.54481275696870013  0.55529515537349616  0.56562710539613614  0.57587191392782600
  0.58608178486875195  0.59632936379760115  0.60681162687289092  0.61732050813820760
  0.62797406559915514  0.63868104389389235  0.64944715004016984  0.66013963460606173
  0.67063744446469764  0.68106666575002295  0.69168074936582968  0.70241429246953713
  0.71286205926844781  0.72328416739974466  0.73367767582451715  0.74418119715510878
  0.75454479232653227  0.76507881022839974  0.77560206378176899  0.78628052132452031
  0.79699207704226083  0.80769866625708830  0.81839567401493440  0.82904246150715744
  0.83965635935528182  0.85035479219873888  0.86114225098891750  0.87205374235542754
  0.88284099859604104  0.89350432747050479  0.90392543747586418  0.91436189265508316
  0.92502400533367268  0.93563684931625346  0.94617687770394987  0.95659194646759305
  0.96717858054006156  0.97798111771367557  0.98888323952346935  1.00000000000000000
 -0.00465861914653751  0.02542478224237532  0.04653280838529113  0.06402833325534693
  0.07969896349621958  0.09415137309412114  0.10769557981424652  0.12055010313997967
  0.13299737786083055  0.14514285824957340  0.15693449912475047  0.16833446243266517
  0.17940181355149490  0.19020789261112353  0.20080742318962874  0.21125437541337941
  0.22150613334948849  0.23153319050173965  0.24137671926726523  0.25113338800566271
  0.26083763883590017  0.27041454552822530  0.27982412501571663  0.28906983122192820
  0.29820210455620255  0.30727458915259764  0.31624938339957870  0.32513159403767822
  0.33395271200299753  0.34270968341109970  0.35137549199214019  0.35995809441095311
  0.36848157874926940  0.37700442272880330  0.38551686898477899  0.39399052599085232
  0.40248959033812143  0.41100303220206974  0.41953928853642347  0.42809437514680643
  0.43659531769309812  0.44502556418880168  0.45334358762095467  0.46159193043548113
  0.46983704753680383  0.47811176428271596  0.48641964068027616  0.49466517069738913
  0.50289653122891986  0.51119238217032303  0.51966629792916064  0.52791430285473828
  0.53612759063140514  0.54426530862091238  0.55228806784570217  0.56032814086103355
  0.56840126091439747  0.57650891460547904  0.58470900977197759  0.59296162898093741
  0.60126266785936711  0.60954908477617253  0.61787665351461418  0.62620181453460255
  0.63456678211122086  0.64297115610608080  0.65140724584719722  0.65990797352068020
  0.66855470857118449  0.67736959567901822  0.68617792214638940  0.69497759600899855
  0.70377258537414344  0.71271772864386840  0.72184257415699615  0.73099714075176880
  0.74020376168598212  0.74948957316240172  0.75876601371113195  0.76799206395470754
  0.77734417077062545  0.78709078071897620  0.79716350668503833  0.80737763961069065
  0.81775762554973475  0.82840908737610475  0.83946979664268173  0.85086037391633684
  0.86249133580671411  0.87434355497926508  0.88680031094274470  0.90048671403722624
  0.91557217973047222  0.93298005174601595  0.95710709014596518  1.00000000000000000
 -0.02818537972706144  0.13655901654658148  0.17545136260156313  0.19845932850837372
  0.21591294903560956  0.23054358436874217  0.24311023141528557  0.25441452142803012
  0.26464244845238166  0.27451798682834827  0.28368731538141945  0.29250157379579217
  0.30068240189754597  0.30851132953987831  0.31602076865355044  0.32317075767423670
  0.33016412447437976  0.33688885605454344  0.34336114728171613  0.34972743760496905
  0.35593207598400883  0.36198541741810814  0.36794499286445009  0.37386473713266732
  0.37963697624582676  0.38527567521954775  0.39082067216940353  0.39630028417757968
  0.40172669113785681  0.40709757620632936  0.41243652824872229  0.41771326937035191
  0.42293397692493345  0.42810178812132665  0.43326852854079523  0.43838131509791678
  0.44341791598388558  0.44842411479919930  0.45340513422317191  0.45836489823819393
  0.46329983679717601  0.46820972667961691  0.47308934727764845  0.47793604584662092
  0.48282733951815454  0.48771280659822136  0.49259866558426763  0.49743423969664652
  0.50227629692613696  0.50712348457223511  0.51202082260242243  0.51696119999730716
  0.52191001581925456  0.52683871779357427  0.53174055703124246  0.53662406045953415
  0.54150206442057636  0.54639693170531822  0.55130574198713700  0.55624171169699910
  0.56125993507024752  0.56638554894178894  0.57159735838506165  0.57680458728781292
  0.58197717710283603  0.58727126610931701  0.59265090679232879  0.59811398553311845
  0.60366593834606730  0.60938310766246673  0.61519650034693996  0.62106088069301546
  0.62692060364117963  0.63282637356232996  0.63875234553237414  0.64479680000414896
  0.65097123375795607  0.65727081252134412  0.66378145566631852  0.67051553579083356
  0.67756231481852858  0.68473018095807514  0.69230411081031829  0.70014320778350214
  0.70834717687590532  0.71698673029368631  0.72603492329131114  0.73581146869829794
  0.74621449757163327  0.75761077135513488  0.76991705223033258  0.78431342978992546
  0.80149775963506864  0.82396465209434444  0.86212321547427351  1.00000000000000000
   1.2641694426477246E-002  -1.0000000000000000     
 T T T T T T T T T T T T T T T T F F F F F F F F F F F F F F F F
  <DiscreteSampler_grid>
  grouped_processes
  1 # 1 for a reference and 2 for a running grid.
  10 # Attribute 'min_bin_probing_points' of the grid.
  1 # Attribute 'grid_mode' of the grid. 1=='default',2=='initialization'
  0.0000000000000000 # Attribute 'small_contrib_threshold' of the grid.
  0.5000000000000000 # Attribute 'damping_power' of the grid.
 # binID   n_entries weight   weight_sqr   abs_weight
    10   10   2.616742089783432E+009   2.037024243758276E+019   2.616742089783432E+009
    16   10   2.616742089783432E+009   2.037024243758276E+019   2.616742089783432E+009
  </DiscreteSampler_grid>
