  0.00000149062948988  0.00001354634323203  0.00002598741030654  0.00003841290611971
  0.00005061352848342  0.00006287941040706  0.00007543639016233  0.00008838779088250
  0.00010172356588906  0.00011539108879993  0.00012942314036490  0.00014382654074161
  0.00015864436460283  0.00017394283353541  0.00018996019657019  0.00020668557910711
  0.00022423470812692  0.00024244311354400  0.00026150395037908  0.00028161650067595
  0.00030239928811344  0.00032428249661127  0.00034733283328943  0.00037136144945122
  0.00039617690186115  0.00042226878373055  0.00044938278895250  0.00047758017770165
  0.00050687275114173  0.00053692849498404  0.00056771796942307  0.00060024541381056
  0.00063383360557454  0.00066858865541261  0.00070491933782862  0.00074231877199950
  0.00078157387492895  0.00082389195003840  0.00086771153496763  0.00091492432134847
  0.00096314334325725  0.00101159433666326  0.00106186455536307  0.00111401297415608
  0.00116866688951024  0.00122778362581920  0.00129068844809555  0.00135413783366939
  0.00141977318667982  0.00148949805341976  0.00155989160373992  0.00163236935316094
  0.00170855259986352  0.00178922659403288  0.00187311669432188  0.00195894308601458
  0.00204823641701536  0.00213974886580683  0.00223747784103649  0.00234120892266031
  0.00245442457083968  0.00257870624770755  0.00271380468569408  0.00286318171077285
  0.00302788753102153  0.00318802777054240  0.00336383147819299  0.00355394910370755
  0.00375438330601579  0.00396472448450308  0.00421468938042652  0.00446902239024442
  0.00471380878856730  0.00495040065315137  0.00518779073302925  0.00542255923024832
  0.00566477567239403  0.00591569846991317  0.00617213728363081  0.00642458940446274
  0.00667354279790430  0.00697989141811996  0.00728740816568190  0.00761805933351146
  0.00803597356065494  0.00861919656314555  0.00924467894174474  0.00990572238981648
  0.01058454940576896  0.01125777433350264  0.01205774844452716  0.01300903131210224
  0.01472758756608993  0.02024392694059691  0.29679824288852485  1.00000000000000000
 -0.00256531279956744  0.00970737754554033  0.02004467491382109  0.03048691884837828
  0.04116221478056441  0.05182544050516672  0.06247076034862568  0.07292856883991461
  0.08347407233212899  0.09405992562284428  0.10473369064570345  0.11522524662041504
  0.12572003351247210  0.13608257211435226  0.14650565243610816  0.15689110651902641
  0.16708118983277698  0.17750015791271748  0.18793626222737661  0.19870363446128764
  0.20934545223671963  0.21979824152637223  0.23024979780663107  0.24041840287317806
  0.25063103820966770  0.26065417265205654  0.27078437846820502  0.28093026191242643
  0.29099726992495067  0.30127748831897583  0.31158987377632175  0.32229861633656470
  0.33285582947218439  0.34366299124945127  0.35448967860568392  0.36536364405738675
  0.37625076999908313  0.38706950396157425  0.39781452482895618  0.40813101625121212
  0.41865716247298129  0.42928064444729386  0.44005578550865360  0.45085113592634002
  0.46180305384029874  0.47292234436704983  0.48361293261795207  0.49399497388080188
  0.50420692409254020  0.51460944702807898  0.52503612337783012  0.53541393744714494
  0.54584130371168027  0.55653469042555404  0.56713624671270180  0.57779646950280450
  0.58857346572987257  0.59954316197658208  0.61022286865950770  0.62064910207227209
  0.63118832919378765  0.64162664725477625  0.65188501883252081  0.66206217152292024
  0.67237992480109976  0.68256601421191432  0.69286109565586607  0.70319547335750121
  0.71371968067517177  0.72413774396321240  0.73446674835391434  0.74486949406104386
  0.75528658215508870  0.76568734876838052  0.77608166124454414  0.78637850022445099
  0.79687870127005134  0.80764805729287370  0.81809290593925421  0.82829151438096749
  0.83838382306823778  0.84877324068056448  0.85921006484732010  0.86972323076977220
  0.88035771198546653  0.89115154678444564  0.90189594080304925  0.91267690566523174
  0.92372899547549281  0.93480689640109238  0.94587702272641383  0.95691225753956766
  0.96787622190401512  0.97878487906251688  0.98945900113822483  1.00000000000000000
 -0.00388747432455879  0.02301109637187779  0.04216288495730122  0.05845640313412619
  0.07333368511936310  0.08747582154116548  0.10114470557768229  0.11420266151213244
  0.12674986680138478  0.13885798177675449  0.15071064983163085  0.16230980138112133
  0.17359692184389236  0.18461844029627383  0.19558980339372251  0.20648494333920669
  0.21696520360233007  0.22723005191285139  0.23732716961341219  0.24737435871329855
  0.25712088951484235  0.26678797035700452  0.27637653066820517  0.28596705722921362
  0.29534490944555503  0.30448228514032089  0.31357901712198588  0.32271780004248407
  0.33186455741732623  0.34091540479543209  0.34992790023455728  0.35893707863369106
  0.36795631908163123  0.37693481549900887  0.38573388430731503  0.39443882135459818
  0.40301868668060231  0.41153376797713487  0.42003802359011555  0.42855414672034514
  0.43704183013380615  0.44541020756765770  0.45369356469991629  0.46198141068671700
  0.47031570979307435  0.47861498312528233  0.48695308744825017  0.49541146593202556
  0.50377319293068201  0.51228878866346816  0.52073204542146168  0.52925059524459828
  0.53769254328641891  0.54618415762949180  0.55459901085285168  0.56291041478951986
  0.57116725814692637  0.57944722857232633  0.58773877770162231  0.59601537148285444
  0.60431868656733245  0.61265190749282572  0.62102911660305715  0.62947112647374204
  0.63799849899525130  0.64662000005950893  0.65535452797544091  0.66421811972142364
  0.67295913421357756  0.68172340479067728  0.69038747153388935  0.69926647804550701
  0.70820384884046850  0.71710691370094792  0.72603197911970330  0.73499497573599670
  0.74401180980770887  0.75309842869868626  0.76214516087267137  0.77160058916471952
  0.78125690192226482  0.79111735916681158  0.80111724982204435  0.81166262132584133
  0.82292094010687922  0.83444316352257597  0.84617029162798063  0.85828198246733534
  0.87110479560429233  0.88386217398919831  0.89700789858517671  0.91083557470211751
  0.92542604662103045  0.94189503534462127  0.96485088330476654  1.00000000000000000
 -0.01947219091587605  0.12085510230361643  0.15994855138169525  0.18341356673636880
  0.20181047671226346  0.21720788251894604  0.23071038421593679  0.24247182321082045
  0.25336046867750944  0.26326587163799881  0.27297437385525702  0.28183114203138132
  0.29047724861438756  0.29854258659324651  0.30635140683231210  0.31397660141371303
  0.32119490952432500  0.32821284838056347  0.33496352363276988  0.34144264917218464
  0.34783443873292391  0.35417104893099466  0.36042396003539023  0.36663085939195755
  0.37276160655733731  0.37875148488913657  0.38462902718652608  0.39044068145874922
  0.39615153443964074  0.40173850183694509  0.40723081984728599  0.41266315779290924
  0.41806824606827170  0.42344610834693347  0.42876689372533205  0.43410112123764055
  0.43940197006272425  0.44473606953890288  0.44996559654382001  0.45513587462028438
  0.46029181410502967  0.46544590083003212  0.47063823261024712  0.47585598249574607
  0.48108558707130383  0.48633057464848678  0.49155189751470119  0.49672536716427323
  0.50189225133327231  0.50703339495534028  0.51221981538462580  0.51738340476476363
  0.52254505405063412  0.52771015620408313  0.53287472088499321  0.53804319514361154
  0.54327568198022091  0.54857330742728616  0.55387305245892504  0.55917895069115109
  0.56447863680518306  0.56986127945829701  0.57530174566231795  0.58081302767679144
  0.58641300310333899  0.59201057328367601  0.59755705647558044  0.60314986915589919
  0.60887678876381424  0.61472998129040779  0.62065539511720424  0.62662772432927749
  0.63268320879166162  0.63887946158440923  0.64521342757851841  0.65178054593004697
  0.65843688473191253  0.66517962741800141  0.67208784332204197  0.67915977426025798
  0.68638339093716494  0.69387179658899178  0.70167918264794449  0.70985253104867818
  0.71853146575410898  0.72734813776546348  0.73677228792182381  0.74674333651127267
  0.75783853568609871  0.76998228423997528  0.78344827827920971  0.79872032989600272
  0.81684344336357118  0.84015120561952550  0.87897747104719814  1.00000000000000000
   2.5305518483170350E-002  -1.0000000000000000     
 T T T T T T T T T T T T T T T T F F F F F F F F F F F F F F F F
  <DiscreteSampler_grid>
  grouped_processes
  1 # 1 for a reference and 2 for a running grid.
  10 # Attribute 'min_bin_probing_points' of the grid.
  1 # Attribute 'grid_mode' of the grid. 1=='default',2=='initialization'
  0.0000000000000000 # Attribute 'small_contrib_threshold' of the grid.
  0.5000000000000000 # Attribute 'damping_power' of the grid.
 # binID   n_entries weight   weight_sqr   abs_weight
    10   10   1.922369044683992E+009   6.455797371930134E+018   1.922369044683992E+009
    16   10   1.922369044683992E+009   6.455797371930131E+018   1.922369044683992E+009
  </DiscreteSampler_grid>
