0.01	0	0.07341933274712337
0.01	0	0.02974575947792016
0.01	0	0.029437901427512927
0.01	0	0.032609075707587046
0.01	0	0.003879921073301089
0.01	0	0.020693830069478857
0.01	0	0.13505707068406797
0.01	0	-0.029374652188230505
0.01	0	0.005732171117884674
0.01	0	0.03440930275034144
0.01	0	0.04926256224197966
0.01	0	0.11550245792890361
0.01	0	-0.003125243679571035
0.01	0	0.06850445920767141
0.01	0	0.033055997685461594
0.01	0	0.05812240885883706
0.01	0	0.04670024082392341
0.01	0	-0.016970987466016788
0.01	0	0.0782224151904504
0.01	0	-0.007403925202170034
0.01	0	0.041870167652173655
0.01	0	0.09462849801515155
0.01	0	0.04070904951897834
0.01	0	0.07648260650540514
0.01	0	0.011380716683436242
0.01	0	0.09407377954774612
0.01	0	0.035096216922343694
0.01	0	0.050638516828172844
0.01	0	-0.044407564164983086
0.01	0	0.04972617127602576
0.01	0	0.019721950102884134
0.01	0	0.012287203313342978
0.01	0	0.037059291029384094
0.01	0	0.01001691134803662
0.01	0	0.03815755238161418
0.01	0	0.15190787784299623
0.01	0	0.054604447866911016
0.01	0	0.004707993316105787
0.01	0	0.01768681383097538
0.01	0	0.055537852354286245
0.01	0	-0.0009051238500597949
0.01	0	0.13174903157528306
0.01	0	0.036920521548982885
0.01	0	0.01064441638120542
0.01	0	0.05001917404190358
0.01	0	-0.03263993067268776
0.01	0	0.16711532832916262
0.01	0	0.1305532779688614
0.01	0	0.013533988414098808
0.01	0	0.07227180762897148
0.01	0	0.07306949939942538
0.01	0	0.05773689276101209
0.01	0	0.027591419308778307
0.01	0	0.027115372171270097
0.01	0	0.07914035775600985
0.01	0	-0.017782686119262665
0.01	0	0.05254508940473222
0.01	0	0.010068705147882802
0.01	0	0.06418659158401151
0.01	0	0.04569699014961909
0.01	0	0.04307816810665003
0.01	0	0.05048198933891328
0.01	0	0.05645161120311257
0.01	0	-0.045004684648972934
0.01	0	0.09842694325814023
0.01	0	0.0728838990910714
0.01	0	0.04950505950346453
0.01	0	0.006818369512609327
0.01	0	0.02009497266750796
0.01	0	0.10993921327561687
0.01	0	0.031100972244517952
0.01	0	-0.011702681988176207
0.01	0	0.15798375479682805
0.01	0	0.011684583917346338
0.01	0	0.029314863792365156
0.01	0	0.04423120477736923
0.05	0	0.8950944048545495
0.01	0	0.11088352982644775
0.01	0	-0.11006836169767151
0.01	0	0.0004122350099803592
0.01	0	0.012042247004757757
0.01	0	0.0588095918126098
0.01	0	-0.0010873802292870188
0.01	0	0.0997165685653403
0.05	0	0.8407394911623032
0.01	0	0.08441313761570393
0.01	0	-0.04379996987320754
0.01	0	-0.00969435457422018
0.05	0	0.8959998884343928
0.01	0	-0.044842327052526124
0.01	0	0.055004775075084014
0.01	0	0.03680057544862963
0.01	0	0.03508727739834851
0.01	0	0.09100656834762258
0.05	0	0.8236336145990634
0.01	0	0.03308421457958095
0.01	0	0.034080986028690696
0.01	0	0.09290304084336787
0.01	0	0.10272043106844388
0.01	0	0.0692239176168735
0.01	0	0.03830412387187473
0.05	0	0.7908917112339581
0.01	0	0.004127869048462758
0.05	0	0.8528432246299257
0.01	0	0.021484938534131758
0.05	0	0.7135260345747347
0.01	0	0.11415599320319308
0.05	0	0.783057941621223
0.05	0	0.906907455310778
0.05	0	0.791770337711974
0.05	0	0.7478354613742657
0.05	0	0.7640581196933834
0.05	0	0.7586833319268051
0.05	0	0.9110734692239351
0.05	0	0.8247224564527033
0.05	0	0.7958628113718603
0.05	0	0.8063641935355652
0.05	0	0.8366079777904537
0.05	0	0.8645396056580632
0.05	0	0.803834996140023
0.05	0	0.7898192010052745
0.05	0	0.785873022204834
0.05	0	0.8082033136940029
0.05	0	0.7930253376983188
0.05	0	0.7566550813249038
0.05	0	0.7215218365762038
0.05	0	0.826556629929261
0.05	0	0.8077960697875429
0.05	0	0.7420357027263319
0.05	0	0.8300602574047617
0.05	0	0.8679562751277783
0.05	0	0.8177586864843288
0.05	0	0.8265254415960457
0.05	0	0.7988979948761255
0.05	0	0.8258132296302501
0.05	0	0.821744993356142
0.05	0	0.7907613046010958
0.05	0	0.879941213410095
0.05	0	0.8017641170614169
0.05	0	0.8142323627830672
0.05	0	0.7856573156241405
0.05	0	0.7512341038232776
0.05	0	0.7893047682859695
0.05	0	0.7679674135611309
0.05	0	0.8110839568181538
0.05	0	0.812233478696801
0.05	0	0.8028208990033641
0.05	0	0.8060609801869928
0.05	0	0.9322970966333487
0.05	0	0.8671614300108325
0.05	0	0.7550440770303131
0.05	0	0.8479988423581966
0.05	0	0.912199267659781
0.05	0	0.8886106427959081
0.05	0	0.9017491261271593
0.05	0	0.8637796374044312
0.05	0	0.8100070517704085
0.05	0	0.7492463291863204
0.05	0	0.8432027569962743
0.05	0	0.8666610148575666
0.05	0	0.9153963888663313
0.05	0	0.7608047254962887
0.05	0	0.8900316369173004
0.05	0	0.8602388711825875
0.05	0	0.8048328950465912
0.05	0	0.8670902094823244
0.05	0	0.8654270356117757
0.05	0	0.843003136442951
0.05	0	0.8413666145599353
0.05	0	0.8482045126465791
0.05	0	0.794014339749133
0.05	0	0.8534846892021642
0.05	0	0.8026174174817946
0.05	0	0.8553365654963556
0.05	0	0.8609134629773926
0.05	0	0.8010677661914782
0.05	0	0.8050535264294
0.05	0	0.7433543652891752
0.05	0	0.8124373974292262
0.1	0	1.6847029021720648
0.05	0	0.7998795403954191
0.05	0	0.8008535613279403
0.1	0	1.7991221088708478
0.05	0	0.8501412390406293
0.05	0	0.6392523790654513
0.1	0	1.697490486629011
0.05	0	0.8312066291322853
0.05	0	0.8223210650908356
0.05	0	0.8617604223414242
0.05	0	0.8825270573889685
0.05	0	0.8133993469443983
0.05	0	0.7887691101865069
0.05	0	0.8090554731384463
0.05	0	0.8086729981388687
0.05	0	0.8178573026534922
0.05	0	0.8815339069361813
0.1	0	1.8009634042598373
0.05	0	0.9247517537148575
0.05	0	0.8696590121577604
0.05	0	0.8255740138508704
0.05	0	0.8349731570607237
0.05	0	0.7987970886372027
0.1	0	1.7613279399365054
0.1	0	1.6716326951618468
0.05	0	0.8038611150676532
0.1	0	1.778512721463588
0.05	0	0.7809068369263445
0.1	0	1.6179096411821483
0.1	0	1.7256170889060183
0.1	0	1.6390458634833018
0.1	0	1.7067128098716597
0.1	0	1.7122738258506105
0.1	0	1.667218389181777
0.1	0	1.7522639507031141
0.1	0	1.7771172519028218
0.1	0	1.6955421016631438
0.1	0	1.7092359416789167
0.1	0	1.6472198146837451
0.1	0	1.7445726105552466
0.1	0	1.7822971883213867
0.1	0	1.7002141370139296
0.1	0	1.7124667145715138
0.1	0	1.7567973254210323
0.1	0	1.8060696835818795
0.1	0	1.6334417941057087
0.1	0	1.7156071533739945
0.1	0	1.7052235292125983
0.1	0	1.7449601311828191
0.1	0	1.6901939355458426
0.1	0	1.6865042596357112
0.1	0	1.682015706157705
0.1	0	1.727241148874058
0.1	0	1.6495469737855224
0.1	0	1.7199171046933108
0.1	0	1.7210665760601342
0.1	0	1.6265571372562073
0.1	0	1.739422296673867
0.1	0	1.6986494414057376
0.1	0	1.6453181895091775
0.1	0	1.7798666782361925
0.1	0	1.6033965509061243
0.1	0	1.6845897964692527
0.1	0	1.7233165336155356
0.1	0	1.716908479285838
0.1	0	1.6325267650688646
0.1	0	1.619839731559044
0.1	0	1.6502880148704402
0.1	0	1.6749024001395
0.1	0	1.7454306256997514
0.1	0	1.7388968077451852
0.1	0	1.7237007052099487
0.1	0	1.8718637406612904
0.1	0	1.6482321733426373
0.1	0	1.6406079226437813
0.1	0	1.7431966515675348
0.1	0	1.7355270360530095
0.1	0	1.781140442998981
0.1	0	1.620746093164018
0.1	0	1.5694894259213295
0.1	0	1.6870044245150049
0.1	0	1.7184533443706345
0.1	0	1.7393163134138308
0.1	0	1.73931476067794
0.1	0	1.7716095600894477
0.1	0	1.6769856196314181
0.1	0	1.7668419421668236
0.1	0	1.8171907244068632
0.1	0	1.7418242605878795
0.1	0	1.7942827105141836
0.1	0	1.6533341625126898
0.1	0	1.754929645447231
0.1	0	1.7467882061713376
0.1	0	1.8190491052094264
0.1	0	1.7042087619706408
0.1	0	1.7765598173641117
0.1	0	1.7756755436924334
0.3	0	4.887573814951029
0.3	0	5.011387030433132
0.1	0	1.6490512087940243
0.1	0	1.6779559999845939
0.1	0	1.6411808790857891
0.1	0	1.7458908452211668
0.1	0	1.6823631594743307
0.1	0	1.6256684726865498
0.1	0	1.6573094148434602
0.1	0	1.6127107808355488
0.1	0	1.5770654813755138
0.3	0	5.046500875238598
0.1	0	1.7205364374698786
0.1	0	1.7033322937565487
0.1	0	1.6423084218208626
0.1	0	1.6951694159500006
0.3	0	4.943375171994263
0.1	0	1.6453645481263532
0.1	0	1.692410451720892
0.3	0	5.0651013068595345
0.1	0	1.7637119992747095
0.1	0	1.6007540481739881
0.3	0	4.899794037210705
0.1	0	1.674705227396786
0.1	0	1.6960922423185936
0.1	0	1.6548854246724716
0.1	0	1.5765822477677456
0.3	0	5.120564104437561
0.1	0	1.6256997264773612
0.1	0	1.6803333928105166
0.1	0	1.7383630190572215
0.3	0	5.050394006689361
0.3	0	4.676635694488318
0.3	0	4.962027426998813
0.3	0	5.036569461399863
0.3	0	5.229094337370887
0.3	0	4.960360061914079
0.3	0	4.883931197500712
0.3	0	5.0635966594926405
0.3	0	4.952144377616053
0.3	0	5.053915493983019
0.3	0	5.328086069857915
0.3	0	5.040416348865032
0.3	0	5.028235632282873
0.3	0	5.092824354315594
0.3	0	4.9363418093904246
0.3	0	5.2417958888365614
0.3	0	5.074992713253409
0.3	0	5.0678995583926625
0.3	0	5.134119961074797
0.3	0	4.964817073358868
0.3	0	5.064566243773772
0.3	0	5.128205762294894
0.3	0	4.9905754927421535
0.3	0	4.89467624096041
0.3	0	4.873320057619238
0.3	0	5.042295646356207
0.3	0	5.185055144771276
0.3	0	5.066263563079625
0.3	0	5.015162413252504
0.3	0	5.104580386667832
0.3	0	5.134948949384917
0.3	0	4.868011111581277
0.3	0	4.896898529985677
0.3	0	5.009109025616975
0.3	0	5.044422160541405
0.3	0	5.047376777117353
0.3	0	5.114186722686868
0.3	0	4.862051379273626
0.3	0	4.978486481144845
0.3	0	4.91519495263857
0.3	0	5.051523438420138
0.3	0	5.058411571132408
0.3	0	5.213839527884083
0.3	0	5.03721668212547
0.3	0	5.123154619644177
0.3	0	5.147103713360826
0.3	0	4.947820890419437
0.3	0	5.050134445373914
0.3	0	4.907334158715858
0.3	0	4.975140657445319
0.3	0	5.209171403443976
0.3	0	5.262153210799404
0.3	0	4.917773192026534
0.3	0	5.013088517239668
0.3	0	4.984371927847292
0.3	0	5.294220475113358
0.3	0	5.097380365472753
0.3	0	4.931987801402748
0.3	0	4.965913583654193
0.3	0	4.865930626437452
0.3	0	4.922850367188312
0.3	0	5.176333415464999
0.3	0	5.105929389018865
0.3	0	5.085573240627044
0.3	0	5.220569431759246
0.3	0	5.080939586270889
0.3	0	4.978841180620024
0.3	0	5.3562025331401975
0.3	0	5.13973122559472
0.3	0	4.977329320740105
0.3	0	5.187807767701493
0.3	0	5.146470622415542
0.3	0	5.038911315635512
0.3	0	4.812233097240958
0.3	0	4.893442127669479
0.3	0	4.908351022931577
0.3	0	4.931423094914525
0.3	0	4.9004505768352935
0.3	0	5.034582488041783
0.3	0	5.073069909980081
0.3	0	4.971062004136261
0.3	0	4.949680980360443
0.3	0	5.048171570386131
0.3	0	5.251763220244682
0.3	0	5.081144005183053
0.3	0	4.828176401296119
0.3	0	4.791369512078771
0.3	0	5.216111103042682
0.3	0	5.22568238602856
0.3	0	4.875160772683351
0.3	0	4.797580404440852
0.3	0	5.023789922763649
0.3	0	4.791022850383751
