0	-0.4	0.6167372628255492
0	-0.4	0.6048384351152557
0	-0.4	0.6081272345107548
0	-0.4	0.6691559492976992
0	-0.4	0.5989174353459316
0	-0.4	0.6462760813016363
0	-0.4	0.6922230167009508
0	-0.4	0.6160378057416508
0	-0.4	0.6059412698981654
0	-0.4	0.6204330346434038
0	-0.4	0.6541499985594371
0	-0.4	0.6194800504192154
0	-0.4	0.6582638943533493
0	-0.4	0.5915602577927062
0	-0.4	0.6283620185820971
0	-0.4	0.6988787516529009
0	-0.4	0.6276372258273862
0	-0.4	0.7088228430530397
0	-0.45	0.8474679015690365
0	-0.4	0.6031044103007602
0	-0.4	0.7001155933513719
0	-0.4	0.6878974343288773
0	-0.4	0.6783537454318357
0	-0.45	0.8577301667941641
0	-0.4	0.6040933671560482
0	-0.4	0.5966575399547931
0	-0.4	0.5758439868470675
0	-0.4	0.63932085736372
0	-0.45	0.8855009438380239
0	-0.4	0.6292788866736322
0	-0.4	0.6253160022280856
0	-0.45	0.8867730855888776
0	-0.4	0.6795029817857811
0	-0.4	0.6009887985307649
0	-0.45	0.9349379839912938
0	-0.4	0.6764455415674063
0	-0.4	0.5728596829102669
0	-0.45	0.9497962971431098
0	-0.45	0.8402694883984936
0	-0.45	0.8927720650248399
0	-0.45	0.9553357833204354
0	-0.4	0.6485663089518706
0	-0.45	0.9431966096551702
0	-0.4	0.6243218156719353
0	-0.4	0.6195428895928214
0	-0.45	0.9557009091749473
0	-0.4	0.7186272327462669
0	-0.45	0.9334593863909181
0	-0.45	0.9530118649456032
0	-0.4	0.6705430342117499
0	-0.4	0.6290793070691513
0	-0.45	0.8586999045670691
0	-0.4	0.6644748756729307
0	-0.4	0.7324129434091872
0	-0.4	0.6969384157860812
0	-0.45	0.8481822512264924
0	-0.4	0.6108435815930318
0	-0.45	0.928799857432761
0	-0.4	0.634226021469175
0	-0.5	1.1216971959236832
0	-0.45	0.8796795898997971
0	-0.45	0.9185565023682171
0	-0.4	0.6804195693289088
0	-0.4	0.6646233689074482
0	-0.45	0.8962409310070576
0	-0.4	0.6207942667605908
0	-0.4	0.6379222382575507
0	-0.45	0.9383493187898764
0	-0.4	0.6722637353043608
0	-0.45	0.8538781961713021
0	-0.45	0.9130984165820175
0	-0.4	0.6713155877303428
0	-0.5	1.0862735718879621
0	-0.4	0.7045109932709561
0	-0.45	0.9114648325665251
0	-0.45	0.8932505910101459
0	-0.4	0.6917939743776254
0	-0.45	0.9436894810732844
0	-0.45	0.9115140299274989
0	-0.4	0.6645706287818847
0	-0.4	0.6394453705454491
0	-0.5	1.1714690130207794
0	-0.4	0.6082437114502505
0	-0.4	0.5611586238774083
0	-0.45	0.882219112182356
0	-0.45	0.8454249476156229
0	-0.5	1.2299380678245178
0	-0.4	0.6427147042095085
0	-0.45	0.9680596926698526
0	-0.45	0.913974095189566
0	-0.4	0.6931484619074482
0	-0.4	0.5568891468510718
0	-0.5	1.106789900719786
0	-0.45	0.9125229830486582
0	-0.4	0.638769139604493
0	-0.4	0.7625272662242177
0	-0.4	0.6482256431834944
0	-0.4	0.6645801629586645
0	-0.45	0.9154066734123991
0	-0.5	1.2009295095526142
0	-0.5	1.1014864737079526
0	-0.5	1.1100530902081214
0	-0.4	0.6545544198827975
0	-0.5	1.2088410803351761
0	-0.45	0.8757117953065038
0	-0.5	1.1661124538494145
0	-0.45	0.8561259092353835
0	-0.45	0.8773287636993907
0	-0.5	1.0576397274774516
0	-0.45	0.9605189735926672
0	-0.4	0.63526288641129
0	-0.5	1.084394025529831
0	-0.5	1.1807166780784144
0	-0.4	0.7027349355908117
0	-0.45	0.9601084011646361
0	-0.45	0.9287649680930405
0	-0.5	1.1990353723183789
0	-0.45	0.8543497010194383
0	-0.4	0.5962333257705889
0	-0.45	0.9377580883383984
0	-0.45	0.8813990010215658
0	-0.4	0.7021455600828223
0	-0.5	1.1124020362720535
0	-0.4	0.667391065021012
0	-0.5	1.112371181309933
0	-0.55	1.5187574824916366
0	-0.45	0.9170345794476399
0	-0.45	0.9065532835955379
0	-0.5	1.1940948346928302
0	-0.5	1.1849159449498334
0	-0.45	0.8786887074830194
0	-0.4	0.7150879301524491
0	-0.45	0.9780786586540164
0	-0.4	0.6309237643325522
0	-0.5	1.1493059625762903
0	-0.45	0.8606576410012498
0	-0.4	0.668713036260316
0	-0.45	0.890746416853216
0	-0.4	0.7473458059591391
0	-0.4	0.6051519428667912
0	-0.45	0.9083656097705276
0	-0.5	1.11146848204224
0	-0.5	1.1704415678801032
0	-0.4	0.6809331738861458
0	-0.5	1.2710120843018637
0	-0.55	1.5618389923262304
0	-0.45	0.8763171699754182
0	-0.5	0.94983103247529
0	-0.5	1.191498584690075
0	-0.45	0.9030302129909186
0	-0.45	0.901861477704837
0	-0.5	1.1631317525445222
0	-0.5	1.090364934550152
0	-0.4	0.6016199276045661
0	-0.45	0.865594246194056
0	-0.45	0.9843324677313607
0	-0.55	1.4152110509505096
0	-0.45	0.9246226039879996
0	-0.45	0.8830702971614692
0	-0.5	1.2325067178812628
0	-0.5	1.1703120876825093
0	-0.55	1.578444295905243
0	-0.5	1.1003477968276316
0	-0.45	0.8643490905841706
0	-0.5	1.1137301760788092
0	-0.45	0.9657495295708575
0	-0.45	0.9382023328058843
0	-0.5	1.1482245750997384
0	-0.55	1.5355218412332354
0	-0.45	0.9825237452239172
0	-0.45	0.9125592138454626
0	-0.45	0.9526526853685775
0	-0.55	1.550727691835421
0	-0.5	1.1964895651069476
0	-0.45	0.8538895339254662
0	-0.55	1.5925417249565808
0	-0.55	1.5479371950456804
0	-0.55	1.5092404907469499
0	-0.45	0.917614142202505
0	-0.55	1.4685230205316802
0	-0.5	1.126967822534531
0	-0.5	1.1314441930533952
0	-0.5	1.2991693911274704
0	-0.55	1.4884061765497525
0	-0.5	1.134301037992819
0	-0.4	0.697012240315686
0	-0.45	1.0122637759252653
0	-0.55	1.4539233474182793
0	-0.55	1.5480666074175582
0	-0.5	1.1274668085043733
0	-0.4	0.6708894180797151
0	-0.45	0.9332525994886007
0	-0.5	1.1154602595937138
0	-0.4	0.6495062779026404
0	-0.5	1.1506199192820115
0	-0.4	0.7300164811470059
0	-0.55	1.5271774371402889
0	-0.4	0.6837948505063658
0	-0.5	1.0984215594549231
0	-0.45	0.8807260642861504
0	-0.5	1.1467731406960138
0	-0.45	0.9143194182263494
0	-0.55	1.494115123368321
0	-0.45	0.8954297821758204
0	-0.55	1.620460370679627
0	-0.6	1.5723973607501687
0	-0.5	1.11349563061989
0	-0.55	1.5092252936501414
0	-0.55	1.5932504967359753
0	-0.5	1.1327036562499155
0	-0.5	1.1101271706991696
0	-0.45	0.8768639836742663
0	-0.5	1.1246059310129397
0	-0.5	1.068773658922121
0	-0.45	0.8503266953254582
0	-0.55	1.5243854915435475
0	-0.45	0.8814409367559991
0	-0.5	1.100407773808947
0	-0.45	0.8946610100832251
0	-0.45	0.9815669013856587
0	-0.5	1.180466394832934
0	-0.55	1.4377295278403464
0	-0.55	1.6402986365866334
0	-0.45	0.9553080461740137
0	-0.55	1.50845919909049
0	-0.4	0.7032268722993071
0	-0.6	1.5741518760622306
0	-0.55	1.5237326547402874
0	-0.5	1.083385117181396
0	-0.55	1.5023318391012794
0	-0.5	1.0385368454729924
0	-0.55	1.5407763732522692
0	-0.5	1.227761239503559
0	-0.55	1.5814825234039627
0	-0.45	0.9200295196196969
0	-0.6	1.5085932398928366
0	-0.5	1.193905919219988
0	-0.5	1.2442606893353738
0	-0.5	1.24521756232892
0	-0.55	1.4731833303688024
0	-0.55	1.4674546529471526
0	-0.5	1.2163436428826504
0	-0.6	1.473309527522516
0	-0.55	1.4742077103320756
0	-0.55	1.5158730393217383
0	-0.5	1.1415285985766521
0	-0.4	0.6374318522399226
0	-0.4	0.6945748716527377
0	-0.5	1.0609881925184552
0	-0.5	1.1310078652961444
0	-0.55	1.463264043829365
0	-0.6	1.5636510273050777
0	-0.5	1.1884900581568734
0	-0.6	1.4978203696507695
0	-0.4	0.6978838649910369
0	-0.4	0.6638881241703659
0	-0.5	1.1202305336309226
0	-0.5	1.2060647894753254
0	-0.55	1.49350429199494
0	-0.4	0.6130099351219426
0	-0.5	1.2104159736811628
0	-0.6	1.4760065545334682
0	-0.6	1.4206285032750723
0	-0.6	1.5414271854385362
0	-0.6	1.5515189524286013
0	-0.5	1.0870307323571793
0	-0.55	1.5013292231089137
0	-0.55	1.59611243135788
0	-0.55	1.5051237287471293
0	-0.6	1.5736931937674263
0	-0.55	1.5219164064730177
0	-0.45	0.9639669240550082
0	-0.6	1.5078822454096001
0	-0.5	1.0733244912943452
0	-0.4	0.5913430531074128
0	-0.4	0.7143280305075402
0	-0.6	1.5893511759995063
0	-0.55	1.5006223617139747
0	-0.4	0.6609867233307072
0	-0.4	0.6524127515730017
0	-0.5	1.236480135728777
0	-0.45	0.950423668210417
0	-0.45	0.8876207468884992
0	-0.45	0.8456209398409474
0	-0.4	0.6597943821761434
0	-0.55	1.4578111112796202
0	-0.55	1.5352445914727182
0	-0.6	1.6148139624679383
0	-0.45	0.9248288017745434
0	-0.55	1.646310660692699
0	-0.5	1.1965427214404878
0	-0.6	1.6145199562367138
0	-0.6	1.5557851404028273
0	-0.55	1.606382377628288
0	-0.5	1.1821075379089345
0	-0.5	1.1108669442066805
0	-0.4	0.6528784705639603
0	-0.65	1.9937323232087851
0	-0.55	1.4816284318889406
0	-0.6	1.4765894865269482
0	-0.6	1.4889227702217347
0	-0.55	1.465131228814421
0	-0.55	1.4758193141347717
0	-0.55	1.5474901473311362
0	-0.4	0.6549925230716429
0	-0.4	0.6259811263883306
0	-0.6	1.5442409676158846
0	-0.5	1.2362481257567006
0	-0.4	0.6072747489450484
0	-0.5	1.1766234779846594
0	-0.55	1.5326714160086672
0	-0.5	1.1365489568094929
0	-0.5	1.150644283413257
0	-0.55	1.5870905397211847
0	-0.5	1.144962544340382
0	-0.55	1.4857479454711868
0	-0.6	1.5267124125651603
0	-0.6	1.468811303832784
0	-0.45	0.9361337794445322
0	-0.6	1.6222861470876133
0	-0.5	1.2228020133818887
0	-0.65	1.8985977436557147
0	-0.6	1.4922687169461657
0	-0.55	1.5336469570345233
0	-0.6	1.5477158881573179
0	-0.6	1.5321149364763815
0	-0.6	1.5092072832153516
0	-0.55	1.5350359676807208
0	-0.55	1.5868563818888872
0	-0.5	1.177865056367705
0	-0.65	1.9262606407493295
0	-0.55	1.5038328424659326
0	-0.55	1.4065618214151254
0	-0.55	1.5384126106657856
0	-0.6	1.5544320148748927
0	-0.6	1.5267453797274801
0	-0.4	0.6362313278190912
0	-0.55	1.5353881136578298
0	-0.65	2.0274896303202428
0	-0.4	0.7076885563581083
0	-0.6	1.4737574762027223
0	-0.6	1.545071745082035
0	-0.45	0.9003705005892945
0	-0.55	1.5016570448760038
0	-0.55	1.5085712459896958
0	-0.45	0.8754340259297552
0	-0.6	1.5030206774921069
0	-0.55	1.53340897744808
0	-0.65	1.9144311462414938
0	-0.55	1.544355272584309
0	-0.65	1.9527678778494981
0	-0.45	0.9283904203168927
0	-0.45	0.9052506782888112
0	-0.65	2.0214167526449085
0	-0.6	1.5224803619868414
0	-0.55	1.6440753138645967
0	-0.45	0.9483470565446611
0	-0.55	1.554297025752923
0	-0.65	1.9360880365423738
0	-0.55	1.5777163199683502
0	-0.65	1.8782827011083476
0	-0.65	2.0594094338460303
0	-0.6	1.5213108184358017
0	-0.6	1.560190489377917
0	-0.6	1.5939219609039748
0	-0.55	1.5378748976042729
0	-0.65	1.9047790369269209
0	-0.6	1.544757750090202
0	-0.4	0.5741592200110412
0	-0.5	1.1652121711731032
0	-0.65	2.035923557344788
0	-0.45	0.9863357123401973
0	-0.45	0.8973975538867272
0	-0.55	1.5797629494648946
0	-0.6	1.5086081675789058
0	-0.65	1.9016751502764409
0	-0.45	0.8365581472405094
0	-0.45	0.9435677765762752
0	-0.5	1.160004985385217
0	-0.55	1.4093322051157782
0	-0.4	0.6761445449459091
0	-0.5	1.1177491067901508
0	-0.45	0.8485613957297187
0	-0.5	1.141550504308776
0	-0.6	1.601328924069981
0	-0.65	1.9404131877442152
0	-0.65	1.9991551876267026
0	-0.6	1.5318552466932633
0	-0.6	1.6173372847076273
0	-0.55	1.4969813385832664
0	-0.5	1.1233084324164215
0	-0.65	1.8291505186587644
0	-0.6	1.4844691532923657
0	-0.7	2.0860318664202135
0	-0.55	1.506474622725622
0	-0.45	0.8763783982514881
0	-0.55	1.5340430055969418
0	-0.6	1.5422326917621008
0	-0.65	2.0809716681232078
0	-0.65	2.05804534993614
0	-0.6	1.5757028118130132
0	-0.6	1.5807640609131866
0	-0.45	0.8616673807321393
0	-0.6	1.6580032093540347
0	-0.65	2.041782402421115
0	-0.45	0.7946467985995251
0	-0.55	1.5146906454663964
0	-0.55	1.437908813713793
0	-0.45	0.8732974363514755
0	-0.6	1.51359771317849
0	-0.55	1.574836924832287
0	-0.55	1.4766855370137415
0	-0.55	1.481692839931024
0	-0.6	1.5139579078787468
0	-0.6	1.5340575437522301
0	-0.65	2.0456685871152223
0	-0.65	1.8085230171768187
0	-0.5	1.1627722694345057
0	-0.65	2.0550858011498216
0	-0.7	2.0942536421019056
0	-0.55	1.4992549169518161
0	-0.65	1.9980928347643068
0	-0.6	1.4477684539947686
0	-0.65	1.9578887104661642
0	-0.65	1.8834200603371742
0	-0.65	2.008220809767562
0	-0.6	1.595032918369751
0	-0.7	2.083423528786973
0	-0.6	1.5261909592196246
0	-0.55	1.4827474175588653
0	-0.6	1.4808989457532353
0	-0.6	1.569791411735123
0	-0.65	1.9021727573184184
0	-0.65	2.0403275788790705
0	-0.6	1.5684138400986434
0	-0.45	0.9882572536911227
0	-0.7	2.1282666821618905
0	-0.6	1.4909428994552898
0	-0.65	1.8773452821187409
0	-0.45	0.8797762761092375
0	-0.65	2.0582170992965487
0	-0.6	1.5218241034677518
0	-0.5	1.1194486566992432
0	-0.6	1.5333880501067043
0	-0.65	2.002578215189995
0	-0.5	1.15212456089041
0	-0.6	1.6335566892174014
0	-0.7	2.002410556827648
0	-0.6	1.5241425093020255
0	-0.5	1.1290835382458029
0	-0.7	2.0994656052954697
0	-0.7	2.1671759197981313
0	-0.5	1.2049430597247786
0	-0.65	2.0194936990459853
0	-0.7	2.2044037362772517
0	-0.5	1.1353806719528443
0	-0.7	2.1215206249962897
0	-0.6	1.5215806111410257
0	-0.6	1.4334607522601888
0	-0.6	1.5093758870864697
0	-0.7	2.0587812113550044
0	-0.65	1.9974376184648668
0	-0.65	1.9023780512056327
0	-0.65	1.9319115743985644
0	-0.6	1.4641592547497861
0	-0.4	0.6617391883905113
0	-0.7	2.1668379313157864
0	-0.65	1.8626043834748225
0	-0.45	0.8094951246454515
0	-0.55	1.5150523723205578
0	-0.5	1.176138178752979
0	-0.7	2.1223797960988997
0	-0.5	1.1751960121528102
0	-0.65	1.992303452652796
0	-0.6	1.471207021872631
0	-0.7	2.021867694314029
0	-0.5	1.2144750729046339
0	-0.5	1.133175202623827
0	-0.55	1.640338551926049
0	-0.6	1.4558653298209763
0	-0.55	1.5464895651026798
0	-0.5	1.1184331032568942
0	-0.7	2.1959562530528998
0	-0.65	1.8849897031119323
0	-0.45	0.8759839410470903
0	-0.55	1.5633116647026146
0	-0.65	1.981282021267467
0	-0.7	2.2013271655912985
0	-0.6	1.5111815290137764
0	-0.7	2.192099275163743
0	-0.55	1.5376279333302483
0	-0.65	1.8787032618730353
0	-0.75	2.312235637105086
0	-0.65	1.897867572847161
0	-0.65	1.9689228752292596
0	-0.5	1.1696206116530503
0	-0.6	1.5264623731782911
0	-0.6	1.5824378736796894
0	-0.7	2.072117354026216
0	-0.7	2.031090993012743
0	-0.65	1.9481760262640415
0	-0.65	1.9750836734155128
0	-0.5	1.1877229900735131
0	-0.7	2.1427675669838773
0	-0.65	1.9770149314486214
0	-0.6	1.5378666207741953
0	-0.5	1.1005391989774729
0	-0.6	1.5582432477589971
0	-0.65	1.927507920887877
0	-0.5	1.1053571440399133
0	-0.6	1.6044125298793719
0	-0.6	1.5518401869488896
0	-0.65	1.9818026692283874
0	-0.6	1.6378987291334361
0	-0.65	1.9618517076709447
0	-0.7	1.9479867410557405
0	-0.7	2.2488992618103447
0	-0.55	1.564081810498637
0	-0.75	2.4746605459449094
0	-0.7	2.0644989894019115
0	-0.7	2.106913371770246
0	-0.6	1.559043072145325
0	-0.7	2.171031360156972
0	-0.65	2.0288484962871483
0	-0.7	2.151390936046058
0	-0.7	2.1097585153057286
0	-0.75	2.4390967685589797
0	-0.65	2.008543709816256
0	-0.6	1.5433734226676177
0	-0.65	1.9700365350683242
0	-0.65	2.00364598356711
0	-0.65	2.0163814398309974
0	-0.7	2.064893396113402
0	-0.7	2.0342710834612494
0	-0.5	1.184025531687444
0	-0.65	1.9456928618050087
0	-0.75	2.265361863778992
0	-0.7	2.003230956587852
0	-0.65	1.9428127325819988
0	-0.5	1.1694547819776981
0	-0.7	2.2904864216127723
0	-0.65	1.9320609738926473
0	-0.55	1.450113288258523
0	-0.7	2.1260615608666917
0	-0.65	2.0208023129292223
0	-0.55	1.5586017025813288
0	-0.65	2.0130671615639204
0	-0.75	2.3618376928547438
0	-0.75	2.417881176283602
0	-0.55	1.5487692863737548
0	-0.75	2.3600690971887466
0	-0.65	1.8536618767500317
0	-0.55	1.5191556179405314
0	-0.75	2.4103466316494786
0	-0.7	2.1348375010875213
0	-0.75	2.2952753588066273
0	-0.55	1.502459982471525
0	-0.75	2.383496237007797
0	-0.65	2.0392806252291305
0	-0.65	1.9078198772542296
0	-0.7	2.050651986717715
0	-0.65	2.01024944935593
0	-0.7	2.2229690307536565
0	-0.7	2.1283623411520973
0	-0.75	2.421865019492891
0	-0.45	0.9052960367806526
0	-0.65	2.0172699516930948
0	-0.7	2.0471080502529766
0	-0.55	1.4211354533866687
0	-0.6	1.567597966707344
0	-0.75	2.4078003568518027
0	-0.7	2.103930479278483
0	-0.5	1.1440052355168944
0	-0.55	1.482195718366953
0	-0.75	2.4052169184004346
0	-0.65	1.970263680661908
0	-0.55	1.5601311564269449
0	-0.6	1.534083173698132
0	-0.55	1.5876808118549646
0	-0.75	2.3228114802683075
0	-0.6	1.4907931810447317
0	-0.65	1.9239410056087316
0	-0.55	1.4863600149098029
0	-0.7	2.0200577093586203
0	-0.5	1.1598094627014566
0	-0.7	2.1549832363498713
0	-0.8	2.9569583715856824
0	-0.65	2.013201770152825
0	-0.75	2.434145666039199
0	-0.6	1.6475237165666112
0	-0.75	2.4185699112758265
0	-0.6	1.518721582562501
0	-0.7	2.186054406331451
0	-0.7	1.9722286053203881
0	-0.7	2.1876447534061247
0	-0.55	1.554846155837595
0	-0.75	2.373580929830733
0	-0.7	2.0762024852039183
0	-0.65	1.9272439663055934
0	-0.65	2.004304771453439
0	-0.75	2.3274253012994257
0	-0.55	1.5602599437164617
0	-0.7	2.033134385048705
0	-0.75	2.3931079696742623
0	-0.65	1.890442752331979
0	-0.7	2.086754600571439
0	-0.55	1.4940982654778883
0	-0.65	1.7799851934009465
0	-0.55	1.5237437442669404
0	-0.7	1.9594278460146834
0	-0.7	2.0831474877987906
0	-0.65	2.029088354482408
0	-0.65	1.9543590541725409
0	-0.65	2.0667825006637672
0	-0.7	2.1648138506170485
0	-0.75	2.5607669975629235
0	-0.75	2.3385445696719045
0	-0.6	1.5123066167815742
0	-0.8	3.1478699648214916
0	-0.75	2.333326736992776
0	-0.75	2.3471986941220386
0	-0.75	2.2641662205690314
0	-0.65	1.9555703526909543
0	-0.7	2.1898342022682784
0	-0.75	2.5263048223438918
0	-0.75	2.538387345125141
0	-0.8	2.965124596078911
0	-0.65	2.059946960127669
0	-0.7	2.1175628749937143
0	-0.7	2.0163752236155856
0	-0.75	2.2637034333377377
0	-0.7	2.065948711260066
0	-0.7	2.169796396135777
0	-0.75	2.240449989881489
0	-0.8	2.942222506843984
0	-0.55	1.4915673872289157
0	-0.7	2.0462483101039184
0	-0.75	2.3933640368087685
0	-0.7	2.2650281787530426
0	-0.75	2.2960170880080293
0	-0.55	1.534304862614639
0	-0.7	2.116606525363572
0	-0.75	2.288817168639198
0	-0.6	1.5344583082924026
0	-0.7	2.1515659156678284
0	-0.6	1.524533582403782
0	-0.7	2.219369915751248
0	-0.8	2.9102208941421672
0	-0.8	3.021761205421938
0	-0.6	1.4818629489059543
0	-0.8	2.956788164567091
0	-0.6	1.5492403106996537
0	-0.7	1.9884276143044681
0	-0.8	2.968913265274155
0	-0.8	2.9368540476062006
0	-0.75	2.306437169226654
0	-0.6	1.4220897577150633
0	-0.8	2.991448419657826
0	-0.75	2.362687386006782
0	-0.7	2.114833134327427
0	-0.75	2.3107879512328
0	-0.7	2.082371652971092
0	-0.75	2.367364031024468
0	-0.7	2.033953598587351
0	-0.8	3.062792226502966
0	-0.5	1.0294916861266419
0	-0.7	2.101642984565798
0	-0.75	2.3801872573246796
0	-0.6	1.6103251412905129
0	-0.75	2.350857853135623
0	-0.8	2.9905459589571977
0	-0.65	1.9731284435799665
0	-0.6	1.5346455973869406
0	-0.55	1.5425857060442483
0	-0.8	2.9961084124961133
0	-0.7	2.1178538188480407
0	-0.6	1.526745685731288
0	-0.65	1.915249762070203
0	-0.8	2.9820235387656457
0	-0.6	1.5115786315417319
0	-0.65	2.0509079179792638
0	-0.6	1.335042445487721
0	-0.75	2.4988733623873878
0	-0.7	2.0862931807935383
0	-0.85	3.194147432419364
0	-0.75	2.3805701097483825
0	-0.55	1.4688545566073472
0	-0.7	2.1418657633094735
0	-0.8	2.9787069293098125
0	-0.8	3.086987031380633
0	-0.75	2.289070809967066
0	-0.75	2.3351645747642826
0	-0.65	1.9104297879365162
0	-0.8	2.9630274073969
0	-0.65	1.854189757334614
0	-0.6	1.578925591616512
0	-0.75	2.4223064030270494
0	-0.75	2.2808951760522156
0	-0.8	2.9726621754922524
0	-0.7	2.0894907935350813
0	-0.7	2.0324421836923823
0	-0.6	1.5617666048325634
0	-0.75	2.413448543676955
0	-0.8	2.909356357215568
0	-0.7	2.100486790324654
0	-0.75	2.355160541715883
0	-0.6	1.6431547906039523
0	-0.7	2.111481470061135
0	-0.75	2.3318718783531485
0	-0.6	1.6408425709627046
0	-0.75	2.4451550305166285
0	-0.7	2.135908016913095
0	-0.7	2.084337427234108
0	-0.7	2.162077199799168
0	-0.75	2.2974219716429345
0	-0.8	2.8954223935308816
0	-0.8	3.080764861003646
0	-0.65	1.9687136715463522
0	-0.85	3.2232879382556168
0	-0.8	2.9741564872969612
0	-0.8	3.1134277564218977
0	-0.8	3.0104172682770174
0	-0.7	2.019086992997969
0	-0.75	2.540235765006683
0	-0.8	2.9349864723193426
0	-0.85	3.2406718465972832
0	-0.8	2.966992553018502
0	-0.7	2.0950959717623934
0	-0.75	2.3560349612090645
0	-0.8	2.961984706218412
0	-0.75	2.4028783230544986
0	-0.75	2.3695772262769825
0	-0.8	2.986584767502631
0	-0.75	2.373209867202391
0	-0.85	3.1495617970975927
0	-0.6	1.5383847348230901
0	-0.8	3.0676251333725166
0	-0.75	2.385044229791022
0	-0.8	3.129521758991294
0	-0.8	2.928915709912325
0	-0.75	2.335832584868666
0	-0.75	2.317409288001781
0	-0.6	1.5032769747271646
0	-0.65	1.9461163839670852
0	-0.75	2.2943092177470366
0	-0.85	3.280262498106039
0	-0.65	2.0489659137023497
0	-0.85	3.2592844672987216
0	-0.65	1.9823787859727116
0	-0.75	2.459606498066912
0	-0.85	3.1958069687813535
0	-0.65	1.920070179053047
0	-0.85	3.2460605124724555
0	-0.75	2.3976619684907217
0	-0.85	3.1367587203543468
0	-0.85	3.264196219476304
0	-0.65	1.9421601389642749
0	-0.8	2.95141936025577
0	-0.8	3.037931858117582
0	-0.8	2.9998985188559057
0	-0.8	2.980206865235916
0	-0.75	2.4105497000434952
0	-0.75	2.5644286686651068
0	-0.85	3.23310658196396
0	-0.75	2.426385491201108
0	-0.55	1.5986104235627134
0	-0.8	3.017804651100588
0	-0.75	2.4442078430005325
0	-0.65	2.05469816010411
0	-0.8	2.844351672176541
0	-0.85	3.097920085002351
0	-0.7	2.1738273223423237
0	-0.65	1.9684626001975793
0	-0.85	3.1081465103298944
0	-0.6	1.5326752427261727
0	-0.75	2.371003539418388
0	-0.65	2.035118702928857
0	-0.85	3.182218924432557
0	-0.7	2.091962091823558
0	-0.65	1.965016016014561
0	-0.7	2.0665945983501444
0	-0.9	3.6700028374530733
0	-0.8	2.943709694936538
0	-0.65	2.02216964310484
0	-0.75	2.4978008387503285
0	-0.8	3.0389242904964955
0	-0.8	3.0658871382577977
0	-0.85	3.24461268448124
0	-0.8	2.911676870259667
0	-0.75	2.3352546848418334
0	-0.6	1.5658174924256205
0	-0.85	3.2233920695384066
0	-0.85	3.4123804605271744
0	-0.85	2.971006869281603
0	-0.65	1.9310912232455408
0	-0.7	2.0972364009056914
0	-0.65	2.03062268968114
0	-0.7	2.170115776139644
0	-0.8	3.0674854951106547
0	-0.75	2.4090268916132787
0	-0.75	2.3405373963403493
0	-0.8	3.0185742190082876
0	-0.85	3.0877453141335507
0	-0.8	3.1246424631396583
0	-0.75	2.260934181223121
0	-0.8	3.0651976656272293
0	-0.65	1.8761104642754427
0	-0.75	2.3371338847978262
0	-0.8	3.0266414053991464
0	-0.8	2.945533159364732
0	-0.65	2.003896152290374
0	-0.75	2.2835402668319924
0	-0.75	2.3633204889737605
0	-0.75	2.525517499359767
0	-0.85	3.226478497509599
0	-0.85	3.162057533344304
0	-0.8	2.903725641364275
0	-0.7	2.1496671793282696
0	-0.85	3.2890568926118497
0	-0.9	3.4999509607584867
0	-0.85	3.1574971533112968
0	-0.85	3.126214289884266
0	-0.75	2.295595990518176
0	-0.8	2.8620371356928582
0	-0.85	3.1421434536152906
0	-0.9	3.5620619554277835
0	-0.85	3.261223509970297
0	-0.75	2.3980359668140707
0	-0.85	3.2349040506506537
0	-0.8	2.9046069418546567
0	-0.8	2.9869559195432034
0	-0.8	3.048643734087798
0	-0.85	3.23918961247029
0	-0.9	3.5771242634888987
0	-0.8	3.0251373586078194
0	-0.85	3.2569709805834237
0	-0.65	1.9509136193742622
0	-0.8	2.9858866851916286
0	-0.85	3.1027659356836335
0	-0.85	3.168124034193196
0	-0.8	2.970227513385503
0	-0.8	2.9474159556170245
0	-0.7	2.0967038382945984
0	-0.65	1.9617877101631693
0	-0.9	3.525425273662747
0	-0.8	3.0206551620375555
0	-0.7	2.1166245785540303
0	-0.7	2.0424689988368323
0	-0.9	3.330170247632908
0	-0.9	3.497519283092036
0	-0.8	2.8943779836179875
0	-0.7	2.0435214669803794
0	-0.9	3.420647747380413
0	-0.9	3.5012219002640395
0	-0.8	2.884405925928558
0	-0.9	3.4343983209585374
0	-0.7	2.096572349218779
0	-0.85	3.172051330755943
0	-0.85	3.25790428482154
0	-0.85	3.2658631220173753
0	-0.85	3.1786826348474664
0	-0.9	3.438776870872987
0	-0.8	3.0459176673175326
0	-0.8	2.964586327951997
0	-0.8	2.9246887894855074
0	-0.6	1.6153686740073885
0	-0.85	3.256090462045505
0	-0.85	3.182933659131412
0	-0.8	2.93588628649874
0	-0.7	2.1003142947408846
0	-0.9	3.451529796899056
0	-0.75	2.265768443826899
0	-0.7	2.061947824894146
0	-0.9	3.5113498313217932
0	-0.65	1.8600209915465218
0	-0.9	3.5327451601668822
0	-0.75	2.4398791091063163
0	-0.8	3.070601361441841
0	-0.7	2.2311223759621446
0	-0.95	3.511364890091047
0	-0.75	2.3837038937030237
0	-0.7	2.1378298423996145
0	-0.85	3.241204998310751
0	-0.7	2.0213359146330405
0	-0.85	3.3028731518793446
0	-0.8	2.882239052019618
0	-0.85	3.2300181834083217
0	-0.85	3.205876279157368
0	-0.9	3.405530055839669
0	-0.8	2.920532372551755
0	-0.9	3.4379901974173186
0	-0.9	3.4323436425429605
0	-0.65	1.9192866405637379
0	-0.7	2.1648781384833407
0	-0.9	3.5606820616199264
0	-0.7	2.241544034585575
0	-0.9	3.5462136522946786
0	-0.75	2.3690612033595086
0	-0.85	3.135210172775621
0	-0.8	2.9715361144753136
0	-0.8	2.955312575766787
0	-0.85	3.3439523702704865
0	-0.75	2.278866386710895
0	-0.85	3.076100648540968
0	-0.8	2.9524250348514687
0	-0.7	2.192448458724164
0	-0.85	3.2550248426818778
0	-0.8	3.075384201760825
0	-0.85	3.1838226447435014
0	-0.85	3.1514771939384936
0	-0.8	2.9894127385174336
0	-0.7	2.154779138448758
0	-0.8	3.0212049383149053
0	-0.8	3.0046727551341172
0	-0.75	2.272013144208548
0	-0.9	3.5015651144439643
0	-0.9	3.6948551729247123
0	-0.9	3.5985990400568193
0	-0.85	3.4168644248042086
0	-0.95	3.538266717777841
0	-0.9	3.5337118899566886
0	-0.9	3.43253977693297
0	-0.8	2.8472403494821217
0	-0.9	3.5500547247302707
0	-0.85	3.176121784366821
0	-0.95	3.5104495397202
0	-0.8	3.0648860178626123
0	-0.9	3.6363766538789375
0	-0.9	3.5351039315939747
0	-0.85	3.0907664032169344
0	-0.85	3.074558337565639
0	-0.85	3.219943690724024
0	-0.9	3.561070934960272
0	-0.95	3.5787444459349897
0	-0.9	3.4740403740323496
0	-0.7	2.213037741099174
0	-0.85	3.1441406662723717
0	-0.9	3.437216541098458
0	-0.85	3.2841818741887865
0	-0.9	3.5050757265547525
0	-0.85	3.3069624999270486
0	-0.95	3.423174289875258
0	-0.75	2.295519686603367
0	-0.85	3.170931032935493
0	-0.7	2.0484084582168474
0	-0.85	3.2090332204018868
0	-0.75	2.2756062563865456
0	-0.75	2.435264557060377
0	-0.95	3.5638050269935855
0	-0.95	3.644231951705252
0	-0.95	3.473579923005554
0	-0.85	3.3968427363684457
0	-0.75	2.3870317402102335
0	-0.95	3.5298058515770245
0	-0.95	3.5597479316918808
0	-0.85	3.197613128117452
0	-0.75	2.402550917698483
0	-0.9	3.5457768062024067
0	-0.9	3.3893624495730976
0	-0.9	3.459297646067705
0	-0.9	3.3609502273689515
0	-0.95	3.5595319259819718
0	-0.85	3.1685364912820324
0	-0.85	3.0944830071289027
0	-0.65	2.1796726857544577
0	-0.85	3.0346146667488636
0	-0.9	3.511692259953212
0	-0.9	3.6825640827896398
0	-0.75	2.406638127237623
0	-0.85	3.139233021739255
0	-0.95	3.54666279469845
0	-0.8	2.9296177041922036
0	-0.75	2.275998037581124
0	-0.95	3.50771168871929
0	-0.95	3.584406696300002
0	-0.8	3.0737588976710146
0	-0.7	2.1341617159698534
0	-0.75	2.4469188364820993
0	-0.85	3.1382316107238517
0	-1.0	4.1029278687733886
0	-0.8	3.032835869774161
0	-0.9	3.3477051531587088
0	-0.75	2.487184197873899
0	-0.75	2.4522946755792976
0	-0.9	3.484451470406241
0	-0.9	3.359453695167925
0	-0.85	3.156001095139501
0	-0.9	3.3351271222628593
0	-0.95	3.5910760034699676
0	-0.95	3.5841334321039584
0	-0.85	3.24926259146675
0	-0.75	2.411327926501245
0	-0.95	3.4573587898312104
0	-0.95	3.648858054060569
0	-0.95	3.6379514695020263
0	-0.75	2.3815436566711066
0	-0.7	2.062927954571366
0	-0.9	3.4259179451912263
0	-0.9	3.500025185819099
0	-0.85	3.217700115827106
0	-0.85	2.9636659398156784
0	-0.8	2.957602029993671
0	-0.8	3.20162698776877
0	-0.9	3.540704426910667
0	-0.85	3.0929437233067323
0	-0.75	2.5289072838857836
0	-0.9	3.3855362926378287
0	-0.9	3.4132878843700993
0	-0.85	3.254570988933356
0	-0.85	3.2272491741552773
0	-0.85	3.081794118184148
0	-0.9	3.531168757824709
0	-0.75	2.4478773880521842
0	-0.85	3.170357566863532
0	-0.8	2.9569172930833054
0	-0.95	3.5291306316319484
0	-0.95	3.5425427112159813
0	-0.9	3.47739938650884
0	-0.95	3.5948286999373815
0	-0.95	3.5510905629480645
0	-1.0	4.002782148681568
0	-0.95	3.628109527265468
0	-0.85	3.2201047154592746
0	-0.95	3.494294872875295
0	-1.0	4.135751405715525
0	-0.9	3.555078422198947
0	-0.85	3.2532407581137286
0	-0.95	3.5847101600289903
0	-0.95	3.6626733464586327
0	-0.9	3.42927539840193
0	-1.0	4.090210851259673
0	-0.9	3.456418215196206
0	-0.95	3.428930782206482
0	-0.9	3.444474539193648
0	-0.95	3.419063908431926
0	-0.75	2.4303655786021454
0	-0.95	3.581636674540757
0	-0.9	3.5569596055317345
0	-0.95	3.4572892277358855
0	-0.9	3.4433392517674206
0	-0.9	3.40119274660092
0	-1.0	4.141251840452155
0	-0.8	3.0313066250850493
0	-0.9	3.4889087947615747
0	-0.75	2.369903405942057
0	-0.8	3.079753597645253
0	-0.9	3.5658840106785172
0	-0.8	2.905143822536714
0	-1.0	4.039423904764233
0	-1.0	4.1032455158263135
0	-1.0	4.157979373188015
0	-0.8	2.916532175209008
0	-0.9	3.5594639873091296
0	-1.0	4.126202517460663
0	-1.0	4.080284784060766
0	-0.9	3.3687238274601543
0	-0.95	3.6394275485062093
0	-0.95	3.533873847138562
0	-0.8	3.0432034339584355
0	-0.95	3.662404218314648
0	-0.95	3.5095674817258375
0	-1.0	4.225275103413904
0	-0.9	3.4287193902077715
0	-0.7	2.1406308884254566
0	-0.9	3.5602530199507005
0	-0.95	3.612280310415795
0	-0.95	3.6414925418357225
0	-0.9	3.5292828250113506
0	-0.8	3.0729862973594173
0	-1.0	4.182939942283878
0	-0.9	3.5075448895827566
0	-0.8	2.8981710796728106
0	-0.85	3.1885927130230693
0	-1.0	4.25128120935978
0	-1.0	4.170070562557232
0	-0.85	3.2420357435965297
0	-0.8	3.0187720125426067
0	-0.75	2.4004197879406717
0	-1.05	4.813604537171906
0	-0.9	3.3903654769459397
0	-0.85	3.159113811390837
0	-0.95	3.5067459644222003
0	-0.95	3.49843490612534
0	-0.8	3.135645669791995
0	-0.8	3.0278936033667256
0	-0.95	3.540051857179304
0	-0.9	3.5974707624336757
0	-1.0	4.187043220075078
0	-0.95	3.770306906040311
0	-1.0	4.109807728489194
0	-0.8	3.1033230306823127
0	-0.9	3.2843650369210664
0	-1.0	3.8814752756417783
0	-1.0	3.997603433596746
0	-1.0	4.191252688246803
0	-0.8	3.036440279327729
0	-0.95	3.5909290881927487
0	-0.75	2.415747874266333
0	-0.95	3.6587265654265386
0	-0.9	3.364201119184212
0	-0.9	3.63465730502479
0	-0.85	3.2100968111396164
0	-0.85	3.331824035771708
0	-0.95	3.7395729337813326
0	-0.9	3.437199256041305
0	-0.95	3.662908683767286
0	-0.8	3.040308849070855
0	-0.95	3.662632662228782
0	-0.9	3.543377383156953
0	-0.9	3.578079010255829
0	-0.9	3.485312146364793
0	-0.95	3.6532336765143145
0	-0.8	2.968530654331967
0	-0.9	3.4657502090509262
0	-1.0	4.223399070436208
0	-0.85	3.2338913459267418
0	-1.0	4.002670658623211
0	-1.0	4.193131195920487
0	-1.0	4.129503230692808
0	-1.05	4.8056092990359005
0	-0.95	3.6001049103384566
0	-1.0	4.0723279855730405
0	-1.0	4.192603559957013
0	-0.9	3.338841589074049
0	-1.05	4.72354319484994
0	-0.95	3.62588221561353
0	-1.0	4.145796659450783
0	-0.9	3.5501172994696013
0	-1.0	4.1841103677964195
0	-1.05	4.681862484806942
0	-1.0	4.027365076633749
0	-0.95	3.6362745031025456
0	-0.95	3.474258669935167
0	-0.95	3.3719896849614845
0	-1.0	4.123085079221597
0	-1.0	4.122252802378053
0	-0.8	2.9488769129525045
0	-1.05	4.626685086869861
0	-1.0	4.0252813150509255
0	-0.95	3.5720239921686967
0	-0.95	3.5645513491096996
0	-0.95	3.527995051846465
0	-0.85	3.2154262531715454
0	-0.95	3.701487239181294
0	-0.85	3.2141403691169512
0	-0.8	3.0440233872079347
0	-0.95	3.521441729926897
0	-1.05	4.738912862976447
0	-1.05	4.685636135892565
0	-0.85	3.2557314190204427
0	-1.05	4.78178256263738
0	-0.85	3.303126856223289
0	-1.05	4.488327615376817
0	-0.95	3.513260108596858
0	-1.05	4.902735019967544
0	-1.0	4.043504832964389
0	-1.0	4.178379313389174
0	-0.95	3.5097582301608803
0	-1.0	4.219923877603941
0	-0.85	3.0360965338568615
0	-1.05	4.577091134965656
0	-1.0	4.207036719888514
0	-1.0	4.312287080740651
0	-0.95	3.559866635315983
0	-1.0	4.178777356438998
0	-0.75	2.4547154817916517
0	-0.95	3.5995177474850473
0	-0.85	3.1246470862449063
0	-0.95	3.470694056015107
0	-1.05	4.754772952933892
0	-0.95	3.5500521202706525
0	-0.85	3.263998587052327
0	-0.9	3.475950519452849
0	-1.05	4.7904099513068
0	-1.05	4.847297192012004
0	-0.9	3.6308408459558237
0	-1.1	4.999429059737368
0	-0.85	3.1639848826582706
0	-0.8	2.8834244127177713
0	-0.95	3.5985643470157775
0	-1.0	4.251700855191928
0	-0.9	3.4485677552180523
0	-1.0	4.149422191678012
0	-0.85	3.1969844416036275
0	-1.0	4.007595004254175
0	-0.85	3.2165127028168046
0	-1.05	4.770030676801252
0	-1.05	4.7945007243516695
0	-1.0	3.9534589829524953
0	-0.85	3.2079782061810596
0	-1.05	4.688604095197985
0	-1.05	4.742959635577713
0	-0.95	3.584811975423104
0	-1.05	4.729827823896948
0	-1.0	3.9213372313540154
0	-0.85	3.1773973662877912
0	-1.0	4.1163797022981194
0	-0.95	3.6443438596472437
0	-0.95	3.4996224495932373
0	-0.8	3.0117962812099064
0	-0.9	3.487845016271138
0	-0.95	3.588868622454759
0	-0.9	3.7412882160485217
0	-1.0	4.031099702117919
0	-1.0	4.166149812039848
0	-0.95	3.5383363312414495
0	-0.85	3.0673573948121886
0	-0.95	3.6593027443070825
0	-0.95	3.6091179063066896
0	-1.0	4.159833160974432
0	-1.05	4.711332771211661
0	-0.95	3.526112110487672
0	-1.0	4.113739764892794
0	-0.9	3.6516576551244286
0	-1.05	4.667649880344467
0	-0.85	3.2299342275477647
0	-1.1	4.844630954134135
0	-1.05	4.725514113261094
0	-1.05	4.735025575843067
0	-1.0	4.101880507641232
0	-1.05	4.663986283399614
0	-1.05	4.821507130248635
0	-1.1	4.977431961505339
0	-0.95	3.7857574821299407
0	-1.0	4.070098666282674
0	-1.05	4.865870491792139
0	-0.95	3.6121040357095118
0	-1.05	4.686226635764913
0	-1.1	4.876917701201842
0	-1.05	4.936683100958238
0	-1.0	4.229439728959509
0	-1.05	4.582925780213338
0	-1.0	4.164560632224309
0	-1.05	4.534259742691956
0	-1.0	4.101223499355339
0	-0.85	3.2465863519468194
0	-1.1	4.91421455859841
0	-1.05	4.503110509799303
0	-1.0	4.197098934086359
0	-1.0	4.208158393100043
0	-1.0	3.984620489856258
0	-0.9	3.5187510955095385
0	-0.9	3.4376773172788666
0	-1.0	4.089568604432018
0	-0.85	3.237045469964902
0	-1.0	3.9376609292484006
0	-1.1	5.2006326354188435
0	-1.1	4.986025165412057
0	-1.1	4.82454948205645
0	-0.9	3.538167895605379
0	-0.9	3.4871375799010345
0	-1.1	5.195194255065826
0	-1.1	4.995492189440413
0	-1.0	4.171558223631737
0	-1.05	4.880348846574289
0	-1.05	5.0248938868782345
0	-1.05	4.753848163314883
0	-1.0	4.122747523259034
0	-0.9	3.539220490483116
0	-1.1	4.945226200143114
0	-1.05	4.716881258201274
0	-1.05	4.6336323071756675
0	-1.05	4.728609395313637
0	-0.9	3.3945788635550995
0	-0.8	2.9202053932172993
0	-1.0	3.895538407464073
0	-1.0	4.296930224748602
0	-1.1	4.783913510875045
0	-1.0	4.07247271696509
0	-1.1	4.871563679119898
0	-1.0	4.033769298603064
0	-0.9	3.3578549569468805
0	-0.95	3.578873526025481
0	-1.1	5.039804307603135
0	-1.15	4.898429802137966
0	-0.95	3.5145849127367685
0	-0.9	3.4466304723760253
0	-1.05	4.585387882702962
0	-1.0	4.057435372066876
0	-0.95	3.472245695742771
0	-0.85	3.2358613502977684
0	-1.05	4.666182322092664
0	-1.05	4.5263197648930475
0	-0.9	3.2996839081598814
0	-0.9	3.439526596600653
0	-1.1	4.761595777037
0	-0.9	3.217032035109771
0	-1.1	4.847125429727199
0	-1.1	5.17266665485709
0	-1.05	4.8199906820127465
0	-1.0	4.139751056682866
0	-1.1	4.772737819042793
0	-1.0	4.080867038020139
0	-1.1	4.86902043847198
0	-1.05	4.832061685068693
0	-0.9	3.4148890647279733
0	-1.05	4.84533075919819
0	-1.0	3.9380976216416954
0	-1.0	4.0867940926360005
0	-0.85	3.0597755504256123
0	-0.95	3.716816766522486
0	-1.0	4.31020362865774
0	-1.05	4.791982656255386
0	-1.1	5.096121787238638
0	-0.95	3.5703991283816983
0	-1.05	4.638485237614148
0	-1.0	4.019827144674249
0	-1.0	4.111082134869526
0	-0.9	3.3822557505394055
0	-1.0	4.161772671731397
0	-1.1	4.896192058062288
0	-1.05	4.742769103929376
0	-0.95	3.613108609062446
0	-1.0	4.170267545339865
0	-1.05	4.829753066336199
0	-0.9	3.476629988546849
0	-1.15	4.904342726197818
0	-1.1	4.877008212239296
0	-1.1	5.14483912121793
0	-1.05	4.884577253269328
0	-1.1	5.000583366325301
0	-1.15	5.009979478602799
0	-1.1	5.218065093476145
0	-1.0	4.222311816987864
0	-1.1	4.822052787473681
0	-1.05	4.692892472692137
0	-1.0	4.352034230327929
0	-1.1	5.09656114815958
0	-1.15	4.713214776448277
0	-1.1	4.939032856563636
0	-1.1	4.930606364629518
0	-1.05	4.928204645571757
0	-1.05	4.771480496954936
0	-1.1	4.809982547403347
0	-1.15	5.084270978789392
0	-1.05	4.711216216229046
0	-0.9	3.4604451205647613
0	-1.1	4.9352644755472985
0	-1.05	4.628532628844937
0	-1.05	4.8009101917781605
0	-0.95	3.612426784518957
0	-0.95	3.550406001104926
0	-1.05	4.5751215926703575
0	-1.05	4.905655237058352
0	-1.15	4.8704638076856925
0	-0.9	3.53383529292559
0	-1.15	5.030952678421958
0	-1.15	4.909828961908571
0	-1.05	4.913131491441388
0	-0.95	3.4862921778025155
0	-1.15	4.996930100994161
0	-1.15	4.917504376320716
0	-0.95	3.4358203813906387
0	-1.05	4.798876461413704
0	-1.1	4.947534265625971
0	-1.1	4.832876623766852
0	-1.1	4.987428353418728
0	-0.95	3.4918216795810655
0	-1.15	4.923825308748131
0	-1.05	4.6563475218476365
0	-1.1	4.797432237773227
0	-1.1	4.98962141639546
0	-0.95	3.5163778883457235
0	-1.1	4.7718713758669935
0	-0.85	3.2064581951164346
0	-1.05	4.839787142759221
0	-1.15	5.110310060820162
0	-1.15	5.080826380724198
0	-0.95	3.458206303489775
0	-1.05	4.75531664550252
0	-1.0	4.123069620358633
0	-1.05	4.783596545996578
0	-1.15	5.0262806384576075
0	-1.2	5.5938950880910285
0	-1.0	4.132910183795334
0	-1.1	4.936896720892006
0	-0.95	3.6667493990885704
0	-1.0	4.224765845994574
0	-1.05	4.851674164741049
0	-1.1	4.855777556520882
0	-0.9	3.497003110734861
0	-1.1	4.817840737696654
0	-0.95	3.4889237525256527
0	-1.15	5.0439314140064155
0	-0.95	3.4608296022512697
0	-0.95	3.562314681818091
0	-1.15	5.20078063470735
0	-1.15	4.949549970767625
0	-1.15	5.011114491762023
0	-1.1	4.872642979338413
0	-1.05	4.787247097362474
0	-1.05	4.748304264620295
0	-1.1	4.797759932880109
0	-1.15	5.015686417631872
0	-0.95	3.477582887802697
0	-1.1	4.862414981862769
0	-1.05	4.733698984717917
0	-1.05	4.769740527334991
0	-0.9	3.4402209961000176
0	-1.05	4.650630550606319
0	-1.0	3.9692710329802536
0	-1.1	4.918777382062435
0	-1.15	4.8490670258959705
0	-1.05	4.545913608298684
0	-1.05	4.920186244837424
0	-1.0	3.9922441305945466
0	-1.1	4.89317029265053
0	-1.0	4.258809495122444
0	-1.15	5.01243589914181
0	-1.05	4.767646411338798
0	-0.95	3.6360907383577543
0	-1.1	5.108533865875831
0	-1.05	4.819260541711504
0	-1.1	4.864353449628114
0	-0.95	3.560361685348481
0	-1.2	5.571082887409566
0	-1.15	4.8980819712814485
0	-1.15	4.764005617006653
0	-1.1	4.928846530367969
0	-1.15	4.991948197980489
0	-1.2	5.653181547121214
0	-1.15	4.951696005293311
0	-1.15	4.975205599707452
0	-1.05	4.715772419770537
0	-1.1	5.060830308569846
0	-1.05	4.736884589177507
0	-1.2	5.522655537151835
0	-1.15	4.886654350713571
0	-1.15	4.895405309824794
0	-1.15	4.897449729836851
0	-1.15	5.144302736196619
0	-1.2	5.46491196066317
0	-1.1	4.783972290023052
0	-1.1	4.914052638723156
0	-0.95	3.50018917906597
0	-1.1	5.02640665405896
0	-1.1	4.995655025511559
0	-1.15	4.837219276938829
0	-1.1	4.95486117749515
0	-1.0	4.209622726322545
0	-1.0	4.019720560617917
0	-1.1	5.053527085138387
0	-1.2	5.608121443836593
0	-1.1	5.011556447290768
0	-1.2	5.588348097139289
0	-1.2	5.533761230179839
0	-1.1	5.043986241366995
0	-0.95	3.450259115920617
0	-1.2	5.458626737241092
0	-1.2	5.634696689472922
0	-1.0	4.131959427082811
0	-1.0	4.147317884441433
0	-1.15	5.026791917995441
0	-1.1	5.040822395135787
0	-1.15	4.989316753935557
0	-1.15	4.760371275814105
0	-1.0	4.131939295718553
0	-1.2	5.565860415122591
0	-1.15	4.770750368790616
0	-1.1	4.914067996343346
0	-1.15	5.023455651609058
0	-1.0	4.121113312519614
0	-1.15	4.874340993115049
0	-0.9	3.5753048533579763
0	-1.2	5.732744751726098
0	-1.1	5.115758103625984
0	-1.2	5.59304942977366
0	-1.1	5.108951606724588
0	-1.0	4.294185234923461
0	-1.05	4.540237768506863
0	-1.2	5.677227035030906
0	-1.1	5.081591062277989
0	-1.1	4.878191420426959
0	-1.25	5.858808727583342
0	-1.05	4.793077190137597
0	-1.15	4.9678351981795466
0	-1.0	4.055941817099771
0	-1.05	4.972614611756556
0	-1.15	4.91430871923471
0	-1.1	4.835915237648713
0	-1.15	4.857168409848167
0	-1.0	4.201586791442556
0	-0.95	3.507630004254803
0	-1.0	4.079599903730354
0	-1.2	5.671139178721754
0	-1.2	5.603549111278836
0	-1.0	4.164758924843423
0	-1.2	5.36212937236384
0	-1.2	5.766651444753187
0	-1.15	4.7736110957277615
0	-1.1	4.9309233398975305
0	-1.1	5.0361935040944825
0	-1.15	5.1606942301472545
0	-1.2	5.59867713409572
0	-1.0	4.139452051496115
0	-1.15	5.005169773235086
0	-1.1	5.041770110319807
0	-1.1	4.966659588187457
0	-1.2	5.728388689626321
0	-1.15	4.964189824827792
0	-1.1	5.042780284098384
0	-0.95	3.495305981005993
0	-1.05	4.764307290415416
0	-1.1	4.830164589265349
0	-1.1	4.651595024499557
0	-1.05	4.981016201113042
0	-1.2	5.794166383740992
0	-1.1	4.9357908338227325
0	-1.05	4.725164971229586
0	-1.15	4.833620176292906
0	-1.0	3.887764184577249
0	-1.1	4.988772381930714
0	-1.15	5.0482195368083165
0	-1.25	5.813697424185205
0	-1.2	5.595550705618358
0	-1.15	5.135950592448095
0	-1.0	4.058741769254149
0	-1.2	5.65212996649549
0	-1.15	4.77480189574412
0	-1.2	5.722739554202024
0	-1.25	5.914808398603717
0	-1.2	5.71454471132869
0	-1.2	5.729917428073653
0	-1.1	4.937062494006274
0	-1.1	4.869893598750996
0	-1.15	4.755052041319463
0	-1.25	5.837831270226366
0	-1.2	5.715406499575964
0	-1.25	5.9465487559684265
0	-1.2	5.883763545000493
0	-1.2	5.510225782000692
0	-1.2	5.3800524893370065
0	-1.15	4.9917487503277185
0	-1.15	5.016029392360598
0	-1.0	4.163223482786211
0	-1.15	4.821131080316481
0	-1.15	5.059264058381576
0	-1.2	5.782813413389024
0	-1.05	4.658743346746193
0	-1.15	4.896830158920551
0	-1.05	4.511599667305934
0	-1.25	5.747467426560547
0	-1.25	5.741543458020545
0	-1.15	4.802853474225991
0	-1.15	4.946717186967223
0	-1.25	5.740440357662806
0	-1.25	5.736797294654831
0	-1.25	5.816110463233193
0	-1.15	4.956093556692025
0	-1.05	4.902949855727382
0	-1.0	4.008202790665291
0	-1.05	4.670640976643264
0	-1.2	5.797864080318071
0	-1.2	5.601133386529835
0	-1.15	4.9991188574012
0	-1.2	5.691017721079234
0	-1.25	5.661702065839248
0	-1.05	4.786408333241819
0	-1.2	5.620351832025497
0	-1.15	4.949784242020074
0	-1.05	4.827247304595914
0	-1.2	5.9069212664522786
0	-1.2	5.638459877874701
0	-1.25	5.949417793452955
0	-0.95	3.65149245331516
0	-1.25	5.717173688320653
0	-1.15	5.060963760700137
0	-1.05	4.689831035192244
0	-1.1	4.938014966881269
0	-1.15	4.884072057476997
0	-1.25	5.989304232077777
0	-1.3	6.282907856471577
0	-1.15	4.9797384718078606
0	-1.15	4.874619745463828
0	-1.2	5.424824587564513
0	-1.1	5.033641237699561
0	-1.05	5.081935490087608
0	-1.1	5.005506875186135
0	-1.2	5.713445379896757
0	-1.15	4.877536571017147
0	-1.2	5.651844089414962
0	-1.05	4.8443515357501985
0	-1.05	4.652895581272977
0	-1.25	5.836412527759297
0	-1.0	3.818049933611523
0	-1.25	5.726840261969646
0	-1.25	5.716778032011209
0	-1.05	4.528355107379173
0	-1.25	5.674883207780529
0	-1.2	5.653588651167013
0	-1.15	4.980790494841769
0	-1.2	5.520764280077168
0	-1.15	5.030267201153374
0	-1.25	5.8620397536774735
0	-1.05	4.6834005333777595
0	-1.25	5.660406557543124
0	-1.2	5.597652160940594
0	-1.15	4.868479726104331
0	-1.15	4.876660742279528
0	-1.2	5.60167938619978
0	-1.15	4.935433596025064
0	-1.0	4.081719733486308
0	-1.1	4.806688999718705
0	-1.15	4.888552512794016
0	-1.1	4.991067547372331
0	-1.15	5.044478892385297
0	-1.25	5.526882439961159
0	-1.15	5.062592149976965
0	-1.15	4.894197572487127
0	-1.05	4.718841713709178
0	-1.3	6.4125065744166765
0	-1.25	5.895770997907333
0	-1.1	5.016182577091839
0	-1.2	5.686064283000463
0	-1.2	5.616453706841666
0	-1.2	5.862155250789812
0	-1.05	4.828875598208469
0	-1.25	5.65087052374112
0	-1.2	5.83048727305946
0	-1.3	6.043152735450887
0	-1.25	5.672049776047284
0	-1.25	5.8388538029901635
0	-1.25	5.650507622719402
0	-1.15	4.960869595000606
0	-1.15	5.015178021001005
0	-1.2	5.512451931574611
0	-1.3	6.209999550229411
0	-1.3	6.336324760056783
0	-1.25	5.759526414650204
0	-1.25	5.742742400448101
0	-1.25	5.798273600315651
0	-1.25	5.520938663523595
0	-1.2	5.468681523542719
0	-1.2	5.697253002749171
0	-1.05	4.723141169459155
0	-1.2	5.339198125169141
0	-1.25	5.937808374453452
0	-1.2	5.660005588462278
0	-1.1	5.235398508203828
0	-1.1	4.902457086551172
0	-1.2	5.827049850344821
0	-1.3	6.158297272651638
0	-1.3	6.121142259735074
0	-1.3	6.149633917410324
0	-1.2	5.588985827591602
0	-1.3	6.17970390904064
0	-1.3	6.235716873564676
0	-1.2	5.681391797026719
0	-1.1	4.855344820121562
0	-1.2	5.680941993257143
0	-1.05	4.916438835801126
0	-1.25	5.620332893398931
0	-1.25	6.065249594643537
0	-1.1	5.02111541072699
0	-1.2	5.632345244607468
0	-1.25	5.965916678449397
0	-1.25	5.678480754638951
0	-1.3	5.955518015139503
0	-1.1	4.652420086164787
0	-1.2	5.6495823870297475
0	-1.1	5.003468096314258
0	-1.25	5.752377407809655
0	-1.25	5.685292311649359
0	-1.3	5.946098963882722
0	-1.0	4.111449094721284
0	-1.3	6.429976170481055
0	-1.2	5.904364839083318
0	-1.1	5.056843844574642
0	-1.35	6.296648623810512
0	-1.15	5.013286339302831
0	-1.3	6.017236969594013
0	-1.2	5.581543744562947
0	-1.25	5.68014110015831
0	-1.15	4.954940388318287
0	-1.2	5.528213805342427
0	-1.2	5.743974599408259
0	-1.1	5.030417581788131
0	-1.15	4.817885555064143
0	-1.25	5.869728459031965
0	-1.1	4.929291241640043
0	-1.25	5.809516084589873
0	-1.2	5.5020501141841045
0	-1.1	5.069503716534276
0	-1.3	6.125684743337995
0	-1.3	6.354330526147671
0	-1.05	4.7818485899021885
0	-1.3	5.976463875249632
0	-1.1	4.876993671453761
0	-1.3	5.969486259453705
0	-1.25	5.650969698304611
0	-1.25	5.891148828711636
0	-1.2	5.810044927861694
0	-1.2	5.464964061567875
0	-1.3	5.987839522220319
0	-1.1	4.941708009532177
0	-1.3	6.287447627707046
0	-1.25	6.036533073064635
0	-1.25	5.674182155684175
0	-1.2	5.673357521590336
0	-1.2	5.808871933115602
0	-1.2	5.897168233697472
0	-1.2	5.443750918910243
0	-1.15	4.8507090639378605
0	-1.05	4.680884423990624
0	-1.2	5.832515771561778
0	-1.15	4.900145355964476
0	-1.3	5.97497707336097
0	-1.35	6.382921854541168
0	-1.2	5.723729935622363
0	-1.3	6.070052236445359
0	-1.2	5.705105707426412
0	-1.1	5.039282386568535
0	-1.25	5.851835921035921
0	-1.25	5.937951965947082
0	-1.15	5.029919124507551
0	-1.3	6.173817963831811
0	-1.25	5.580231514955816
0	-1.1	5.018875727765692
0	-1.35	6.229960237664936
0	-1.25	5.784567222445024
0	-1.3	6.377557961199287
0	-1.3	6.092602257118724
0	-1.3	5.91138310651551
0	-1.2	5.625919773711181
0	-1.2	5.758062120229241
0	-1.35	6.17899416367316
0	-1.25	5.723681444762437
0	-1.35	6.213691968194446
0	-1.3	6.12210527574145
0	-1.3	6.03435167365251
0	-1.3	5.951367925918148
0	-1.3	6.109593954308694
0	-1.25	5.853926270621299
0	-1.25	5.964458590268398
0	-1.1	5.038484106882756
0	-1.3	6.155260136101409
0	-1.25	5.989745644158813
0	-1.25	5.81363460916573
0	-1.15	4.81272486492141
0	-1.15	4.705877399166247
0	-1.25	5.755678225419698
0	-1.35	5.986746893369074
0	-1.35	6.319569375187859
0	-1.35	6.109725777677452
0	-1.35	6.161950390547213
0	-1.35	6.242633951595706
0	-1.15	4.8318563633559615
0	-1.25	5.808213129003897
0	-1.25	6.040685097347225
0	-1.25	5.694972393515069
0	-1.1	4.919864552334919
0	-1.3	5.938650336199795
0	-1.3	6.354105012192756
0	-1.3	6.082455132378467
0	-1.3	5.868858083910113
0	-1.25	5.857438193386754
0	-1.15	5.169827294002099
0	-1.35	6.360151846524514
0	-1.15	4.884717036917916
0	-1.15	4.800099812930555
0	-1.25	5.828300979667832
0	-1.35	6.378979666943051
0	-1.3	5.9823648317583515
0	-1.3	6.1139042655219935
0	-1.05	4.597774345753482
0	-1.35	6.2656961715703074
0	-1.4	7.029716768134432
0	-1.15	4.86121032306136
0	-1.35	6.299556157099319
0	-1.25	5.779943081508776
0	-1.3	6.029104509206856
0	-1.2	5.47508063960234
0	-1.25	5.570300708184407
0	-1.2	5.6000689043395315
0	-1.25	5.668502565057213
0	-1.25	5.751484355861167
0	-1.3	6.2963080508378
0	-1.15	4.981435158128874
0	-1.2	5.674619376163967
0	-1.15	4.8474879945532106
0	-1.35	6.242802710600683
0	-1.3	5.930876660586511
0	-1.15	4.981456450982937
0	-1.35	6.32846286507525
0	-1.25	5.623648627738381
0	-1.35	6.186720759692809
0	-1.1	5.120039783370566
0	-1.35	6.377867268498823
0	-1.15	4.9280028475679165
0	-1.3	6.430556366560399
0	-1.3	6.21703363782425
0	-1.25	5.515858053801515
0	-1.25	5.725944518369847
0	-1.35	6.207310685282416
0	-1.35	6.06979454772506
0	-1.15	4.964708342984651
0	-1.3	6.085045720708378
0	-1.3	6.340831454404344
0	-1.25	6.123188872458558
0	-1.25	5.551075075551375
0	-1.25	5.674143464831617
0	-1.2	5.65862915015567
0	-1.25	5.885678821636466
0	-1.25	5.796384418498534
0	-1.35	6.109733146325919
0	-1.1	4.929165172593217
0	-1.2	5.785942243681347
0	-1.35	6.1198936785148845
0	-1.4	6.934410992767773
0	-1.25	5.820706268232506
0	-1.25	5.66576729460261
0	-1.15	5.172466873265008
0	-1.3	6.11414672679794
0	-1.35	6.21218029480817
0	-1.3	6.202254732344497
0	-1.2	5.685555464144878
0	-1.3	6.236704876076171
0	-1.15	5.0212625694300295
0	-1.4	7.0800012768027285
0	-1.35	6.444176638355259
0	-1.35	6.433752789738723
0	-1.3	5.988709944940334
0	-1.35	6.442613646387152
0	-1.4	6.877401613456394
0	-1.25	5.774255896374208
0	-1.25	5.9242126788987415
0	-1.4	6.873741849322987
0	-1.35	6.168879272328154
0	-1.3	6.221641335586019
0	-1.35	6.3704626988210915
0	-1.35	6.137587024767788
0	-1.35	6.182723757117136
0	-1.3	6.223009463033457
0	-1.3	6.0113425692661275
0	-1.15	4.996089897836001
0	-1.35	6.292389152427608
0	-1.2	5.598902180049885
0	-1.3	6.0171399185350625
0	-1.3	5.883178210255775
0	-1.2	5.617054891544011
0	-1.4	7.168977410603768
0	-1.3	6.273457703673984
0	-1.4	7.157389754193968
0	-1.4	6.908164959601021
0	-1.4	6.946003771323184
0	-1.4	7.032239414084728
0	-1.2	5.626875856975665
0	-1.3	6.101131846817824
0	-1.35	6.187078120061243
0	-1.3	6.12316986518388
0	-1.3	6.098206766173659
0	-1.35	6.156399099787788
0	-1.15	4.961674716385166
0	-1.35	6.204369016808824
0	-1.35	6.302008957064616
0	-1.4	6.883253188895455
0	-1.3	6.284007600198574
0	-1.2	5.773221848350774
0	-1.2	5.472733978611963
0	-1.2	5.772151053562503
0	-1.4	6.817203506729223
0	-1.35	6.201961730678392
0	-1.3	6.1747829803759124
0	-1.35	6.317780220559296
0	-1.1	5.1001374358945615
0	-1.4	6.9062998240708
0	-1.35	6.16213001378439
0	-1.2	5.592089720891151
0	-1.4	7.088656590725562
0	-1.25	5.652653315467005
0	-1.3	6.231195954707344
0	-1.25	5.671994815351318
0	-1.3	6.063555934905386
0	-1.3	6.0018859754748455
0	-1.3	6.094965682454876
0	-1.35	6.4268794758009475
0	-1.2	5.615017910586584
0	-1.25	5.95883958797368
0	-1.2	5.527563821937154
0	-1.4	6.719877565978472
0	-1.4	7.019279838362064
0	-1.35	6.152634936500916
0	-1.2	5.77006852853012
0	-1.3	5.920515792829621
0	-1.4	6.599042982627093
0	-1.4	6.923922126050828
0	-1.15	4.79368526215926
0	-1.2	5.703957385098927
0	-1.35	6.218262409995566
0	-1.35	5.984662013669535
0	-1.4	6.935324602105568
0	-1.3	6.143577480721693
0	-1.3	6.169025240553848
0	-1.2	5.486886662344958
0	-1.4	6.941826102518266
0	-1.35	6.206015606578973
0	-1.35	6.014047838348832
0	-1.25	5.805373463334238
0	-1.3	6.297945506431849
0	-1.3	6.1399866047165705
0	-1.3	6.237743573404395
0	-1.3	6.156244830179295
0	-1.3	6.008356758221988
0	-1.4	6.888984750984715
0	-1.15	4.900309269740424
0	-1.25	5.912804752155235
0	-1.4	7.031527452889006
0	-1.3	6.146442734779149
0	-1.3	6.12700319372932
0	-1.2	5.686774393775355
0	-1.35	6.172344364820525
0	-1.4	6.959391985835306
0	-1.35	6.248865728635239
0	-1.2	5.737819486315512
0	-1.35	6.228054106182412
0	-1.25	5.671881632049473
0	-1.4	6.893708004937205
0	-1.4	6.881870675213128
0	-1.4	6.738770664939043
0	-1.35	6.226694402755846
0	-1.3	6.0648569706214355
0	-1.3	6.140374161542455
0	-1.4	7.095930584984801
0	-1.4	6.993407649098324
0	-1.35	6.164264183148302
0	-1.4	7.111767063228232
0	-1.4	7.010502280863587
0	-1.35	6.348792743413286
0	-1.35	6.376115789760636
0	-1.25	5.683208107948553
0	-1.4	6.752315746670991
0	-1.2	5.763450083655451
0	-1.35	6.317644640597636
0	-1.35	6.225455895016808
0	-1.25	5.953659436369018
0	-1.35	6.100454018091754
0	-1.25	5.821289271374835
0	-1.4	6.964255974510175
0	-1.4	6.64539288786634
0	-1.4	6.93564330057498
0	-1.35	6.291546119975107
0	-1.35	5.975865598945521
0	-1.2	5.568367910551184
0	-1.35	5.993754482505772
0	-1.4	7.095838271358231
0	-1.25	5.943720122454712
0	-1.35	6.182087310033971
0	-1.25	5.880977695542226
0	-1.25	6.057845474076708
0	-1.4	7.51050430401682
0	-1.35	6.438049011320949
0	-1.4	6.859696644441796
0	-1.15	4.745861060067281
0	-1.4	7.031336172948626
0	-1.25	5.980269667956689
0	-1.3	6.076387281277268
0	-1.3	6.106185488758363
0	-1.35	5.959752218622597
0	-1.35	6.20228292794249
0	-1.35	6.235058684050397
0	-1.35	6.059605792300011
0	-1.4	6.970491989636045
0	-1.25	5.860085225880654
0	-1.25	5.955627586249572
0	-1.3	6.168956278510748
0	-1.25	5.814108198309044
0	-1.4	6.826257733397625
0	-1.35	6.390145027926161
0	-1.2	5.376625090834332
0	-1.25	5.83253875186359
0	-1.4	7.009775902084132
0	-1.4	6.845311984857238
0	-1.35	6.271647545259197
0	-1.35	6.123390374214632
0	-1.25	5.682683364464368
0	-1.4	6.613389331963328
0	-1.3	6.155451278844495
0	-1.4	6.910317330635191
0	-1.35	6.306008917997006
0	-1.35	6.2000308228077134
0	-1.35	6.071847022556059
0	-1.35	6.193143733234804
0	-1.35	6.273218252543324
0	-1.2	5.617075586765563
0	-1.3	6.12457398924509
0	-1.35	6.223344822502525
0	-1.35	6.085775507659542
0	-1.25	5.5631785189041585
0	-1.4	6.750161112552543
0	-1.4	7.19224938055309
0	-1.25	5.715614258255886
0	-1.4	6.939400547440845
0	-1.3	6.336655521830199
0	-1.4	6.902754695242744
0	-1.35	6.22125132408958
0	-1.35	6.174601940960139
0	-1.4	7.088944024608951
0	-1.4	7.058282757453084
0	-1.4	6.736071350603737
0	-1.3	6.018142534265362
0	-1.25	5.759435400851582
0	-1.4	6.67728729850954
0	-1.4	7.016289128340487
0	-1.3	5.783550882148968
0	-1.4	6.830470442184845
0	-1.3	6.1878175657317325
0	-1.4	6.838466839003064
0	-1.4	6.614202223746048
0	-1.25	5.809287916908449
0	-1.4	7.0800472026719765
0	-1.3	5.902929659860466
0	-1.3	6.218401372471228
0	-1.4	7.266793588262369
0	-1.3	6.193121958135739
0	-1.4	6.836211407982403
0	-1.2	5.686125587406559
0	-1.3	6.065775172558704
0	-1.35	6.37832460178085
0	-1.35	6.196580850042308
0	-1.4	7.0502134912666685
0	-1.4	6.837829492278113
0	-1.4	7.303070777507934
0	-1.4	7.128614184146244
0	-1.3	6.24338668732724
0	-1.3	6.176750276519945
0	-1.35	5.94612828493287
0	-1.3	5.899868383550634
0	-1.4	6.8614238690504035
0	-1.3	6.26064115433167
0	-1.25	5.731670412230913
0	-1.4	6.967960088433361
0	-1.4	6.72086896333037
0	-1.3	6.046792796513266
0	-1.35	6.2113483450059155
0	-1.4	7.042921702491313
0	-1.4	6.872296027093575
0	-1.4	7.0857170022897895
0	-1.4	6.931466901533421
0	-1.4	7.071383705209295
0	-1.25	5.716167150267268
0	-1.35	6.0359241496026055
0	-1.4	7.151138445785629
0	-1.4	7.0964085641731485
0	-1.3	6.031505088649364
0	-1.3	6.3778215856838525
0	-1.35	6.285296505890404
0	-1.4	6.854249417182544
0	-1.4	7.00894644038018
0	-1.35	6.435664171760696
0	-1.3	6.203866889165734
0	-1.35	6.497566098038839
0	-1.35	6.180379796699743
0	-1.3	6.0629273517623865
0	-1.35	6.219935048420967
0	-1.35	6.308442484740249
0	-1.35	6.351336872587829
0	-1.25	5.746831506439812
0	-1.35	6.060066430957698
0	-1.4	6.926235923961642
0	-1.4	7.075488579944327
0	-1.35	6.200286521463917
0	-1.35	6.214871645992891
0	-1.4	6.869787193110794
0	-1.35	6.168578920569848
0	-1.35	6.587213781831669
0	-1.3	6.1034645168353086
0	-1.35	6.207152089561332
0	-1.4	7.145195836683595
0	-1.3	6.024545837029752
0	-1.4	7.089049922089381
0	-1.35	6.322178892844542
0	-1.35	6.278846035040556
0	-1.4	6.9184440621012175
0	-1.4	6.839278831323034
0	-1.35	6.276198207842611
0	-1.4	7.011008408841124
0	-1.4	7.042118277409396
0	-1.4	6.954337508142061
0	-1.35	6.412345072582813
0	-1.4	6.70650455262603
0	-1.4	6.874647402152361
0	-1.3	5.864734393238024
0	-1.4	6.807801411012264
0	-1.4	6.700834373961735
0	-1.4	7.181579786350908
0	-1.4	6.702792856617862
0	-1.4	6.791928565550182
0	-1.35	6.230208263370478
0	-1.4	6.8530637284433435
0	-1.35	6.165571353975248
0	-1.4	6.762044127356152
0	-1.4	7.326335299339958
0	-1.4	6.872785475317287
0	-1.4	6.692217502290889
0	-1.35	6.425291445794202
0	-1.4	6.782420539815802
0	-1.4	6.847253462976109
0	-1.4	6.854853537306446
