 -0.00008885216311906  0.00081487077257826  0.00179287643641440  0.00317405805604089
  0.00497793040385497  0.00707437126542409  0.00969677274520574  0.01263460049275586
  0.01592545647480323  0.01948027713398046  0.02346135993665486  0.02774580255992342
  0.03211319883004793  0.03679412111092908  0.04184748906733567  0.04714876047316361
  0.05257090598518156  0.05828138172918689  0.06447873969312930  0.07120097136501044
  0.07822491547105173  0.08556084261833938  0.09292211239192492  0.10051275440097109
  0.10804952507490290  0.11562306202901568  0.12341898147144646  0.13158286403893971
  0.14020997446019504  0.14917057569542144  0.15836566642946112  0.16764263968307019
  0.17686261554702012  0.18600746880410876  0.19519678200888735  0.20469407696054975
  0.21451264988272464  0.22459938137598678  0.23504930494795573  0.24581060529070875
  0.25677051208871915  0.26768668245372174  0.27858344878826097  0.28987066304135595
  0.30131697395267082  0.31309632790107805  0.32521077205991139  0.33756266974046312
  0.35011714793982579  0.36266695617424854  0.37511979496008413  0.38752557717588088
  0.39991156199378947  0.41228772560187105  0.42468650115501155  0.43693208567939129
  0.44899016223948557  0.46067607976445635  0.47317640079181283  0.48580975504376439
  0.49881190915571016  0.51187856955476752  0.52543622016460279  0.53940746144510854
  0.55339276550952565  0.56772083721263389  0.58246381772575928  0.59669690546577125
  0.61085025924541769  0.62516801124892252  0.63978871228343537  0.65487477959139007
  0.67000942443870626  0.68506411222429286  0.69962246552239704  0.71379766234381903
  0.72851438062155927  0.74319467938264361  0.75793823798530713  0.77310492518824159
  0.78861079711192150  0.80386843246259854  0.81887889163958294  0.83347048439168070
  0.84785797990383116  0.86213465550170876  0.87618504317744161  0.89027644197122935
  0.90433655065327445  0.91828773097773231  0.93207840825423094  0.94586811572580776
  0.95967402373672339  0.97328721573827137  0.98669033380304083  1.00000000000000000
 -0.00238156202702194  0.00937718400722979  0.02006265484828755  0.03099502270212718
  0.04253874650791610  0.05402701621567947  0.06570979032718778  0.07726622947256985
  0.08856615574162932  0.09952679444405535  0.11037502003064396  0.12106047126369048
  0.13164182764559740  0.14215324123231629  0.15268763785452530  0.16350759018149111
  0.17448503553556297  0.18565471902235828  0.19718743195179611  0.20879369005641110
  0.21977537920220247  0.23065907344150013  0.24147585033752952  0.25273265767488706
  0.26357788397107096  0.27394174653055542  0.28414663151228226  0.29437043254104811
  0.30474271163003191  0.31538842978867904  0.32646487323136253  0.33729802544129578
  0.34782219640480916  0.35826174510113729  0.36885263382308792  0.37950435237635682
  0.39000335264193120  0.40035208600430966  0.41081122191366026  0.42181983604641082
  0.43335032825602093  0.44443795885625681  0.45491680417524655  0.46523566108915204
  0.47606328165574591  0.48663191560500868  0.49754175493561215  0.50901738791279338
  0.52085890977072524  0.53181590599759865  0.54261935661990834  0.55310144658573246
  0.56371677862370906  0.57411396591690289  0.58454040970421661  0.59443437704311208
  0.60421003667382489  0.61359326279996318  0.62328956070300734  0.63324634467710639
  0.64336324247077059  0.65340986718471572  0.66399671555834139  0.67521916398685122
  0.68656497693582119  0.69675671019600860  0.70631489224630606  0.71561143562943397
  0.72499129105236249  0.73453513867561382  0.74376547856587749  0.75313892968718077
  0.76280353284125479  0.77290168746692445  0.78392564096947837  0.79491107870901379
  0.80564012875585989  0.81546399050725793  0.82513746387457265  0.83510973017874912
  0.84511589662571118  0.85575875770203114  0.86712819954669407  0.87888621043182868
  0.89002562981432176  0.90034959039184326  0.91045469169944993  0.92015741993695632
  0.92989448646522388  0.93962820687888271  0.94993588255063754  0.95917265546436403
  0.96909142514766267  0.97853479114891495  0.98921898976222589  1.00000000000000000
 -0.00281993246511265  0.01784386636432974  0.03376318557294588  0.04771745542958205
  0.06011051432127863  0.07165941441394565  0.08215433419643517  0.09230863397071359
  0.10220186610349288  0.11236944436784778  0.12251315888132598  0.13283621320430489
  0.14292873945688322  0.15209941394426049  0.16097079190594668  0.16997660726736932
  0.17898080787670850  0.18775374256005209  0.19617844408539639  0.20447591700210829
  0.21271516169753896  0.22077861296274334  0.22853826115039474  0.23612702063660551
  0.24379304445010344  0.25150670806256725  0.25927599936558493  0.26702276628763744
  0.27493480232263490  0.28309794301610131  0.29107678184520319  0.30002081174986112
  0.30920587454990162  0.31795706664745749  0.32637993082139077  0.33450138794955553
  0.34229504250034032  0.35002146266945094  0.35780659356652622  0.36557642855680045
  0.37343307643642870  0.38145788581900264  0.38936005046771893  0.39708390522090953
  0.40476338844183490  0.41259092741046333  0.42051106762789064  0.42864980123293950
  0.43683549545112110  0.44549544065749902  0.45462977132581106  0.46315562245072617
  0.47137472887355331  0.47930130090730544  0.48717519432618028  0.49524158654550776
  0.50342567489789625  0.51162579374535933  0.52006121277362982  0.52860657117844201
  0.53721659916809472  0.54584753657519647  0.55503901117011212  0.56433789358320030
  0.57359524060855760  0.58266295401006696  0.59131748771692338  0.60020551678776535
  0.60928174129875301  0.61833684485154627  0.62756779739495616  0.63731422713750963
  0.64738060741403791  0.65764092072120317  0.66757900050582453  0.67707919186982279
  0.68683166976777810  0.69668887428415094  0.70634353419731055  0.71616545143557142
  0.72622061836674601  0.73676892531342408  0.74810873478533024  0.75982861960055936
  0.77224158494837136  0.78515044954203350  0.79804498303141791  0.81135546101864819
  0.82579436656648197  0.84107187596176514  0.85735594134809279  0.87612407210109899
  0.89717112340388350  0.92061925604026829  0.94879365298351503  1.00000000000000000
 -0.01987160881841094  0.13692008422485719  0.18581758724059266  0.21723728853430199
  0.24247682296051121  0.26399809914777844  0.28313123302239634  0.30059360013485531
  0.31605626190956226  0.33004203477650534  0.34334247597806589  0.35612345841711845
  0.36863135330252567  0.38139259850436957  0.39375519748172227  0.40485008280360679
  0.41516329689395776  0.42533749696829626  0.43549033876971299  0.44514086620113730
  0.45399272638009486  0.46245092603308335  0.47075798275084546  0.47892174961662248
  0.48695497062669091  0.49514792433232740  0.50335942936879952  0.51129585936633282
  0.51905181452060323  0.52625653155795027  0.53299651664805459  0.53954478447210230
  0.54584611129650706  0.55205823789787489  0.55830426439382408  0.56449198557808933
  0.57047329086729026  0.57616718462976757  0.58171686823079571  0.58721361632701397
  0.59275147275926043  0.59829324102106141  0.60394245798417223  0.60970370502208504
  0.61547147752660392  0.62106602683923684  0.62658698491452292  0.63205687568014668
  0.63765812894197449  0.64323426581377974  0.64875568418478169  0.65414915226749104
  0.65931286351097207  0.66429533740752067  0.66928761916067092  0.67439986741060765
  0.67963290678644539  0.68496338181302951  0.69048725023841373  0.69622437915394941
  0.70204478145986071  0.70777769032677296  0.71334567067260202  0.71886726196879391
  0.72424995310113294  0.72971136644241730  0.73505969622082956  0.74046940971059605
  0.74598489981182947  0.75161256075141314  0.75727079414002785  0.76280552783244693
  0.76822154274058696  0.77353076391304310  0.77911513196907389  0.78485767082598989
  0.79048558591354345  0.79594702590341326  0.80132640331541927  0.80673668056014647
  0.81233908056034843  0.81815927599107385  0.82396359635593253  0.82996585332956618
  0.83608525503980358  0.84261096807656921  0.84927552257796279  0.85611095674827786
  0.86366054287922789  0.87180405314047793  0.88115020362928487  0.89166121427387568
  0.90327826747314921  0.91862358546089673  0.94210838344216363  1.00000000000000000
   1.0613068351653716E-006  -1.0000000000000000     
 T T T T F F F F F F F F T T T T T T T T F F F F F F F F T T T T
  <DiscreteSampler_grid>
  grouped_processes
  1 # 1 for a reference and 2 for a running grid.
  10 # Attribute 'min_bin_probing_points' of the grid.
  1 # Attribute 'grid_mode' of the grid. 1=='default',2=='initialization'
  0.0000000000000000 # Attribute 'small_contrib_threshold' of the grid.
  0.5000000000000000 # Attribute 'damping_power' of the grid.
 # binID   n_entries weight   weight_sqr   abs_weight
    16   10   3.247981836414896E+005   1.055621053653566E+011   3.247981836414896E+005
    17   10   3.247981836414896E+005   1.055621053653566E+011   3.247981836414896E+005
    19   10   3.247981836414896E+005   1.055621053653566E+011   3.247981836414896E+005
    20   10   3.247981836414896E+005   1.055621053653566E+011   3.247981836414896E+005
    22   10   8.091824322379436E+004   6.551882808093852E+009   8.091824322379436E+004
    23   10   8.091824322379433E+004   6.551882808093850E+009   8.091824322379433E+004
  </DiscreteSampler_grid>
