  0.00000320433015795  0.00001497305030029  0.00002705211633431  0.00003993360582001
  0.00005269500537130  0.00006542905763040  0.00007835017573335  0.00009156696806713
  0.00010522517196143  0.00011933658298738  0.00013367510588155  0.00014815345431639
  0.00016297961929716  0.00017855145260516  0.00019498093401816  0.00021227956164096
  0.00023079296898080  0.00025013479114001  0.00027046350345250  0.00029194777602109
  0.00031439435806643  0.00033771007549185  0.00036190292586763  0.00038714056978970
  0.00041379225101180  0.00044162371427662  0.00047135626552609  0.00050256280226543
  0.00053479050093982  0.00056842538105909  0.00060299969943386  0.00063927523355065
  0.00067714344213090  0.00071627144714907  0.00075665203487099  0.00079823573476775
  0.00084200652220530  0.00088721322930307  0.00093426204082264  0.00098411284069395
  0.00103574849823758  0.00109138436746528  0.00115071443047537  0.00121217366435130
  0.00127825710422219  0.00134356112352675  0.00141135197768790  0.00148337325105910
  0.00155737080155195  0.00163386637612341  0.00171175523446160  0.00179463624993105
  0.00188853546574639  0.00198240539150295  0.00207641500638737  0.00217279538860058
  0.00227406380580204  0.00238691298629291  0.00250723360946043  0.00262826222937365
  0.00275346063152173  0.00287381602918427  0.00299339832443059  0.00312909146239168
  0.00327778983330354  0.00345129606933210  0.00363916440588064  0.00382315846564422
  0.00401867782145275  0.00423842087865450  0.00445605945638617  0.00466106291822192
  0.00486064589196936  0.00506413198353835  0.00528309253668489  0.00552050930908859
  0.00578599011458011  0.00607607702225189  0.00641983797164907  0.00679752688701377
  0.00718591564201224  0.00757032525952323  0.00794857809641015  0.00833085138109985
  0.00874707522854407  0.00920212019498705  0.00963554005373914  0.01012022249463928
  0.01087273950328215  0.01180077712263471  0.01266509503976496  0.01347503427008443
  0.01431863318434365  0.01558365403569854  0.21597558187854304  1.00000000000000000
 -0.00254507036664352  0.00925470710792331  0.01960887724693839  0.02998141398923118
  0.04052356456391625  0.05108492231196726  0.06167782791213570  0.07215512025034197
  0.08254792489357306  0.09308417701654426  0.10376923506494708  0.11451453788031785
  0.12532718363929365  0.13618692398498264  0.14708205245818223  0.15790641925490909
  0.16863451963219292  0.17925102278375574  0.18980318923708236  0.20037887146687691
  0.21100852157663094  0.22151536612156003  0.23186320950070646  0.24214532998188812
  0.25246386841273083  0.26289090901303375  0.27342441985460403  0.28401933934473650
  0.29449439635971969  0.30498966335417121  0.31557200279606984  0.32652630645976227
  0.33736733850167350  0.34821400694699678  0.35889955667018530  0.36969545638336782
  0.38037614105607748  0.39092752955470772  0.40178821425061279  0.41259851139151216
  0.42338119462527379  0.43395831325533840  0.44478490272331628  0.45551604710294230
  0.46595014346025876  0.47620070115134044  0.48661635590877772  0.49690717079441860
  0.50726237703312882  0.51764147219065448  0.52809156629795029  0.53863561105534608
  0.54897713724622144  0.55916400479594541  0.56931558828278783  0.57939941280020824
  0.58956167096633294  0.59975238791988561  0.61016235218622983  0.62118389826350973
  0.63217127074531976  0.64335643016184529  0.65426215216138561  0.66538151537269707
  0.67612134789245470  0.68711578572385101  0.69802527098422762  0.70888135435598110
  0.71925212945042516  0.72963849329076969  0.73997932067544436  0.75047694516712737
  0.76082873777487747  0.77133589370375832  0.78203515094706000  0.79263020398474093
  0.80298050624515205  0.81341773185984212  0.82400271886518739  0.83456743507620035
  0.84517680830389308  0.85565047733337185  0.86632161858825651  0.87669632381278462
  0.88706485654565859  0.89742729764012152  0.90763954080108511  0.91761221036178431
  0.92731167890034216  0.93733590323845584  0.94785928508880490  0.95860948935797974
  0.96909200164516740  0.97947438800179232  0.98975438937057625  1.00000000000000000
 -0.00379799879151712  0.02295861473891609  0.04264208137342732  0.05939647473760294
  0.07479679230206830  0.08909099184982344  0.10247246337659721  0.11525760386322310
  0.12749201048202013  0.13928294865411167  0.15075408460739195  0.16194563847945492
  0.17285941289732884  0.18357993009531626  0.19424313411952049  0.20489251848866016
  0.21535650504036211  0.22558799307988822  0.23559599913630930  0.24548057024017142
  0.25512008943250475  0.26459198300386755  0.27409976389279045  0.28362830860543964
  0.29304012980017452  0.30225281024845219  0.31138103642838194  0.32042939707003742
  0.32949099905357787  0.33837621163183063  0.34715290409748145  0.35582412142685987
  0.36448317473654518  0.37312161164807345  0.38170548347251648  0.39026349577039621
  0.39886210858990034  0.40749749768274668  0.41606902958947090  0.42461369682438499
  0.43314655094552545  0.44174123110123009  0.45054018071465773  0.45930403850871931
  0.46787594592082915  0.47628043413686988  0.48464559376576266  0.49297560617762015
  0.50133248301156963  0.50961755077587800  0.51782253484247742  0.52618401136561166
  0.53461773815752722  0.54312646426670919  0.55171670938122952  0.56026008616461709
  0.56883070445062678  0.57736631397787863  0.58590450632036772  0.59445165067883443
  0.60301248732153889  0.61151916691891461  0.62009261744980027  0.62877154589658191
  0.63755329762592483  0.64640617261022248  0.65527435090386732  0.66412756885894364
  0.67290763961819000  0.68168753679745520  0.69055672495070985  0.69942994299908112
  0.70834184397507871  0.71745805348324299  0.72677607143198764  0.73623368920747612
  0.74577454021338352  0.75527439648262695  0.76481344192124323  0.77454070452165735
  0.78446404314776741  0.79456951900598505  0.80480116775451538  0.81508831278496907
  0.82542567406617029  0.83601048062062167  0.84699342169486391  0.85840985868600173
  0.87024011730492423  0.88266732696243622  0.89587680302541195  0.90997973205054217
  0.92491193880188904  0.94171275694708012  0.96451816914495181  1.00000000000000000
 -0.02041113641772742  0.12182172636970419  0.16029734403165258  0.18377218462294365
  0.20191910471607735  0.21703270025477223  0.23035592435986660  0.24222385947536609
  0.25312938727985712  0.26309847857068608  0.27266102770290784  0.28147677739851090
  0.29009372265173161  0.29823535578754701  0.30614170654269768  0.31381618182396953
  0.32115301208580799  0.32837839345813441  0.33535266224703181  0.34207942378218847
  0.34865537442681721  0.35504156393478292  0.36113036672372884  0.36714004642532744
  0.37313805527145216  0.37907949748205344  0.38499384953881327  0.39086347107721275
  0.39668170416626980  0.40245458029721359  0.40813596186583673  0.41373593989324026
  0.41927869104659266  0.42474214573766395  0.43024603038550535  0.43569293218160099
  0.44103854945114623  0.44628614680091300  0.45149048673603537  0.45669483218870144
  0.46184216113127996  0.46696220155107115  0.47211086150789783  0.47725382942756817
  0.48238798089267731  0.48751620614323871  0.49262980105100035  0.49774518618692370
  0.50285294041617057  0.50792706678097488  0.51302536398404297  0.51811918857327866
  0.52318326271531113  0.52823738247879681  0.53329868952207893  0.53840343766255283
  0.54360039763202472  0.54888406493553410  0.55422256360631539  0.55956778660547846
  0.56493505530035515  0.57032272976808573  0.57573612986706413  0.58109010963539220
  0.58652220520453502  0.59201289708314442  0.59756253037209672  0.60318936060816497
  0.60893002794895124  0.61477212221720179  0.62068595623184686  0.62667425837285273
  0.63271286700517448  0.63878328807012008  0.64492829608131941  0.65111711245962434
  0.65743686482825781  0.66392717156357239  0.67081185899035656  0.67809619258849563
  0.68544548772628244  0.69315053462471465  0.70100596545491978  0.70908448815049108
  0.71759076252433196  0.72643269175003866  0.73594622547685251  0.74586887867980511
  0.75686237662501654  0.76865481366846100  0.78210941497612640  0.79754090984311821
  0.81597554169116238  0.83939777562792139  0.87778304444418453  1.00000000000000000
   2.5534546663178739E-002  -1.0000000000000000     
 T T T T T T T T T T T T T T T T F F F F F F F F F F F F F F F F
  <DiscreteSampler_grid>
  grouped_processes
  1 # 1 for a reference and 2 for a running grid.
  10 # Attribute 'min_bin_probing_points' of the grid.
  1 # Attribute 'grid_mode' of the grid. 1=='default',2=='initialization'
  0.0000000000000000 # Attribute 'small_contrib_threshold' of the grid.
  0.5000000000000000 # Attribute 'damping_power' of the grid.
 # binID   n_entries weight   weight_sqr   abs_weight
    10   10   1.508754643853671E+009   3.573403537022794E+018   1.508754643853671E+009
    16   10   1.508754643853671E+009   3.573403537022794E+018   1.508754643853671E+009
  </DiscreteSampler_grid>
