  0.00000167418819215  0.00001701925313098  0.00002897029144956  0.00004297243149668
  0.00005626395571754  0.00006949462935067  0.00008323391964536  0.00009741194025406
  0.00011200634081540  0.00012689663105834  0.00014187959088981  0.00015724071485262
  0.00017339571071408  0.00019082052478700  0.00020908506681429  0.00022844089143021
  0.00024853861285966  0.00026940921737275  0.00029144627784492  0.00031432499322497
  0.00033887044163125  0.00036427706378658  0.00039085773056556  0.00041836990377568
  0.00044703448873444  0.00047699106783643  0.00050840170279496  0.00054207709135041
  0.00057658397536102  0.00061365018902555  0.00065167191420759  0.00069206087697716
  0.00073415141355045  0.00077793942999169  0.00082317098751687  0.00086968299291307
  0.00091813951864714  0.00097019828128737  0.00102637253853131  0.00108500023131047
  0.00114542306740602  0.00120783813568062  0.00127396526451185  0.00134322341834984
  0.00141537974617709  0.00148976810758933  0.00156552065821561  0.00164511045095720
  0.00172499746267888  0.00180879483117717  0.00189337183432602  0.00198626499179495
  0.00208769339656821  0.00219587713788194  0.00231668468346764  0.00244239160935425
  0.00257678464654650  0.00271543157626284  0.00285662453994676  0.00300448697305062
  0.00315614879301161  0.00331113221896880  0.00348032735690403  0.00366075871710333
  0.00385576180848333  0.00406288319383597  0.00427093869601632  0.00447616306158258
  0.00468723300534206  0.00489519355902073  0.00512136866481458  0.00538559103919144
  0.00568382084977950  0.00600822425766081  0.00634676274591872  0.00672874642802008
  0.00718206489539213  0.00764009651412314  0.00806561924403450  0.00854853443393567
  0.00904334199062646  0.00963855472351812  0.01032002980664415  0.01105913539688478
  0.01190122475444155  0.01274983509227262  0.01430371278090018  0.01605532870504249
  0.01846031919916795  0.02052421090868094  0.02178771048210386  0.02403677164405090
  0.02656981136283759  0.02919858207760342  0.29389101790589756  1.00000000000000000
 -0.00254502323951469  0.00961116359973480  0.01990877038630752  0.03067251426776953
  0.04133550896225924  0.05164571253507663  0.06190233169088720  0.07252340657718434
  0.08336900843488658  0.09405241036004625  0.10462276597888438  0.11516640939048411
  0.12578041935016562  0.13644657062813964  0.14699926784500103  0.15740644549591429
  0.16752153135791226  0.17755001240375407  0.18786947920354430  0.19820521404198552
  0.20847854825924553  0.21870712372832563  0.22888369257127955  0.23920564558483934
  0.24944813164586757  0.25984525538991948  0.27037365872091113  0.28126820170765643
  0.29237868494467950  0.30329163874608028  0.31402769803808256  0.32462692663845538
  0.33542126083775164  0.34641052070582329  0.35730682131236485  0.36796657567111773
  0.37863943867238303  0.38901410117197827  0.39939825904424708  0.40972440422211309
  0.42021782802249735  0.43119727353225074  0.44202290026814839  0.45303961855243113
  0.46381996601472864  0.47452441868933992  0.48520178886473930  0.49570790995265107
  0.50619858682567198  0.51646042562884820  0.52682833196273005  0.53709079261865034
  0.54729936691101433  0.55753780364340999  0.56767021654079830  0.57797231829292739
  0.58820357192539519  0.59856291155532693  0.60905209889754797  0.61962981258770300
  0.63036394769825255  0.64104078777489393  0.65151851190478016  0.66199725209399507
  0.67242538659508200  0.68310310338541214  0.69382649552911035  0.70472917382175515
  0.71540335928970999  0.72601246547277787  0.73640935545554687  0.74690536092950210
  0.75739619990581974  0.76778418666922710  0.77836421692521873  0.78883172658769285
  0.79944665859756359  0.80986509783855642  0.82033701179767859  0.83087588960881187
  0.84113252634564695  0.85145101779620436  0.86142689426330610  0.87155489672232334
  0.88163623502642730  0.89200220611687508  0.90258064583334119  0.91344555843134856
  0.92418068232785822  0.93502646135561851  0.94585292453670389  0.95670063546996431
  0.96728201586575902  0.97800857781861616  0.98893830203373501  1.00000000000000000
 -0.00379290326371833  0.02288473758566677  0.04225754803994096  0.05866954570150188
  0.07357759090280951  0.08755135069140990  0.10098566197742259  0.11385442390341842
  0.12618159944986110  0.13778648564679152  0.14915596721402227  0.16042050395740182
  0.17159269027684673  0.18244890608565004  0.19308922682474022  0.20355069903194428
  0.21405044311900928  0.22442077544270103  0.23470431604054215  0.24475424020645573
  0.25468176421748911  0.26441073817633892  0.27411057227674790  0.28378646010144976
  0.29345153596348950  0.30286927998580693  0.31211959411819573  0.32118845635004784
  0.33032234515739617  0.33931285947400397  0.34826453504115845  0.35707234149806899
  0.36583256218995541  0.37448782245817730  0.38316954556343807  0.39188302235504657
  0.40069117266623722  0.40953056325487835  0.41828622592479914  0.42699430119295834
  0.43573280467225439  0.44449472704186360  0.45323980524381091  0.46198118066356292
  0.47071280437625845  0.47940608849917904  0.48799846347587894  0.49658830810244259
  0.50514232816571947  0.51363502464394362  0.52211721051134841  0.53043297847028603
  0.53868708918960495  0.54697280698318052  0.55530431941068203  0.56370959082067407
  0.57212192986432919  0.58054787819131493  0.58894701020971685  0.59743105621744963
  0.60598151290585522  0.61465348295276545  0.62330279818124068  0.63184652637855232
  0.64031250932890793  0.64884045016094627  0.65748185096575174  0.66612740050228514
  0.67465095651058438  0.68310203636640687  0.69174560785676875  0.70062374315608356
  0.70944281750308114  0.71814032593533295  0.72691449767767435  0.73590385973842787
  0.74524057446191105  0.75466450878369029  0.76421520487672912  0.77380540281113963
  0.78341390623542184  0.79305260017353973  0.80286987840655344  0.81292756588444481
  0.82331431758456364  0.83398178539540990  0.84506070769769026  0.85663634404480571
  0.86864412534727720  0.88116556867622253  0.89406689084375079  0.90758832482351226
  0.92251985723534369  0.94069848527468403  0.96490174577460186  1.00000000000000000
 -0.01894218084595409  0.12080682875835136  0.16026453871818808  0.18380727327855614
  0.20191387594549068  0.21714375324710319  0.23037571664205203  0.24207639391975225
  0.25289896165266834  0.26280192815600867  0.27220539952398820  0.28091285681706202
  0.28943725343465149  0.29758862485710397  0.30543767853639020  0.31304743909527072
  0.32032688106198737  0.32746975773875625  0.33443929129834737  0.34117338269847169
  0.34778794828211435  0.35423269126671281  0.36054434442867905  0.36673886934870525
  0.37288188131972611  0.37894271465840962  0.38495047889733747  0.39093579207708812
  0.39681628510047268  0.40251486458964175  0.40806392946462211  0.41351588526902461
  0.41887459410244909  0.42413200814578395  0.42943072027663820  0.43472257679248161
  0.43993975140352876  0.44520145641410708  0.45050812679773333  0.45584621369564737
  0.46123585822880558  0.46659442983341037  0.47185412121961151  0.47704781610752101
  0.48220108911107251  0.48729082369104143  0.49237233907447342  0.49746620658033169
  0.50252420309977330  0.50766862878668073  0.51280186500253389  0.51793680372824569
  0.52306006390164861  0.52816700995430810  0.53327502139576677  0.53839763320602185
  0.54354273812644027  0.54872417520360095  0.55389745951354541  0.55906590793872701
  0.56432221365977697  0.56965876568741569  0.57507203416592245  0.58048716113708232
  0.58598576693532822  0.59157697891722949  0.59719774317003427  0.60284683928554339
  0.60859076254316413  0.61442305243436013  0.62027294407376599  0.62621858777497252
  0.63231420862120702  0.63853440703556141  0.64491262314806075  0.65147952925725749
  0.65819180125201826  0.66498628787377745  0.67196446425114476  0.67914376113479968
  0.68654383571125344  0.69446717514777556  0.70250733616143057  0.71077721184703668
  0.71939528692449906  0.72828511244364902  0.73784806335966402  0.74774245048605092
  0.75867072288795068  0.77026267734629317  0.78352841910087612  0.79846636644210878
  0.81645754346830368  0.83984236561587544  0.87940664882989483  1.00000000000000000
   2.5248804464883520E-002  -1.0000000000000000     
 T T T T T T T T T T T T T T T T F F F F F F F F F F F F F F F F
  <DiscreteSampler_grid>
  grouped_processes
  1 # 1 for a reference and 2 for a running grid.
  10 # Attribute 'min_bin_probing_points' of the grid.
  1 # Attribute 'grid_mode' of the grid. 1=='default',2=='initialization'
  0.0000000000000000 # Attribute 'small_contrib_threshold' of the grid.
  0.5000000000000000 # Attribute 'damping_power' of the grid.
 # binID   n_entries weight   weight_sqr   abs_weight
    10   10   1.278776070135384E+009   2.078224609815122E+018   1.278776070135384E+009
    16   10   1.278776070135384E+009   2.078224609815122E+018   1.278776070135384E+009
  </DiscreteSampler_grid>
