 -0.00000066758975640  0.00001403921011607  0.00002839780000724  0.00004171990855649
  0.00005509210780326  0.00006879256972046  0.00008303037631989  0.00009793141658033
  0.00011358445743695  0.00012980492680077  0.00014655721032698  0.00016404577825282
  0.00018256410528153  0.00020216320947328  0.00022278402529571  0.00024428065499421
  0.00026677961856714  0.00029032457884557  0.00031505037831548  0.00034108708446770
  0.00036820548234181  0.00039680380067515  0.00042673892729273  0.00045814769584718
  0.00049037690660703  0.00052384105977150  0.00055899206086830  0.00059554439334624
  0.00063390634004791  0.00067366868628778  0.00071561459882911  0.00075883111459144
  0.00080455932230892  0.00085230760389568  0.00090285329198021  0.00095538082769535
  0.00100897639800850  0.00106496696887455  0.00112318284253389  0.00118251348710087
  0.00124496899795019  0.00130770186972967  0.00137613674465459  0.00144798344692348
  0.00152293382015005  0.00160178600701861  0.00168075352340511  0.00176244751054210
  0.00184632501580217  0.00193481943952182  0.00202837851864302  0.00212752599264287
  0.00222874040612784  0.00233047785085070  0.00243586909099790  0.00254315507729631
  0.00265514564529722  0.00277253638105006  0.00289382498590980  0.00302398056077992
  0.00316390910813568  0.00330974327983370  0.00346434640621457  0.00362514598694345
  0.00378976021542738  0.00396042600193362  0.00414173973132468  0.00434029852274630
  0.00456427926091438  0.00479555812238145  0.00502335188329224  0.00525090250816190
  0.00548501782519569  0.00573204002019796  0.00600794858433435  0.00630684228472524
  0.00661935695372584  0.00690932206719310  0.00718343059110767  0.00746703808323493
  0.00776735610760291  0.00809988872531587  0.00844800858723654  0.00881860427906669
  0.00925958021068482  0.00976098007979987  0.01021952033388153  0.01063731962206611
  0.01104177566342932  0.01147749860902730  0.01202746344982313  0.01271280336394200
  0.01351731960441388  0.01429639695634155  0.49910873590314936  1.00000000000000000
 -0.00224182849318035  0.00934380952591569  0.01966093110820617  0.03042140252645990
  0.04110496573840428  0.05183820105232031  0.06222959911655868  0.07275431266574318
  0.08337381955365690  0.09422279139128532  0.10495853623834053  0.11555683718739158
  0.12615698531441472  0.13673812826535872  0.14718746009097028  0.15744259804409241
  0.16759513423669409  0.17778994079654947  0.18792576284571924  0.19842833888174294
  0.20876088817458463  0.21959181038707731  0.23031109397533528  0.24116567690483245
  0.25200014962568817  0.26285624567923732  0.27372737143810211  0.28450582384578899
  0.29506172196270586  0.30529137264070538  0.31575534862644977  0.32635306990739860
  0.33685995808697966  0.34723794476165931  0.35752770258165467  0.36799262923775694
  0.37842436522061118  0.38880936519033277  0.39921882376767692  0.40962339920790630
  0.42014057535404603  0.43082855821596677  0.44161844977494025  0.45238662677543623
  0.46315358033696902  0.47375209770397292  0.48441132657358599  0.49511410801476896
  0.50579885420408255  0.51637154602268787  0.52679288352965892  0.53724757410589263
  0.54775339717422333  0.55838533536585733  0.56913820424497197  0.58009234877581839
  0.59084895278207261  0.60159465942340495  0.61229385468361053  0.62289992601158817
  0.63327363753208110  0.64354519410570199  0.65403102413765690  0.66438711898143088
  0.67479718950414147  0.68509252489953598  0.69554945205925722  0.70604626714501739
  0.71684212779742851  0.72769963067676569  0.73842373928336213  0.74908436257857436
  0.75950411108624083  0.76997173009985453  0.78044368044696799  0.79100410348188788
  0.80161500993799861  0.81233479060584757  0.82310661853364453  0.83379960778287232
  0.84424498240944346  0.85465536893947824  0.86498042773430284  0.87535136937832791
  0.88569061519302983  0.89600531827490726  0.90643604991084670  0.91679672327567296
  0.92720854793869301  0.93758130388442562  0.94805854182644078  0.95857122221799795
  0.96886922690492350  0.97914514174970879  0.98950513967057019  1.00000000000000000
 -0.00458186054601353  0.02493985339532792  0.04564290838219855  0.06309889287205327
  0.07886931275561093  0.09350357530006237  0.10733062738045408  0.12047144194020511
  0.13305178339457110  0.14519067542622882  0.15702826411170154  0.16843654078990128
  0.17938083950019262  0.19000590136130766  0.20043110895925290  0.21073834469376171
  0.22095234871278907  0.23106444842479884  0.24104916282794389  0.25085534932408143
  0.26050642178932853  0.27002488629391086  0.27939492456924092  0.28859944950361233
  0.29769905245980749  0.30677117841638563  0.31581226720512567  0.32475903502176356
  0.33363524610188156  0.34246174655623235  0.35123345232984732  0.35994467106519751
  0.36858640702805096  0.37718091892422034  0.38574913519646614  0.39433948595808549
  0.40299354150232602  0.41169592845577757  0.42036632762366538  0.42893581998207869
  0.43742408849651399  0.44579358586332474  0.45406398951884275  0.46233621805859249
  0.47057416227530324  0.47885296496520630  0.48715893401299881  0.49545704358602627
  0.50378678457415904  0.51217716635441457  0.52061039093293637  0.52889409671128884
  0.53706099611550628  0.54514793997350053  0.55321020379000940  0.56132037692716275
  0.56952107270418617  0.57782373549106136  0.58620929918523612  0.59460849657404780
  0.60299962140553920  0.61132288305133853  0.61953750556085807  0.62764396789546695
  0.63569325689316702  0.64387207043108907  0.65224925398778288  0.66082774906728203
  0.66953204748748862  0.67827645705746620  0.68699381588690978  0.69567601326653783
  0.70440466226491227  0.71325723127836815  0.72220004555678807  0.73119495378442023
  0.74029405745829835  0.74946689009456735  0.75877523359802845  0.76826966298297372
  0.77793104791415457  0.78784860173764548  0.79791676415988944  0.80806174982783385
  0.81815938104571473  0.82844890820752981  0.83922937902616279  0.85057136815961387
  0.86229166009962466  0.87479820074008896  0.88840555261759568  0.90264769002452150
  0.91764957183916840  0.93439081187223316  0.95699673035675359  1.00000000000000000
 -0.02806459726607090  0.13638432674020998  0.17538508701413807  0.19819393684529601
  0.21566162181525320  0.23037167720244833  0.24285686610519980  0.25403930024364807
  0.26421693043895456  0.27401550794701285  0.28314388260574669  0.29184420020552160
  0.29976421587828245  0.30739557992305960  0.31486616861501254  0.32215012708433916
  0.32925124995692823  0.33604735918959211  0.34260841869417902  0.34899957351179339
  0.35526803652754901  0.36138831562392587  0.36740956818429715  0.37326234171752615
  0.37896664107066741  0.38454912717164041  0.39010437245049984  0.39563935458250860
  0.40112754261933220  0.40658144335981883  0.41200342529420830  0.41733921696027587
  0.42255832763163265  0.42771494192582188  0.43283045295511530  0.43790833929992967
  0.44295251969910426  0.44799335352838476  0.45305142218427885  0.45811198096962841
  0.46313915447253756  0.46809796602324855  0.47299068308775361  0.47787040635618894
  0.48280238876574660  0.48777149768964317  0.49272476237961771  0.49766521357457927
  0.50261752566550411  0.50751968163841865  0.51242958103298086  0.51735929909405087
  0.52229882860292443  0.52724595751035686  0.53218135727152849  0.53709107299898906
  0.54200701910890936  0.54697331445139186  0.55200748932568788  0.55709509563455173
  0.56220020791372483  0.56730751890275799  0.57244222853102456  0.57761991353011310
  0.58284163789685151  0.58813889040509448  0.59347788398020862  0.59885374791736290
  0.60429018767031395  0.60980536094641014  0.61533107577066637  0.62089402126851545
  0.62655241871249601  0.63234728968709997  0.63824374020180941  0.64420895664617661
  0.65044140800104011  0.65682065022186431  0.66328397104518277  0.66998785951186723
  0.67692894075339649  0.68402901680890948  0.69141793732215540  0.69918584783993010
  0.70723493150878658  0.71596967376628196  0.72497401915890902  0.73462671895018838
  0.74493728362500700  0.75647248253879851  0.76922033614428875  0.78380346540555312
  0.80140468288183753  0.82425409484273127  0.86227954103735938  1.00000000000000000
   1.2619198612448588E-002  -1.0000000000000000     
 T T T T T T T T T T T T T T T T F F F F F F F F F F F F F F F F
  <DiscreteSampler_grid>
  grouped_processes
  1 # 1 for a reference and 2 for a running grid.
  10 # Attribute 'min_bin_probing_points' of the grid.
  1 # Attribute 'grid_mode' of the grid. 1=='default',2=='initialization'
  0.0000000000000000 # Attribute 'small_contrib_threshold' of the grid.
  0.5000000000000000 # Attribute 'damping_power' of the grid.
 # binID   n_entries weight   weight_sqr   abs_weight
    10   10   2.252760604348309E+010   2.393574752611282E+021   2.252760604348309E+010
    16   10   2.252760604348308E+010   2.393574752611280E+021   2.252760604348308E+010
  </DiscreteSampler_grid>
