 -0.00017769541380352  0.00172874472329595  0.00455554590351337  0.00830799365848061
  0.01286243434874350  0.01819386813145868  0.02393267565658622  0.03029503728735148
  0.03700796945783431  0.04415443785998797  0.05146440601597982  0.05884670907665153
  0.06655900809239478  0.07458004731864121  0.08273709048318773  0.09098211289897457
  0.09958997385964104  0.10848492476152879  0.11749070301469480  0.12657123634174941
  0.13575517449441823  0.14493790993671857  0.15420069404162315  0.16357255568481988
  0.17309644122128390  0.18282188722772547  0.19283291409877154  0.20306341766474936
  0.21312404763112380  0.22320857302029393  0.23328806659157231  0.24332644536156309
  0.25337251489195928  0.26351524671654830  0.27375292560289161  0.28409442956359332
  0.29464717042376970  0.30497478879008710  0.31528757796723528  0.32565883005182650
  0.33628133258461279  0.34691702083764320  0.35764908473349627  0.36844403793794195
  0.37926367855452936  0.39011251426651766  0.40100300496194830  0.41181912387574288
  0.42258501775381385  0.43345076160936097  0.44435618426302725  0.45527659339432713
  0.46646827397900875  0.47768370533547622  0.48876451757444206  0.49978651603150903
  0.51096866172824118  0.52211600148060955  0.53337161624733676  0.54468152932643754
  0.55603569870628822  0.56742200736110326  0.57883007207821224  0.59027667761112756
  0.60186301843602130  0.61369269707704877  0.62562289988782216  0.63755712647547447
  0.64956275590580581  0.66158689895838618  0.67363958147951797  0.68577906044499426
  0.69795373362500246  0.71018975143628982  0.72252353013287651  0.73490592429570900
  0.74726332215064006  0.75951010464144442  0.77204592101236513  0.78518706991572673
  0.79830402420099600  0.81131546150553391  0.82433445345041356  0.83742607740903430
  0.85062595713572464  0.86398620641704960  0.87733519651434988  0.89056193792820959
  0.90375863779970655  0.91712048027171622  0.93062101995069124  0.94424820679523613
  0.95800961915204330  0.97190082679173195  0.98590383986279817  1.00000000000000000
 -0.00209893511388767  0.00885089421366130  0.01820423049284571  0.02837470208272776
  0.03868276461222801  0.04923683777091208  0.05979662363360970  0.07052854361770293
  0.08150418151858727  0.09206299128348705  0.10247711984542392  0.11289683951179710
  0.12348210278654904  0.13406109178154541  0.14458751604150966  0.15551450771673617
  0.16641826368508381  0.17707859021314368  0.18735287651835561  0.19764963770492758
  0.20788200123889505  0.21836814069765989  0.22874443177084791  0.23894826142446077
  0.24896544310677199  0.25908124145254252  0.26942158144649225  0.27976895067092955
  0.29015908279626518  0.30064800167033495  0.31105377373559817  0.32159302437999088
  0.33232400104218973  0.34305421389113155  0.35364096500059405  0.36415045815101876
  0.37475479590365507  0.38564977669526379  0.39685669010318531  0.40814849910509265
  0.41938110142460544  0.43032937373659386  0.44114318163393523  0.45192690126778590
  0.46271574316954733  0.47338818087297918  0.48425922591248666  0.49530392499337716
  0.50613797881492939  0.51682031097756331  0.52730541982219425  0.53759326088246540
  0.54787184904368069  0.55783560249519093  0.56802142910113751  0.57835411712990548
  0.58907927671190885  0.60015346412300308  0.61105492686826712  0.62166811445752312
  0.63219148055250340  0.64272848346716360  0.65357005433708559  0.66458876936195121
  0.67550734690985714  0.68650356487757458  0.69685170298079757  0.70703478687710619
  0.71726620883996484  0.72765449125537163  0.73796140529027643  0.74851384932003495
  0.75948832025234481  0.77035645745677306  0.78040796678533797  0.79045052988353925
  0.80070932250249094  0.81109815310210664  0.82141516192136166  0.83169268845170885
  0.84193088666052074  0.85205710781028976  0.86224826963012846  0.87245503808245828
  0.88256795491175255  0.89275011754785616  0.90331383962739509  0.91422625436243110
  0.92487567689544159  0.93544415549021442  0.94620841758746432  0.95718265932808799
  0.96821866241077559  0.97898046162870744  0.98956532742742065  1.00000000000000000
 -0.00462728257293286  0.02473410539654117  0.04450529156987549  0.06081208609133183
  0.07512926641697192  0.08831644825212918  0.10096139485660938  0.11320154010736887
  0.12497900872791573  0.13645931932116007  0.14787748734695344  0.15935401997188967
  0.17062641714626220  0.18164118252508488  0.19231576023427135  0.20281001579130695
  0.21317551186942466  0.22319018298517038  0.23281424004206586  0.24215747930071485
  0.25148650333228251  0.26078050607153386  0.26997229777450327  0.27910407928318748
  0.28835930199531623  0.29778410170546604  0.30725904311204549  0.31663981216989373
  0.32598401573983560  0.33536801999963523  0.34477959015101844  0.35408248810852611
  0.36313545578280182  0.37198395152194436  0.38075690032574006  0.38960589074104340
  0.39857234550781823  0.40756965294286346  0.41656492744146850  0.42560455742550934
  0.43461202330893817  0.44359179809996802  0.45260046684362726  0.46160688776588843
  0.47064969412963736  0.47971544918473186  0.48860804790119383  0.49741994190617123
  0.50617398830369220  0.51490890273994161  0.52370956560650206  0.53253681422458299
  0.54146587453118356  0.55055401254667991  0.55955853508522269  0.56828592627670371
  0.57660846178878677  0.58531786030902655  0.59431359137851403  0.60326574529665533
  0.61212225744514637  0.62101360345626599  0.63010967425360720  0.63918871409950473
  0.64841490639014843  0.65762638310328281  0.66686455173607229  0.67595690072802528
  0.68520266228491578  0.69461907227636777  0.70419538902688628  0.71372948672274916
  0.72325157056258615  0.73323471675399365  0.74342579023860045  0.75381582541979120
  0.76421491119904683  0.77449342867076487  0.78475949102589582  0.79497517707915188
  0.80515775982348359  0.81542094762250905  0.82574200840197609  0.83613446471969943
  0.84662241979677355  0.85737152553189266  0.86855911862057278  0.88006822605115298
  0.89181217684266212  0.90381999653683776  0.91597365194615343  0.92851288302616974
  0.94197106505189399  0.95703320759678112  0.97592050442848066  1.00000000000000000
 -0.02424079428350634  0.14340057425912731  0.21678714204607544  0.25395959582434730
  0.27948615085849343  0.30047446443009890  0.31898344139037954  0.33565467944041172
  0.35074880425925475  0.36470601648847839  0.37797786605909306  0.39046401527624514
  0.40234254774976436  0.41350981473281251  0.42403248570423641  0.43410000549420880
  0.44389047099260498  0.45335728209261134  0.46254971000899353  0.47132363007495276
  0.47991431869603074  0.48827608407277101  0.49648833835359213  0.50429180879476121
  0.51185134755129158  0.51927212986121285  0.52655873548214460  0.53364950959161384
  0.54060902754624029  0.54731979602073499  0.55385433105620308  0.56023272735094143
  0.56663658271089690  0.57303876636891715  0.57940610540600956  0.58567015462211092
  0.59183989038875640  0.59788771571306887  0.60379232359682000  0.60948757296349820
  0.61499318489320487  0.62046674833712090  0.62597877429481064  0.63154273520681847
  0.63708559173392576  0.64255183869931176  0.64793817608906323  0.65323424006969999
  0.65848641646123673  0.66371173337911060  0.66882690317659210  0.67392627273790773
  0.67901652985971939  0.68409347405282506  0.68909247050271649  0.69395288991828552
  0.69873674749927472  0.70352276237051270  0.70829805881597518  0.71310839470625775
  0.71793315754810672  0.72274645536671278  0.72752389433008025  0.73227966297491853
  0.73703870070979405  0.74179833637649917  0.74650941119119507  0.75114756481539979
  0.75577075688221196  0.76043030591977445  0.76520245708662649  0.77008861482647495
  0.77503628096166655  0.78002769013600970  0.78501287371023476  0.79004303808127230
  0.79514170500305248  0.80036239134860543  0.80564538034572153  0.81090673427720050
  0.81612227422345174  0.82138110763819205  0.82678650498611639  0.83238917832581216
  0.83818725841159358  0.84412458944717228  0.85019473414063929  0.85662800986128929
  0.86370270541767158  0.87137783809293368  0.87992414041191858  0.88969397189971433
  0.90106498112087929  0.91560463806769088  0.93956544042723766  1.00000000000000000
   4.7057775944696708E-004  -1.0000000000000000     
 T T T T F F F F F F F F T T T T F F F F F F F F F F F F F F F F
  <DiscreteSampler_grid>
  grouped_processes
  1 # 1 for a reference and 2 for a running grid.
  10 # Attribute 'min_bin_probing_points' of the grid.
  1 # Attribute 'grid_mode' of the grid. 1=='default',2=='initialization'
  0.0000000000000000 # Attribute 'small_contrib_threshold' of the grid.
  0.5000000000000000 # Attribute 'damping_power' of the grid.
 # binID   n_entries weight   weight_sqr   abs_weight
    10   10   2.486227284626454E+009   9.149236756381170E+018   2.486227284626454E+009
  </DiscreteSampler_grid>
