  0.00000126776941054  0.00001214643802224  0.00002525844707472  0.00003716826932371
  0.00004912116220847  0.00006105976198286  0.00007325024340521  0.00008594502611770
  0.00009922003216611  0.00011294079679088  0.00012708055306006  0.00014127260144037
  0.00015555190652474  0.00017047088521974  0.00018612463437193  0.00020293294609235
  0.00022049506461107  0.00023900324150581  0.00025881803925118  0.00027972940784048
  0.00030116760352640  0.00032327124209770  0.00034634023953588  0.00037029203695155
  0.00039553889482125  0.00042238494721604  0.00045050224168155  0.00047940389045718
  0.00050904499478365  0.00053957414960210  0.00057122848178562  0.00060502834005540
  0.00063925176230057  0.00067753482808711  0.00071587732246498  0.00075585023794766
  0.00079687127697373  0.00083859560218700  0.00088178517412689  0.00092785844180962
  0.00097476125210110  0.00102503427631542  0.00107513908465370  0.00112502301108055
  0.00117727085352896  0.00123358532650290  0.00129147498096752  0.00136082277374193
  0.00143250190763708  0.00150807021326596  0.00158661963945280  0.00166746275102160
  0.00174848498212719  0.00183394154945078  0.00192286031873263  0.00201461444116809
  0.00210944431645449  0.00220681789956461  0.00230839267762140  0.00241791398643772
  0.00253810825270712  0.00266419376553217  0.00279230159677917  0.00292302834220965
  0.00306645368024934  0.00322078195466322  0.00337903572374497  0.00354126032425048
  0.00370280210167293  0.00386605041628616  0.00402903486898803  0.00421745285336362
  0.00441673479222747  0.00464927624213180  0.00490813201711958  0.00518645554156336
  0.00548161715518795  0.00578337907115666  0.00612232914262822  0.00645624067218942
  0.00679703324435171  0.00716598007696250  0.00756021822075513  0.00798217480324519
  0.00851247907490123  0.00914118886404668  0.00992712642596638  0.01082924104702106
  0.01174244675869499  0.01267352437536284  0.01358269325336841  0.01447762491903599
  0.01552371585625132  0.01697524899179703  0.01913211897711280  1.00000000000000000
 -0.00219467959393533  0.00881634394723312  0.01840297461713455  0.02846611039684291
  0.03875662917642229  0.04943890266066629  0.06021014360912937  0.07085322553424173
  0.08139818430236223  0.09182864563227019  0.10244322767233729  0.11279215697823385
  0.12315564070891051  0.13358392682299336  0.14385451832478660  0.15421597863381192
  0.16448419818622853  0.17504320207207746  0.18554898285735952  0.19592903535039788
  0.20633661291232541  0.21688649426476561  0.22753836115046069  0.23804080193486971
  0.24872186907751045  0.25935305494500377  0.26983608995976566  0.28016402010437536
  0.29053420489393655  0.30113117291793218  0.31166215246575529  0.32223583855601678
  0.33274226802925150  0.34319738686984919  0.35364684779692235  0.36432689633637022
  0.37504736559689905  0.38578870730179915  0.39650564619818213  0.40737204823847989
  0.41803953373855074  0.42830928982628136  0.43849705150809243  0.44900942344208894
  0.45965891139723514  0.47032109696266433  0.48095785104430588  0.49176815493877357
  0.50254464235542362  0.51330933700472581  0.52407406874232965  0.53474989674317275
  0.54524729174807618  0.55569197390015590  0.56610346239935760  0.57653277618459564
  0.58708218386139344  0.59765868896616980  0.60820279670126576  0.61870893825922235
  0.62917114295946930  0.63937906808292122  0.64956304484587191  0.65977053927734952
  0.67001094904495839  0.68048713745899048  0.69115608654273297  0.70191649890186769
  0.71273111719174687  0.72330904462235557  0.73394624444389223  0.74438350819653909
  0.75499432686704648  0.76591092695634211  0.77655458094938423  0.78715585123678933
  0.79774109156702211  0.80846647813182704  0.81902621799364883  0.82954202477366323
  0.84021042555458569  0.85084821008398315  0.86141386585663471  0.87199162554818554
  0.88292876599483694  0.89383492258751962  0.90469659767354893  0.91525906577770877
  0.92560577618839912  0.93605758800582428  0.94676906154038254  0.95744994254528615
  0.96803764184630481  0.97859334154184630  0.98929318899971619  1.00000000000000000
 -0.00370055153417192  0.02250100869298964  0.04186909656186377  0.05857060800918790
  0.07377249770249251  0.08789020486214316  0.10128075909199470  0.11414874403857828
  0.12644336575720513  0.13821038161751267  0.14977751999704089  0.16118638169643912
  0.17233697467087519  0.18310730625798069  0.19384363690654668  0.20452325587610143
  0.21506353266501788  0.22535307166130900  0.23540537258340918  0.24534635886822381
  0.25526133376429361  0.26499348761577607  0.27456663416633448  0.28395272662159521
  0.29337207793647957  0.30273323627519610  0.31202402021896375  0.32125458576971999
  0.33038030826017306  0.33920836332333049  0.34791839218937770  0.35660000886481874
  0.36540017123655727  0.37411442913890330  0.38260897512637704  0.39094772001200095
  0.39930406028657606  0.40774646842046031  0.41619232728412453  0.42460757329354931
  0.43301833269525752  0.44150559613794566  0.45005222173872073  0.45856334446743768
  0.46707790469028521  0.47559169569383275  0.48410949982715085  0.49268386222318744
  0.50119367209871080  0.50955733650655255  0.51782250253806295  0.52610907057229495
  0.53432293960770605  0.54260483006545390  0.55092296659472995  0.55932346827238422
  0.56766545982394823  0.57605997251264685  0.58444679917943543  0.59279419663919208
  0.60122834170893036  0.60958377912557060  0.61798192538789809  0.62644004105103801
  0.63495082658176216  0.64357267962299192  0.65230520701543071  0.66109485509345456
  0.66994409149397938  0.67889841357017411  0.68796249474573878  0.69709397080975277
  0.70613909891793947  0.71525113869409007  0.72445998065406925  0.73384975807558095
  0.74348403624196835  0.75316028379332600  0.76316659866723047  0.77314767866032941
  0.78313578418161556  0.79320516561370757  0.80311035915450457  0.81329735483085630
  0.82362977949317395  0.83425450788605726  0.84526688519467075  0.85633684542165156
  0.86814309617839414  0.88021728540609623  0.89307451429351936  0.90682695701605287
  0.92221899953840569  0.93996936248219876  0.96340405824521214  1.00000000000000000
 -0.01988149664893175  0.12120739870753938  0.16057161205173121  0.18410499079470011
  0.20239961647546503  0.21766867675854989  0.23090329782846611  0.24267953283586138
  0.25352948631317757  0.26350140654487958  0.27301364726229882  0.28182386043269692
  0.29045563449397993  0.29865308027577531  0.30659664825805627  0.31423463222653569
  0.32138661042143429  0.32839103954428145  0.33522112252995384  0.34190658544923125
  0.34853444314274767  0.35508905263500778  0.36151392791907672  0.36783809942536849
  0.37408785381628812  0.38010896430784463  0.38598185416413916  0.39176918615562512
  0.39740764413820046  0.40291129409607251  0.40837008490728122  0.41381250570980288
  0.41924385537202719  0.42459065334344626  0.42990199397718870  0.43524221364740989
  0.44065813098686479  0.44608431135253040  0.45149854837199077  0.45682697101753894
  0.46205350713411203  0.46725227523408819  0.47243033570347770  0.47756653021773177
  0.48267180824229261  0.48773201822572293  0.49276880734081691  0.49784449946497977
  0.50292349233955780  0.50807504348928845  0.51328436822840195  0.51851927661436703
  0.52376128406827749  0.52902025927052077  0.53429188408440864  0.53958729334213107
  0.54491665411382428  0.55022430234152697  0.55552911535221883  0.56081779537875143
  0.56620404371584088  0.57167593943827366  0.57719987663103656  0.58272250281656368
  0.58828175134592997  0.59389681725610433  0.59953790244054650  0.60520192894927760
  0.61090695318989874  0.61666254498189577  0.62252505690322513  0.62847579466521042
  0.63456634493011022  0.64062339226509313  0.64679391015813670  0.65306662679755734
  0.65951809803165407  0.66615063465403856  0.67299986138634416  0.68002495264855267
  0.68715406256409295  0.69477370970514207  0.70252031192996867  0.71055946825564231
  0.71899670093266232  0.72765314459035735  0.73712959639034092  0.74689531350911897
  0.75775754053671451  0.76946158124063602  0.78290684811030831  0.79832802749991605
  0.81668592375746651  0.84003171470074511  0.87817713989051449  1.00000000000000000
   2.4985484092793695E-002  -1.0000000000000000     
 T T T T T T T T T T T T T T T T F F F F F F F F F F F F F F F F
  <DiscreteSampler_grid>
  grouped_processes
  1 # 1 for a reference and 2 for a running grid.
  10 # Attribute 'min_bin_probing_points' of the grid.
  1 # Attribute 'grid_mode' of the grid. 1=='default',2=='initialization'
  0.0000000000000000 # Attribute 'small_contrib_threshold' of the grid.
  0.5000000000000000 # Attribute 'damping_power' of the grid.
 # binID   n_entries weight   weight_sqr   abs_weight
    10   10   2.013373894313996E+010   3.546098916674373E+021   2.013373894313996E+010
    16   10   2.013373894313996E+010   3.546098916674373E+021   2.013373894313996E+010
  </DiscreteSampler_grid>
