  0.00000857748835723  0.00001200683479422  0.00001679369667010  0.00002170389716964
  0.00002648225834427  0.00003151204995545  0.00003687100887466  0.00004228668134216
  0.00004774424661704  0.00005323032369438  0.00005875267584046  0.00006432550765514
  0.00006994304426364  0.00007562018538889  0.00008143872175183  0.00008746725641636
  0.00009371452405452  0.00010026330186716  0.00010695731233080  0.00011386128254553
  0.00012099113028216  0.00012828461559022  0.00013570048393028  0.00014325888602256
  0.00015096964967762  0.00015877759387149  0.00016654934381070  0.00017444480682524
  0.00018249307781216  0.00019077675278625  0.00019932819815819  0.00020818777479131
  0.00021744487844733  0.00022717620495559  0.00023734576221818  0.00024787504986174
  0.00025886055745521  0.00027031387158552  0.00028222682928583  0.00029465756234058
  0.00030746959305747  0.00032087554022968  0.00033501216881170  0.00034971559511961
  0.00036519002059012  0.00038122065414149  0.00039797610030733  0.00041554157651078
  0.00043396643374402  0.00045361646354087  0.00047407933331781  0.00049564825186840
  0.00051827558945156  0.00054268685455043  0.00056868796041008  0.00059625345580081
  0.00062550207895555  0.00065648828361095  0.00069015753825659  0.00072507431930931
  0.00076306157332278  0.00080286608258316  0.00084692062674108  0.00089288829067649
  0.00094263010660333  0.00099680145693142  0.00105514940931123  0.00111773910010885
  0.00118493309821951  0.00125891204251664  0.00134098135209323  0.00143086545650525
  0.00153028719284096  0.00163850944488572  0.00175731625783844  0.00189103424251737
  0.00203698907971457  0.00219882023203601  0.00238331648170048  0.00258550114807737
  0.00281083683047357  0.00307013041407161  0.00335977848624798  0.00367617899679526
  0.00402733808427394  0.00443676021680328  0.00490807147290636  0.00543983679981469
  0.00611143785485865  0.00709191531832321  0.00859839274687905  0.01045851284349095
  0.01307365773325824  0.01687785704067370  0.15451774626162040  1.00000000000000000
 -0.00238281007226755  0.00971697719745902  0.01972529819548288  0.03015916725627599
  0.04063531880802598  0.05118377690594186  0.06182967661027277  0.07246976366448095
  0.08286635884799380  0.09307997370716033  0.10349240610307242  0.11424462343580712
  0.12500422182319051  0.13557575091485294  0.14619288535201183  0.15664785066892634
  0.16702455343858350  0.17741513461192229  0.18778176005435729  0.19810532221193411
  0.20842999528419381  0.21859291722776100  0.22884229857606983  0.23923970339546502
  0.24981981065521569  0.26055283536491775  0.27114577016811631  0.28179599898622598
  0.29232607481885153  0.30272164590395567  0.31302042093295046  0.32340572967038667
  0.33386415731337638  0.34465738484104458  0.35544102298897667  0.36614259843799346
  0.37673222651569443  0.38744295024895264  0.39810302765057304  0.40857448721359213
  0.41907784665503389  0.42957452779414712  0.44027833751212919  0.45091062674227433
  0.46167837883014018  0.47234846232692973  0.48310830559196527  0.49399284427590789
  0.50471199523950461  0.51541424815458936  0.52607234708064288  0.53690558237693187
  0.54757253626341207  0.55848772869510299  0.56921577036602278  0.58006680154170609
  0.59082663708626848  0.60154554454645637  0.61222352243401057  0.62278040891026742
  0.63369232338522463  0.64455818520337427  0.65525082902868204  0.66584657070830855
  0.67647044418044955  0.68701923390157438  0.69765565186596101  0.70805164974865953
  0.71857300831524562  0.72902026401757625  0.73926369535770897  0.74953804936588897
  0.75950471870155156  0.76966990941092450  0.77976038173863049  0.78981285369975274
  0.80003611861480217  0.81023617239051626  0.82052533136604011  0.83104081402457697
  0.84151568400721632  0.85204749189968787  0.86246985374317819  0.87306884425572628
  0.88365730813369447  0.89410230552108627  0.90456414342273594  0.91514114037762961
  0.92584044784349273  0.93663127871317398  0.94722198203508279  0.95788867103491726
  0.96844720999428635  0.97901887978099666  0.98948321504209680  1.00000000000000000
 -0.00375413842976756  0.02388843409857809  0.04391841634375290  0.06075837888743146
  0.07584362542215636  0.08969073668737383  0.10267799714408080  0.11494152243176238
  0.12672490684102852  0.13797304814992101  0.14894994229157821  0.15951999395889135
  0.16994719942351283  0.18019512867576937  0.19047739454476548  0.20059541176091195
  0.21042039155783282  0.21998566359722108  0.22948621315139150  0.23891060221801760
  0.24817588950071554  0.25729953236969921  0.26626083529047667  0.27522067161450514
  0.28420447300598128  0.29320704332099889  0.30222018890462465  0.31113738378673267
  0.31970600645117919  0.32803793496236483  0.33619004450988937  0.34430884151527241
  0.35240419898326580  0.36041032879891771  0.36827682358638086  0.37623264197189837
  0.38441590455680269  0.39268260683830558  0.40091089030653460  0.40905183034418197
  0.41711432764203132  0.42520511063033201  0.43336540610934621  0.44151461377138884
  0.44965944891048432  0.45767050433188616  0.46573637700799292  0.47372889877451418
  0.48174566844590028  0.48970527179886902  0.49753689852031607  0.50524748592598978
  0.51290364577102243  0.52063356938571737  0.52841549397251986  0.53620640020914023
  0.54395459234581756  0.55169579826144932  0.55950504304383097  0.56747308275098240
  0.57554441367750619  0.58363377002619943  0.59177481753609085  0.59992549076427504
  0.60817213921287250  0.61661855135928889  0.62513028086296729  0.63369435820327835
  0.64220469504241462  0.65064319486698441  0.65910036735120014  0.66777075612643788
  0.67647879501926311  0.68528251121716210  0.69419945954005924  0.70328425820745111
  0.71257915274789996  0.72207039036359655  0.73160040303226137  0.74131694703982964
  0.75118703933888198  0.76123481548049809  0.77137071730362894  0.78179810903350655
  0.79255231051015096  0.80379184250008806  0.81527287739387899  0.82727422876285617
  0.84004369527528922  0.85365651628324157  0.86841169549623409  0.88431860127506268
  0.90216670430163137  0.92299743480012075  0.95158148000058929  1.00000000000000000
 -0.01874938447371857  0.10844635728209467  0.14573920332785040  0.16834756688118169
  0.18549818291802808  0.20015629570955640  0.21320472961282053  0.22511626187635683
  0.23604856921774747  0.24632404337300631  0.25598194585035250  0.26521752088501005
  0.27407106556686112  0.28255030175314316  0.29072169294427957  0.29859295799321139
  0.30628265871401383  0.31383122722553958  0.32122570895307323  0.32846235284821568
  0.33558555154692388  0.34261598573790780  0.34959209681448916  0.35639295856735193
  0.36301021453988874  0.36955448250988404  0.37600476785827486  0.38234246636891633
  0.38862247187468352  0.39480829500918152  0.40081296556942059  0.40664024852322683
  0.41244397312960351  0.41825004996656562  0.42413389671939478  0.43003763245625837
  0.43591186539400723  0.44169678852070299  0.44738532544432635  0.45301451310647095
  0.45864112827350451  0.46428935274326349  0.46994510107985382  0.47558792476617373
  0.48121096893135767  0.48681760121478745  0.49241630688758375  0.49801389571498200
  0.50359831191447879  0.50922149211016476  0.51485686733367741  0.52046515944018912
  0.52603157349880680  0.53159477758628759  0.53716816392554967  0.54270341460331761
  0.54820328791591011  0.55374017730901781  0.55931986769777142  0.56493213016233002
  0.57057869033681041  0.57626556747139390  0.58201711661849020  0.58788731329007116
  0.59371892452300701  0.59956652032308488  0.60551887138483240  0.61157062127006268
  0.61767624769981022  0.62384513974185674  0.63013469528913690  0.63653103427281355
  0.64300726276318776  0.64962380883895166  0.65638942246989107  0.66324897189416943
  0.67026104915534235  0.67742829523262349  0.68473564102303930  0.69230246469213608
  0.70013625856985040  0.70818569200119286  0.71649370838388593  0.72506469567896559
  0.73405844037529966  0.74352904027601752  0.75347819213273426  0.76400855962269432
  0.77523398388794129  0.78731565798888281  0.80054674377563306  0.81552721051703525
  0.83300678127395988  0.85497606334236720  0.89079230330894166  1.00000000000000000
   3.1934792562797669E-003  -1.0000000000000000     
 F T T F T T T T T T T T F T T F F F F F F F F F F F F F F F F F
  <DiscreteSampler_grid>
  grouped_processes
  1 # 1 for a reference and 2 for a running grid.
  10 # Attribute 'min_bin_probing_points' of the grid.
  1 # Attribute 'grid_mode' of the grid. 1=='default',2=='initialization'
  0.0000000000000000 # Attribute 'small_contrib_threshold' of the grid.
  0.5000000000000000 # Attribute 'damping_power' of the grid.
 # binID   n_entries weight   weight_sqr   abs_weight
    10   10   5.182067383605700E+009   2.404469238108479E+020   5.182067383605700E+009
    16   10   5.186300516938928E+009   2.404509347110442E+020   5.186300516938928E+009
  </DiscreteSampler_grid>
