 -0.00008207594533192  0.00082070654278908  0.00192474002934613  0.00353438580737267
  0.00566242495984934  0.00824472472131656  0.01111970828201297  0.01476265923367380
  0.01874000763353089  0.02320978050968961  0.02793657301113722  0.03306832157727831
  0.03853638934610324  0.04421629069501053  0.05038398897663435  0.05687200747313691
  0.06368931485950165  0.07070593908514286  0.07754812344325589  0.08447609356438281
  0.09178089071783753  0.09960184040310677  0.10780465689943020  0.11629952915207124
  0.12495009443965223  0.13352057569429121  0.14209561978350371  0.15082183710583941
  0.15974692709911889  0.16906092085402957  0.17873189502094694  0.18849128977825563
  0.19836007890730598  0.20827769845191940  0.21852180072450519  0.22900925930855073
  0.23974475905221435  0.25060743222828402  0.26142919418489158  0.27224683942229011
  0.28316443120147627  0.29419008192304086  0.30511294781784337  0.31585659624990386
  0.32647330140434583  0.33754343039126822  0.34860792785917571  0.35982807052094901
  0.37116272287623542  0.38236491880373075  0.39376711418143295  0.40615211141966040
  0.41846781182956427  0.43089137957240947  0.44372444297421754  0.45661075550649388
  0.46937402544200130  0.48207146777774040  0.49489432914562659  0.50710709658909281
  0.51909083286480273  0.53102498034804957  0.54298528707414240  0.55496734925031477
  0.56693096549023325  0.57885656799225027  0.59063943113977357  0.60299945848771908
  0.61581110938490113  0.62843761062342363  0.64094270758203709  0.65369829509359978
  0.66666167315978331  0.67987798459111537  0.69304315344325007  0.70639263910604999
  0.71984509815311715  0.73330203650624759  0.74705332961019222  0.76071947444683741
  0.77465062105145333  0.78864642615420233  0.80266759977767910  0.81677637666911873
  0.83118939448682583  0.84567941168253036  0.86024759728424360  0.87478749733869454
  0.88919030568995350  0.90345708437329819  0.91851865086634032  0.93429219142278408
  0.95049754850730528  0.96688357318552298  0.98334145142717488  1.00000000000000000
 -0.00294906708168597  0.01096442260515210  0.02307645579519924  0.03508082057822583
  0.04744095462336661  0.05990778981037462  0.07210576263077795  0.08383137802130711
  0.09508803431573569  0.10612400229142022  0.11734687791639072  0.12874340402354428
  0.13986331944530783  0.15088338032099205  0.16195288842746708  0.17254189329013270
  0.18275512427872315  0.19306567092702670  0.20375186367914017  0.21457445116444834
  0.22555059801825345  0.23685729699897076  0.24845839267869538  0.25982421956376761
  0.27047735384535226  0.28057137881084482  0.29011471377905779  0.29995314793466465
  0.31004824141903642  0.32030468473818086  0.33031654161197599  0.34078767031590151
  0.35173080018233649  0.36238970657072961  0.37270358228955180  0.38273382708764486
  0.39265407742783165  0.40224822586424014  0.41188777829156537  0.42165823771435607
  0.43141345788917568  0.44104617322002099  0.45053701767592719  0.46014542626663318
  0.47015410547849013  0.48081242028275162  0.49226022032596517  0.50338931985606217
  0.51365195057353519  0.52352519136040254  0.53291799097825632  0.54193126033845318
  0.55054431867367559  0.55949057038909267  0.56968872399682435  0.57992719399646542
  0.59034181166340938  0.60073387211064877  0.61169790399084911  0.62330305738297243
  0.63519830603519989  0.64663774581697875  0.65652886145502265  0.66587453225319249
  0.67542845897291748  0.68509263774005180  0.69475068893370895  0.70408755088805508
  0.71390468356950032  0.72409921206063077  0.73467332876298930  0.74565526253347680
  0.75619627416120672  0.76603750194710873  0.77589670379887810  0.78584632229121920
  0.79534531676062759  0.80490519813970696  0.81499669071928293  0.82660816412002824
  0.83797335717022647  0.84859296833822850  0.85925428749502553  0.86969606139798450
  0.88032248857956730  0.89034585749169426  0.90121940741674111  0.91264973684495732
  0.92428946965996028  0.93584373572671942  0.94644911448009816  0.95705698816535190
  0.96789941262982826  0.97874339591737292  0.98955671725563865  1.00000000000000000
 -0.00366995464063892  0.02203119633507053  0.03986457317620488  0.05474982529257331
  0.06832085059340466  0.08160867456670813  0.09514373335635051  0.10827258181423761
  0.12090148129532859  0.13314682421587970  0.14467263509336217  0.15519755079320999
  0.16532439392204692  0.17559958514847698  0.18604406871802179  0.19607763581761414
  0.20606258042076078  0.21642534878667583  0.22699606150404822  0.23732502064985661
  0.24723346476763022  0.25703901664343259  0.26691095265475923  0.27673435747057862
  0.28654086695393499  0.29620147654620160  0.30581288767376702  0.31529794921893473
  0.32459501097411725  0.33359188630980313  0.34220193694864542  0.35075199827782089
  0.35900724540726320  0.36691022886230606  0.37498253447820218  0.38367571457816363
  0.39252269003251938  0.40215384983770458  0.41149460226587115  0.42152986579383273
  0.43158267666745581  0.44112431528033913  0.45022739590694522  0.45940874836127893
  0.46894006449721337  0.47878512853670374  0.48852425959218115  0.49790892682107768
  0.50680915031415197  0.51507344840633218  0.52304845241077136  0.53112505565629686
  0.53965057856918985  0.54857301690309246  0.55743852509059655  0.56628383416733141
  0.57530586736421996  0.58415947066860729  0.59294620273039222  0.60207660027959331
  0.61153049645224578  0.62090600732327061  0.62972808274996306  0.63849021397057115
  0.64731397989091521  0.65621844547257890  0.66502204622749661  0.67438691228410441
  0.68411774504454292  0.69385548959933807  0.70394259870840770  0.71358999547355140
  0.72312016585360162  0.73246828402425734  0.74190330381761194  0.75124510867401151
  0.76055175647779061  0.77000533599175436  0.77946037286541447  0.78933763880578978
  0.79959635973628906  0.81006863892539882  0.82003978935156097  0.83001774344639467
  0.84060861778909990  0.85171229011503080  0.86272011659892289  0.87369004753888424
  0.88517149136751205  0.89708210609711181  0.90880306107395514  0.92153569736568852
  0.93530487388716854  0.95172153680504035  0.97145630755270640  1.00000000000000000
 -0.01344148866561274  0.08852755664322179  0.13662522762582271  0.17944812600085361
  0.21023441902219986  0.23309116794761803  0.25096080182894742  0.26608593560559840
  0.27910419998862962  0.29090226419023413  0.30238395464919665  0.31318245339306505
  0.32324087586844452  0.33312391317516404  0.34315142247056551  0.35285560684581935
  0.36213911510880947  0.37111493915715593  0.38004648769707494  0.38890193956562225
  0.39741878701705319  0.40566805851990406  0.41379742305641376  0.42147049949133919
  0.42901917931586819  0.43624142517912212  0.44318327080424885  0.44981317103014079
  0.45637965474594261  0.46307745877156192  0.46975898638824276  0.47655744988129778
  0.48317432564352969  0.48957426052969366  0.49590425753362577  0.50232737050452536
  0.50898088855532642  0.51577470072267606  0.52248230149961294  0.52893949783065108
  0.53511567399733462  0.54099600172220197  0.54661106461284747  0.55224323151496457
  0.55796412054640787  0.56368847758324780  0.56972420785581468  0.57588022763758617
  0.58194840523747460  0.58810365430620615  0.59416607923453724  0.60018139095966772
  0.60611855728339292  0.61189209353557872  0.61759833342268899  0.62334378772519583
  0.62888549729192156  0.63432966604330154  0.63968539650775535  0.64509422348106171
  0.65037397659715757  0.65555568319704094  0.66073652547489015  0.66590058453874046
  0.67108565480111793  0.67637918233717076  0.68178717640913356  0.68734123676401548
  0.69301386535766885  0.69864004536536894  0.70410887338498218  0.70957515175278141
  0.71537683717126344  0.72125817025835870  0.72740082116186844  0.73409152924163956
  0.74102758521799339  0.74794281579767885  0.75433139413793793  0.76055534048477569
  0.76715105569154207  0.77382427495823758  0.78060599303401468  0.78731735646934642
  0.79405950231145161  0.80097124147998200  0.80831439750569400  0.81619207044127373
  0.82459774449788170  0.83367241881346399  0.84382105506919669  0.85550148506479973
  0.86919810098137951  0.88691290366776621  0.92021787163705404  1.00000000000000000
   2.2837614045298159E-003  -1.0000000000000000     
 T T T T F F F F F F F F T T T T F F F F F F F F F F F F F F F F
  <DiscreteSampler_grid>
  grouped_processes
  1 # 1 for a reference and 2 for a running grid.
  10 # Attribute 'min_bin_probing_points' of the grid.
  1 # Attribute 'grid_mode' of the grid. 1=='default',2=='initialization'
  0.0000000000000000 # Attribute 'small_contrib_threshold' of the grid.
  0.5000000000000000 # Attribute 'damping_power' of the grid.
 # binID   n_entries weight   weight_sqr   abs_weight
    10   10   1.570493900217911E+009   2.504207694952814E+018   1.570493900217911E+009
  </DiscreteSampler_grid>
