  0.00000169240891137  0.00001220961018766  0.00002619075947721  0.00003965464018081
  0.00005293131704379  0.00006610068092094  0.00007954430693261  0.00009346926663016
  0.00010786540290733  0.00012280285577077  0.00013809424328522  0.00015359497606862
  0.00016974193644764  0.00018696928238184  0.00020528772810224  0.00022428273186171
  0.00024413883288589  0.00026496359306545  0.00028661742596258  0.00030922161059374
  0.00033305712369425  0.00035798159186513  0.00038456876828775  0.00041247165970411
  0.00044171378453829  0.00047272258897156  0.00050481712336814  0.00053849799243699
  0.00057391396711185  0.00061083052136458  0.00065007703440556  0.00069117541781474
  0.00073355502762008  0.00077792643633474  0.00082408473317783  0.00087317168433056
  0.00092549392272122  0.00097807425573910  0.00103268557207055  0.00109044977352685
  0.00115193482447538  0.00121593257826762  0.00128144738528292  0.00135074483014777
  0.00142281297834642  0.00149661766283590  0.00157261495935058  0.00165037052671933
  0.00173341265320972  0.00182421480261041  0.00192037475135076  0.00201763934892274
  0.00211657890387206  0.00222138497384583  0.00233553246866723  0.00245422630816002
  0.00256782795158950  0.00268798613121070  0.00281640873221664  0.00295446940317204
  0.00309870454384299  0.00325271009093571  0.00342315304197091  0.00359988126395803
  0.00377996518225371  0.00397241400250306  0.00416688686587835  0.00437677282724931
  0.00460741709213126  0.00484538085110042  0.00509639905012843  0.00536663503111697
  0.00565528620731048  0.00597167630041613  0.00630491049151354  0.00665718789183616
  0.00705568842781849  0.00751289614576607  0.00800451751074950  0.00853402271953345
  0.00924683533862735  0.01007724549236610  0.01089121643444159  0.01156091257502140
  0.01235821120093747  0.01325921871350169  0.01437913749614983  0.01583390072303403
  0.01708089055999671  0.01836483344078847  0.01965732964338399  0.02239533443992729
  0.02637501683685367  0.03165256398901478  0.16773761238488741  1.00000000000000000
 -0.00256214320488688  0.00953536756493226  0.01986789120773128  0.03027411113471442
  0.04075379163387260  0.05124920234090823  0.06188696121328031  0.07231415174615979
  0.08260181983321385  0.09307559327529918  0.10327913465362960  0.11359777737352243
  0.12385996787111396  0.13422126152940739  0.14473315914047566  0.15518471737011733
  0.16566068896394565  0.17657195969133699  0.18752696773213257  0.19825829131169850
  0.20873996758938015  0.21902433281784547  0.22930961378687476  0.23951036320691838
  0.24995316862057207  0.26058501989377392  0.27116328963898356  0.28186968322255884
  0.29257797925466011  0.30354412536525888  0.31443252370021318  0.32528903694955341
  0.33614379907290903  0.34676244727937988  0.35727438655717297  0.36750737600489086
  0.37775350401589958  0.38816558295890258  0.39853398624376252  0.40876904034607653
  0.41895362095849870  0.42932741161315580  0.43987331116298439  0.45056387985065638
  0.46118673779441094  0.47206877351710785  0.48282306732512431  0.49351272188143397
  0.50451435779686549  0.51566532207267934  0.52664477611274529  0.53741207497081900
  0.54802326274661128  0.55851910358773660  0.56888596087579568  0.57921214948025479
  0.58968942515057921  0.60029012082112165  0.61097735144710641  0.62161942098774881
  0.63207652040888129  0.64261418484469413  0.65313574417415798  0.66352404990084246
  0.67385247541460114  0.68426512384641880  0.69489163472786253  0.70538611327881739
  0.71598719924439447  0.72661408662690585  0.73722353765498794  0.74781450441205510
  0.75841393710214133  0.76898983253458963  0.77947770278095585  0.78979497332403947
  0.80010950849685036  0.81042304648220065  0.82081539623171995  0.83130322288596004
  0.84166534968615547  0.85209060998847652  0.86252039610913400  0.87301521757342604
  0.88362659501303220  0.89434816797295702  0.90502440670198048  0.91557724045866185
  0.92634104682210738  0.93699012958411743  0.94733117872458017  0.95768300503924098
  0.96835343652958017  0.97895465679384941  0.98942802432500154  1.00000000000000000
 -0.00377180857951433  0.02345931009764825  0.04300940250266733  0.05953696147782311
  0.07470377398690428  0.08870101347349280  0.10188017386050349  0.11442761210857283
  0.12657912601918705  0.13829955130371149  0.14976845066639627  0.16108122387832460
  0.17211489730262339  0.18289856009731562  0.19354207704157719  0.20406312572520424
  0.21448942476792582  0.22470237049516906  0.23473078340765940  0.24463930309253734
  0.25449531792227692  0.26424864322328750  0.27385604489040899  0.28336134629458215
  0.29282900429500619  0.30210889656525669  0.31132099559691528  0.32036927292214085
  0.32948048660843421  0.33853776722046658  0.34752357680745488  0.35644327314753727
  0.36533905821505802  0.37423017305286260  0.38312895911018707  0.39202250449216913
  0.40092300616749282  0.40980829546878667  0.41865649592611320  0.42754253062377207
  0.43643519083345561  0.44525802100738593  0.45398199715485305  0.46267713454374665
  0.47118466634125089  0.47966148667002745  0.48811040915879916  0.49657344056881614
  0.50515484298451385  0.51381145578442866  0.52238113744234427  0.53094418801274590
  0.53936048260714853  0.54766586065977407  0.55595236975395879  0.56443140420994065
  0.57297727600135184  0.58148170178955938  0.58993191273887924  0.59838186344591382
  0.60687202956508712  0.61540131297306999  0.62392741424239939  0.63247884957231526
  0.64110541947641064  0.64981980370868564  0.65873904778365300  0.66766387322190901
  0.67643502086651963  0.68500421270876288  0.69347703029678509  0.70204023795863235
  0.71081808404078362  0.71992488089038853  0.72902168164086223  0.73822147508488645
  0.74747758042711532  0.75700883461330915  0.76679603916340078  0.77639344163837365
  0.78595810740685146  0.79574654935016187  0.80573995781964691  0.81587171305894679
  0.82590694827394973  0.83636916264593908  0.84714040324660811  0.85855026651184319
  0.87033758629608537  0.88263284777846618  0.89534108354074859  0.90903276562013369
  0.92422137691709549  0.94208373025265746  0.96559218700946037  1.00000000000000000
 -0.02007609538517470  0.12138295823640431  0.15992893575428443  0.18303184169640058
  0.20111146812728739  0.21634995063085685  0.22993421247880821  0.24186633412880473
  0.25288306251882359  0.26286287549727616  0.27251241285573663  0.28136721691452238
  0.28990290182315243  0.29796066344706656  0.30568153393245950  0.31328705904634468
  0.32040341520885890  0.32738442876095558  0.33420265483967354  0.34083437249869730
  0.34736524777734190  0.35376591045834782  0.36012815928180619  0.36637025164595005
  0.37261667801201914  0.37869225104430804  0.38466149011430811  0.39060042118704436
  0.39645059024264762  0.40218504219674284  0.40783769958695903  0.41340476537892384
  0.41886718613631840  0.42427189425538903  0.42968564879241805  0.43509498358889015
  0.44046314723851260  0.44572900069341603  0.45098032205392807  0.45625905195650385
  0.46152840387182731  0.46680291258290418  0.47206961629098720  0.47731192720514898
  0.48256144638486831  0.48779757662769418  0.49304984674373120  0.49828159199704164
  0.50341553261819605  0.50858429995436005  0.51368778323129027  0.51874957860158966
  0.52382904661983853  0.52895196858254045  0.53415081171550982  0.53938018778878272
  0.54457520738722198  0.54984442401644140  0.55515208946956796  0.56053001265936009
  0.56596383114370052  0.57136714040904213  0.57674496197493652  0.58209109161870376
  0.58759508771510849  0.59315585641352875  0.59874459195083407  0.60437657686059865
  0.61008703273970566  0.61587430898928408  0.62170250175375597  0.62763627606269523
  0.63374640150193573  0.63989982394869904  0.64611148070009750  0.65236464298566543
  0.65866759827070731  0.66513950504772690  0.67182339421195403  0.67880877662719197
  0.68594045229527056  0.69341462090653649  0.70115620903834863  0.70917626753949592
  0.71802827171875849  0.72702526720085170  0.73663015199794324  0.74660413483503874
  0.75741163904453157  0.76932378277093294  0.78269478529540271  0.79803898923602401
  0.81642411936379478  0.84000232767957639  0.87976355015870467  1.00000000000000000
   2.5258852386378171E-002  -1.0000000000000000     
 T T T T T T T T T T T T T T T T F F F F F F F F F F F F F F F F
  <DiscreteSampler_grid>
  grouped_processes
  1 # 1 for a reference and 2 for a running grid.
  10 # Attribute 'min_bin_probing_points' of the grid.
  1 # Attribute 'grid_mode' of the grid. 1=='default',2=='initialization'
  0.0000000000000000 # Attribute 'small_contrib_threshold' of the grid.
  0.5000000000000000 # Attribute 'damping_power' of the grid.
 # binID   n_entries weight   weight_sqr   abs_weight
    10   10   1.450585473043640E+009   3.001904361614214E+018   1.450585473043640E+009
    16   10   1.450585473043640E+009   3.001904361614214E+018   1.450585473043640E+009
  </DiscreteSampler_grid>
