  0.00000174244722547  0.00001203156871511  0.00002623268621675  0.00003905817300650
  0.00005182750273248  0.00006427257052447  0.00007693132073873  0.00008990090536295
  0.00010332504369924  0.00011740209692315  0.00013208978983586  0.00014708481506873
  0.00016243561647386  0.00017846204363551  0.00019525001103461  0.00021289039015856
  0.00023120494529249  0.00025036891780625  0.00027033363252078  0.00029108722054036
  0.00031314149719242  0.00033608938854441  0.00036008865958114  0.00038495883013970
  0.00041088836725553  0.00043770331577778  0.00046563721514605  0.00049484133901701
  0.00052538534385561  0.00055792208955049  0.00059147983243052  0.00062633053080118
  0.00066288935340474  0.00070089982557850  0.00074002781991037  0.00078039775237122
  0.00082237533640776  0.00086468713263669  0.00090784891224128  0.00095258073877236
  0.00100061573708731  0.00105230313176488  0.00110853170921949  0.00116793429521619
  0.00123427702399398  0.00129951996272380  0.00136646053052639  0.00143585455159405
  0.00150825281637755  0.00158346361726413  0.00166286553117456  0.00174507638552943
  0.00183630825633811  0.00192968962398714  0.00202589711544615  0.00212227679847809
  0.00222362357536037  0.00233296519352255  0.00244480342142602  0.00255410081481771
  0.00267080871427588  0.00280220120316277  0.00293442184375615  0.00307141517156170
  0.00321643984884099  0.00337655817114424  0.00354403489900568  0.00371705816050616
  0.00388310919688262  0.00406068861428518  0.00425112550073484  0.00445001132078686
  0.00466794856549393  0.00489829942545864  0.00514514618730672  0.00542981190513975
  0.00577007252630807  0.00613982356415421  0.00653338961427639  0.00691937873166153
  0.00728646242750747  0.00765021311455712  0.00802284560946297  0.00844657824027204
  0.00893872025049097  0.00951312450877529  0.01012330021182726  0.01080609592556133
  0.01164685027283303  0.01261350788987196  0.01397651169729717  0.01578234436028217
  0.01819636316414615  0.02043435960717773  0.15445940450161968  1.00000000000000000
 -0.00239621391062648  0.00937382869516572  0.01929851455858241  0.02996020731810695
  0.04050434729639846  0.05104293908133208  0.06152788508006807  0.07268854988436327
  0.08377691249723125  0.09440021780513588  0.10515325004069793  0.11569579590112782
  0.12632471685492175  0.13679975608591588  0.14731129132832144  0.15826906231154622
  0.16916883866143559  0.18000035956263141  0.19047738390512581  0.20091980893141584
  0.21158553021569437  0.22239095099241521  0.23294332873278351  0.24320942583032901
  0.25337475309927016  0.26356482156112615  0.27372688764143749  0.28410927957651527
  0.29457524919583677  0.30529640326169966  0.31585268646617981  0.32646066863711082
  0.33719186041373933  0.34785872344973595  0.35862282761668990  0.36934501194276098
  0.38007896510359679  0.39054473992488825  0.40107109835447041  0.41180590911266152
  0.42265508431505311  0.43334613240463876  0.44406421957520958  0.45481758005190320
  0.46537958913338484  0.47577360112127742  0.48604936293028195  0.49643644435619105
  0.50701283433978606  0.51738752981333525  0.52774556948840057  0.53763892581047323
  0.54785461018970349  0.55845001419947216  0.56931639228108333  0.58021906194640593
  0.59075603009155453  0.60143648987596932  0.61214486949343161  0.62264627952005980
  0.63304354540858820  0.64340299607085361  0.65412652178979591  0.66511222369526279
  0.67576231124428066  0.68638994981078227  0.69682230215577068  0.70743498620252321
  0.71784312316057275  0.72829838840820238  0.73891501535819926  0.74952119900987957
  0.75969206762668906  0.77001183038421150  0.78037243303724524  0.79102757443304450
  0.80151064018563456  0.81206848066590653  0.82272965563365508  0.83350155634450307
  0.84445841767848762  0.85527484392196040  0.86586278520263882  0.87632321315344119
  0.88657301075718575  0.89720481448521183  0.90776187110912343  0.91822539994238628
  0.92819238234498513  0.93829959229218796  0.94868471361479845  0.95896750349462911
  0.96907735423495345  0.97915827676545175  0.98947581672576235  1.00000000000000000
 -0.00356348927450975  0.02278365455741140  0.04249985086008016  0.05940967058234142
  0.07455929864249096  0.08863293505106073  0.10209591586839828  0.11487806798781652
  0.12720213199857328  0.13925580190571382  0.15093394762038306  0.16230932060660108
  0.17354617176293527  0.18465803810212125  0.19554018569398676  0.20612576217947132
  0.21655091787994152  0.22679982829002843  0.23680722564786114  0.24658755414738062
  0.25627292793854145  0.26595278590252519  0.27571201578703386  0.28543205944530226
  0.29507160148844996  0.30450208867865586  0.31385925035044043  0.32296241872661174
  0.33195095460697122  0.34077312875815075  0.34954809124902197  0.35847709131868288
  0.36741583164945968  0.37633796637396183  0.38516151041581648  0.39396903106175996
  0.40269995778444928  0.41142359348693736  0.42003117722600219  0.42842975925462956
  0.43681498396802543  0.44516663661995065  0.45355135901180182  0.46193675844045928
  0.47024565378343997  0.47850564516664551  0.48677768173241348  0.49513909310888859
  0.50343664295067159  0.51175217185245214  0.52007071325040766  0.52833979883539572
  0.53660625194643008  0.54482844722035417  0.55319187500690048  0.56170676750466941
  0.57019771008480569  0.57871153216180060  0.58715399022977688  0.59560490783787701
  0.60414963629481577  0.61271884703206747  0.62131496261351415  0.62989979988730282
  0.63845489048673343  0.64703867802081105  0.65573760785227397  0.66460550088748649
  0.67363326725357675  0.68265243134196318  0.69156806707655849  0.70046292099649754
  0.70942870361076804  0.71849386756333145  0.72761459276648932  0.73683923788134753
  0.74627387584509886  0.75595232402765633  0.76578693534613484  0.77561983589685146
  0.78533483515885594  0.79512150748224653  0.80513870616308680  0.81547901945034496
  0.82611401047868993  0.83704010357042646  0.84835118058966608  0.85998078457740568
  0.87195183862003900  0.88410061677455520  0.89682413633973068  0.91026589812823588
  0.92547624734629796  0.94299499908804751  0.96602091620311969  1.00000000000000000
 -0.02044125064265283  0.12084817551969008  0.15989926521830769  0.18370188466355866
  0.20182447844062382  0.21687229319146489  0.23008764024781361  0.24180789508876099
  0.25274176922582253  0.26279428520847647  0.27245226778373260  0.28129896771822605
  0.28986350468547706  0.29797705900769977  0.30579035890795697  0.31350250575115757
  0.32087174993655110  0.32801122699443108  0.33487086229888263  0.34154051019664433
  0.34812612127919673  0.35464575312782670  0.36100216120088358  0.36724497362682967
  0.37338672213120705  0.37936857458086393  0.38525413419091620  0.39110029675715102
  0.39691018325367727  0.40270005327718711  0.40845746781952808  0.41414444558600599
  0.41975400679938341  0.42521258397179768  0.43067922126030317  0.43608782675509727
  0.44143939852843633  0.44675315625575984  0.45205531599529342  0.45735309713174338
  0.46261025058625432  0.46782948247999812  0.47304674367841404  0.47825888492003593
  0.48342675828222192  0.48860058866481687  0.49379643308174787  0.49907303672261433
  0.50420888242365813  0.50930897942111297  0.51440389860202007  0.51951054866988755
  0.52465873468369706  0.52978735045262826  0.53485450179064553  0.53991508537135779
  0.54502843139544110  0.55023158056139110  0.55550110849078504  0.56072186502858812
  0.56598933259194117  0.57123381624354097  0.57654538935861432  0.58191136743337157
  0.58736554935457019  0.59287902905478485  0.59841439338688596  0.60398583898375890
  0.60966415497410897  0.61546043097603498  0.62128100974943690  0.62714793606839869
  0.63315449341334251  0.63926922720267676  0.64553602930756671  0.65201345555982360
  0.65864341936299009  0.66533658056383527  0.67221291202879996  0.67930461109408902
  0.68650733920769091  0.69412679603281968  0.70187118275394567  0.70987370541815908
  0.71833924489169043  0.72696043012036060  0.73645635408054477  0.74633721935531450
  0.75723813144383156  0.76904758765440628  0.78248084095247050  0.79807030829211634
  0.81660354854604000  0.83996454855275404  0.87845707819433905  1.00000000000000000
   2.5336134147602836E-002  -1.0000000000000000     
 T T T T T T T T T T T T T T T T F F F F F F F F F F F F F F F F
  <DiscreteSampler_grid>
  grouped_processes
  1 # 1 for a reference and 2 for a running grid.
  10 # Attribute 'min_bin_probing_points' of the grid.
  1 # Attribute 'grid_mode' of the grid. 1=='default',2=='initialization'
  0.0000000000000000 # Attribute 'small_contrib_threshold' of the grid.
  0.5000000000000000 # Attribute 'damping_power' of the grid.
 # binID   n_entries weight   weight_sqr   abs_weight
    10   10   5.229464782243260E+009   7.547317406455338E+019   5.229464782243260E+009
    16   10   5.229464782243260E+009   7.547317406455338E+019   5.229464782243260E+009
  </DiscreteSampler_grid>
