  0.00000177343899490  0.00001475677331965  0.00002847078574458  0.00004211004400525
  0.00005529438601934  0.00006867899906474  0.00008233389251079  0.00009640332179628
  0.00011092776081935  0.00012593076195490  0.00014120944239555  0.00015670417852850
  0.00017293785782165  0.00019011394471168  0.00020804378713088  0.00022664447299843
  0.00024617947483871  0.00026683297201845  0.00028842750262154  0.00031106200451318
  0.00033527522416082  0.00036022133923176  0.00038591472872768  0.00041261038763283
  0.00044037980133067  0.00046979493357955  0.00050113691298176  0.00053421876108512
  0.00056926756141098  0.00060619235801799  0.00064488540938253  0.00068504726683055
  0.00072720274510047  0.00077072322691579  0.00081684612339183  0.00086563864782129
  0.00091605111235711  0.00096831867210544  0.00102244366943937  0.00107713251181320
  0.00113257805160047  0.00119018903668199  0.00125139727281010  0.00131672190662186
  0.00138462427771986  0.00145510230714693  0.00152981097431580  0.00160959899080076
  0.00169603391117813  0.00179122102031994  0.00189248448170493  0.00199380586707817
  0.00209762772351004  0.00220157464257055  0.00231012188212820  0.00242370265781699
  0.00254149684903792  0.00266307510917872  0.00278887283372001  0.00291805595136986
  0.00305839838259686  0.00321351971019668  0.00337566740635992  0.00354815002723714
  0.00373943394382647  0.00395788175517752  0.00417322686564806  0.00438112892760504
  0.00459135062517488  0.00480256923816002  0.00501269903952382  0.00523879100507316
  0.00548785825223700  0.00580021286999841  0.00611939433590292  0.00643074877423083
  0.00673422316691065  0.00705870901473856  0.00743425768748798  0.00787827058061954
  0.00837182751047426  0.00879777600481441  0.00919234256597952  0.00954245746454625
  0.00993440082011902  0.01039521541939798  0.01091077359448706  0.01179387948247012
  0.01287147441158482  0.01414978553146415  0.01576896311495710  0.01821195348599323
  0.02218789505701120  0.02629246540937160  0.40027104709143274  1.00000000000000000
 -0.00264789282873890  0.01022986133204486  0.02063636824176662  0.03116216565950705
  0.04167238308415565  0.05241839314500472  0.06308602667344490  0.07329079574940674
  0.08356050984585099  0.09418061178586661  0.10488552429187503  0.11529950620940249
  0.12570789532009702  0.13620136729738958  0.14662776549134149  0.15690635653260149
  0.16732546899627995  0.17765673349041208  0.18790976955435768  0.19835677953697800
  0.20872674761948457  0.21928154391413682  0.22970436293232105  0.24014624743185001
  0.25051783210302103  0.26088993412342593  0.27127919914664428  0.28173760636054229
  0.29223737035251357  0.30297538502126048  0.31375298149851666  0.32463426224377295
  0.33556123651312481  0.34657855213764127  0.35751604979116186  0.36843572964179272
  0.37930820269059323  0.39007426838509623  0.40091149426873829  0.41143323592164033
  0.42189388660548044  0.43211794278332410  0.44248569432541751  0.45294571027945668
  0.46369546477977414  0.47453432255527062  0.48530944762776967  0.49604835581753670
  0.50648056609623171  0.51677928480803148  0.52717120124537897  0.53776387869550013
  0.54835976524771624  0.55886817483298612  0.56954538934107191  0.58015832219630459
  0.59058398090437592  0.60105579763618977  0.61158252593873463  0.62223782799581429
  0.63261666616907886  0.64291912949385299  0.65330475751354988  0.66376503829742550
  0.67426252082214766  0.68482228106931520  0.69571484343719692  0.70658555388124877
  0.71727637376954478  0.72781159508529003  0.73842320083914870  0.74891062780543627
  0.75915830523325334  0.76941872386884069  0.77996397479155255  0.79055293520308145
  0.80116909907665412  0.81153182343216113  0.82218034866471867  0.83285888379144857
  0.84365060751492305  0.85434906983969605  0.86497657946360806  0.87539252807623313
  0.88563877286292780  0.89604659002600395  0.90661769328297126  0.91716574253391681
  0.92726985907979420  0.93747902054426380  0.94798685139634542  0.95862220840863466
  0.96901081717790061  0.97921757404430254  0.98957693483862907  1.00000000000000000
 -0.00387980290301690  0.02304472784632153  0.04277828184482992  0.05945352829855013
  0.07454505993223362  0.08856404170818659  0.10176192652504812  0.11437057352195035
  0.12662399522080423  0.13862042402035019  0.15019966197009785  0.16129483936439801
  0.17214847461940583  0.18281991756317259  0.19337647714991074  0.20378876066801083
  0.21417885937307693  0.22439503901921801  0.23445765206384103  0.24434766787400236
  0.25411975023841082  0.26372674820349401  0.27333562650102367  0.28287967343733084
  0.29221429621073874  0.30110796082310365  0.30992643584804053  0.31888483093224540
  0.32791642130750681  0.33691090742988850  0.34576758258060797  0.35465163022996354
  0.36362616817142213  0.37261308754311878  0.38141454470528596  0.39012270294869444
  0.39887242930592520  0.40769811363427810  0.41644437337225138  0.42507663055261941
  0.43366256413504056  0.44235889647497095  0.45122075459522465  0.46004801723145555
  0.46879643202744009  0.47756182406857067  0.48629860974962441  0.49500486863044263
  0.50363830201148652  0.51234241590484997  0.52104156502897314  0.52966646932024097
  0.53817723126294092  0.54653074547224867  0.55484543109092677  0.56316113222446540
  0.57151421644853917  0.57989111040688668  0.58831208149435399  0.59684689602533580
  0.60536326025221232  0.61386748781470657  0.62233371608257104  0.63073330711078535
  0.63915375182156875  0.64767140091803466  0.65639364306301484  0.66512638358103204
  0.67391707741500517  0.68273610631236481  0.69159713328651951  0.70054567582262395
  0.70957669900585230  0.71870086271190536  0.72797024601042470  0.73729914251352358
  0.74663952695950209  0.75599021665666166  0.76543144793237550  0.77500657851648735
  0.78480133663942764  0.79466871202598877  0.80444197484345881  0.81432191131524545
  0.82425287324073482  0.83444177986532164  0.84541480320117068  0.85711264113293206
  0.86949089807286983  0.88210806459873659  0.89564129943496240  0.91033696332943204
  0.92604287911610439  0.94308078625805059  0.96567050099288931  1.00000000000000000
 -0.01979546181078798  0.12051120549089345  0.15963039067912860  0.18311169695328799
  0.20148260178259944  0.21684396983848733  0.23012119216234478  0.24203734711705979
  0.25300784109776425  0.26308861359548041  0.27261808243683683  0.28138211542737901
  0.28997353450177277  0.29803806721772674  0.30587702345441276  0.31340126762368620
  0.32063687134644853  0.32774112689930818  0.33467780395600216  0.34140496771045326
  0.34799331084962637  0.35446364377195172  0.36074185679019438  0.36695694797180861
  0.37316147260097660  0.37917612023836239  0.38506538395998180  0.39087833743159356
  0.39663727447106556  0.40237420509929894  0.40806106699646233  0.41368839619780268
  0.41922987959883862  0.42465502852005377  0.43009117871405994  0.43550479620592120
  0.44085627462372384  0.44618598370579948  0.45148554962692572  0.45671683826035875
  0.46190304289057849  0.46707326146819872  0.47220391413387086  0.47732083627245525
  0.48244019249014197  0.48757422034108489  0.49274892425270039  0.49790844326112804
  0.50310848451795154  0.50829570021857440  0.51344616766989370  0.51858942236221062
  0.52373402604111230  0.52883686334716318  0.53397585852193619  0.53916688172530358
  0.54442916671831521  0.54975094989994766  0.55505197764962944  0.56036006127956661
  0.56569818778713066  0.57114047408229962  0.57651594964328345  0.58189711136239797
  0.58733475480753783  0.59284754680542839  0.59841480532556401  0.60406771704976114
  0.60986756923193697  0.61581445529207535  0.62182281892895697  0.62785302896293671
  0.63394133042438261  0.64006845677417001  0.64627326371422344  0.65257723338367668
  0.65901436610882680  0.66566194945900581  0.67258681353817262  0.67968309224909129
  0.68680525740463383  0.69438949229083802  0.70206301247214231  0.71007081723847421
  0.71856870764694303  0.72743401827289023  0.73710446217357695  0.74707051497690913
  0.75822288171632668  0.77019450289414237  0.78373952640552658  0.79899116481580035
  0.81714378898212681  0.84036569727879251  0.87940047137369903  1.00000000000000000
   2.5096291993030272E-002  -1.0000000000000000     
 T T T T T T T T T T T T T T T T F F F F F F F F F F F F F F F F
  <DiscreteSampler_grid>
  grouped_processes
  1 # 1 for a reference and 2 for a running grid.
  10 # Attribute 'min_bin_probing_points' of the grid.
  1 # Attribute 'grid_mode' of the grid. 1=='default',2=='initialization'
  0.0000000000000000 # Attribute 'small_contrib_threshold' of the grid.
  0.5000000000000000 # Attribute 'damping_power' of the grid.
 # binID   n_entries weight   weight_sqr   abs_weight
    10   10   1.604510506574091E+009   5.700698480771688E+018   1.604510506574091E+009
    16   10   1.604510506574091E+009   5.700698480771686E+018   1.604510506574091E+009
  </DiscreteSampler_grid>
