  0.00000258817332887  0.00001698498565679  0.00002848287422189  0.00004283634323477
  0.00005630888634774  0.00007003017129914  0.00008397411370371  0.00009833372022422
  0.00011310572868527  0.00012812614072437  0.00014339989362884  0.00015885656115339
  0.00017522679407329  0.00019247683527670  0.00021069933306213  0.00023004220224181
  0.00025034860228619  0.00027171920427597  0.00029418750175511  0.00031745130566129
  0.00034209038991732  0.00036824266514683  0.00039549897746086  0.00042427651492346
  0.00045410304667539  0.00048538866514270  0.00051818352140018  0.00055224057552867
  0.00058780126235221  0.00062477313770463  0.00066310161106538  0.00070365378142015
  0.00074577204793649  0.00078977144874127  0.00083633738965552  0.00088490520518074
  0.00093620861181156  0.00098904207926696  0.00104325103863242  0.00109906777111861
  0.00115610126502316  0.00121499780772700  0.00127537020705572  0.00133788889480825
  0.00140413972614212  0.00147124844858411  0.00154535014812124  0.00162336745965722
  0.00170505889005147  0.00179264878016453  0.00188468989541438  0.00198124921050793
  0.00208256290490643  0.00218755165164615  0.00229386900306423  0.00240208367021952
  0.00251519192083418  0.00263203883900954  0.00275689400381642  0.00288872840435972
  0.00303535491441850  0.00319453462960304  0.00335325838270419  0.00351175741512868
  0.00368198441936241  0.00386533312887391  0.00406279170953093  0.00427188333102307
  0.00449182864268014  0.00472483467544243  0.00497259134443157  0.00523476514376231
  0.00554257030042428  0.00589240445738957  0.00624191825439553  0.00660398397880439
  0.00698032530038619  0.00739790312130444  0.00779660155635160  0.00821640727331805
  0.00866430512314582  0.00917473857949989  0.00974792258285077  0.01034291823489530
  0.01123418736495875  0.01233379295241363  0.01334644343131593  0.01433814604526037
  0.01559948496036413  0.01801486592506353  0.02103485553842753  0.02407393000077680
  0.02849765104989050  0.03390632954126032  0.13531348685896263  1.00000000000000000
 -0.00242468394628828  0.00969967258921645  0.02003979324237359  0.03095779809732795
  0.04189051299738603  0.05288862596692494  0.06375243911637007  0.07447422349802033
  0.08512308520150230  0.09589817125029364  0.10664491151911572  0.11743373474883433
  0.12798870768048232  0.13856909739101908  0.14918832156977327  0.15992291648367526
  0.17058674937041765  0.18098093948178010  0.19125329360733370  0.20147928736496992
  0.21167174392253188  0.22194392696927248  0.23216455994614349  0.24231244145073591
  0.25239708994531052  0.26264076646157480  0.27284502088471813  0.28304033748630947
  0.29320803315920635  0.30361224183669483  0.31406692008938375  0.32451060971476403
  0.33492930149242151  0.34538239989528063  0.35597199001563473  0.36635649117635560
  0.37659686863797748  0.38656028547982990  0.39677699565190439  0.40709655393124489
  0.41762045839548695  0.42797320279881451  0.43802671206540961  0.44802159883154324
  0.45813605062749246  0.46838339589386813  0.47863068546625126  0.48886106523570211
  0.49925227904416436  0.50981598905716929  0.52064879649844176  0.53159509580550313
  0.54261620561540680  0.55360107059797292  0.56462592657755217  0.57564902728525991
  0.58656157244582996  0.59726769730197615  0.60799097747945952  0.61871303130681410
  0.62937059124988426  0.63995666732420009  0.65068944608874668  0.66165363796662890
  0.67256088573098316  0.68322044039681762  0.69355622308520470  0.70372940516789140
  0.71407096802951231  0.72429392409938376  0.73470772624123371  0.74501597221190352
  0.75541593885062908  0.76585855891537036  0.77642665561798785  0.78731135716357348
  0.79795928343132183  0.80855887275405747  0.81925718895259925  0.83004283208569674
  0.84077351886811047  0.85136435060614490  0.86208505344659581  0.87291355569324547
  0.88364643622536898  0.89429612424482308  0.90490617062431311  0.91541382295526341
  0.92601990985085703  0.93658585291800889  0.94726052591190568  0.95816870874546867
  0.96888102161298195  0.97953429881784027  0.98975534458447723  1.00000000000000000
 -0.00375496674878044  0.02333042359693462  0.04324485220664077  0.06012633749069680
  0.07536860745911794  0.08953102288206297  0.10286121089189193  0.11547812102543657
  0.12766170853218478  0.13937132039625244  0.15072531918093848  0.16187609919146465
  0.17296481899073277  0.18383532722357906  0.19429870595056856  0.20450216349629141
  0.21464408469015350  0.22475619395903990  0.23486708955075683  0.24482609846844627
  0.25469838032160791  0.26438833285142177  0.27399505785207551  0.28334426106049732
  0.29258258259583186  0.30171733480299873  0.31083024180137825  0.31998304632939795
  0.32912816963107572  0.33814615758178479  0.34703298319639325  0.35585868213031274
  0.36471241844782276  0.37355756921213373  0.38234862632999311  0.39111894824973609
  0.39978410835762002  0.40829971558305700  0.41678634485301397  0.42531634389209111
  0.43392587791507703  0.44260383887480481  0.45124423206877989  0.45989765167544139
  0.46862900797782842  0.47743538564813620  0.48625624112986487  0.49506425488133554
  0.50376542929786228  0.51234271466842718  0.52097246365001804  0.52960914576605944
  0.53834633333362658  0.54677931740409946  0.55503544279008799  0.56332567011126333
  0.57171776698178012  0.58018985752924146  0.58865044375309827  0.59704246474657063
  0.60540746939170398  0.61375671073873461  0.62208516248249113  0.63044776082306464
  0.63883542394245041  0.64724496561027778  0.65573791290002603  0.66417627648432731
  0.67266882983580656  0.68132262391065879  0.69012482113192564  0.69917999649105844
  0.70831011658025167  0.71771935724054670  0.72694382588200501  0.73612386062116519
  0.74517856327498566  0.75431898248766072  0.76361371061283889  0.77309014591403102
  0.78270250650572870  0.79254766188628201  0.80268544843393519  0.81311347463555650
  0.82376099315886897  0.83470583070205639  0.84586031863736455  0.85738626989759337
  0.86934722077798066  0.88192689680764114  0.89494292677861298  0.90888586939625471
  0.92433733587118416  0.94222401409578482  0.96545618914747733  1.00000000000000000
 -0.02006159915449381  0.12182202900011324  0.16039393987760403  0.18399850967809461
  0.20229418719717751  0.21763916296045793  0.23100222185436667  0.24295614020636494
  0.25376255614967397  0.26375841208830431  0.27324371076066428  0.28210774921619919
  0.29071397538087979  0.29881587766187251  0.30666615253277762  0.31417750187885846
  0.32128720775555542  0.32826547036253223  0.33513979885022860  0.34178068179407822
  0.34823347226017665  0.35461954160497999  0.36083885751921874  0.36708898202167040
  0.37325733376461889  0.37933333197465186  0.38535951631989346  0.39128620823331095
  0.39703966249018668  0.40259924906383110  0.40804950786031935  0.41348427258735965
  0.41888824290084370  0.42432984746934921  0.42974757672227804  0.43514362949959401
  0.44049332337055591  0.44572108438568747  0.45092912567911386  0.45610526575903804
  0.46129503571862707  0.46651140192495300  0.47175171700661117  0.47701064141814459
  0.48226143317402237  0.48751248523374119  0.49273635087987000  0.49799151505670941
  0.50315460426084702  0.50834095181904015  0.51351389351487720  0.51867652048808233
  0.52378829436056196  0.52885977897767567  0.53386443804319994  0.53884772798001468
  0.54389393488173332  0.54904467955311420  0.55428847482804189  0.55955651970273279
  0.56482863452387189  0.57016111142132109  0.57553615018041704  0.58092666553753491
  0.58653034134005821  0.59217296533756048  0.59779209471770933  0.60346230237633125
  0.60924792741393352  0.61517547140140494  0.62120338347683779  0.62727816764665956
  0.63349956707231569  0.63977069533975439  0.64617202406709418  0.65275213817486866
  0.65941805152014543  0.66615173471061584  0.67304330198870543  0.68013227282210664
  0.68739770805424083  0.69505450340587172  0.70285318151885523  0.71094075050327088
  0.71937090784620683  0.72814384432404256  0.73769720233263247  0.74769080300448720
  0.75847264333437892  0.77008686248503877  0.78332675104332272  0.79838938483728761
  0.81640590246634526  0.83949956232714795  0.87876811985108405  1.00000000000000000
   2.5214964598583973E-002  -1.0000000000000000     
 T T T T T T T T T T T T T T T T F F F F F F F F F F F F F F F F
  <DiscreteSampler_grid>
  grouped_processes
  1 # 1 for a reference and 2 for a running grid.
  10 # Attribute 'min_bin_probing_points' of the grid.
  1 # Attribute 'grid_mode' of the grid. 1=='default',2=='initialization'
  0.0000000000000000 # Attribute 'small_contrib_threshold' of the grid.
  0.5000000000000000 # Attribute 'damping_power' of the grid.
 # binID   n_entries weight   weight_sqr   abs_weight
    10   10   8.413078501575563E+009   2.981739502731970E+020   8.413078501575563E+009
    16   10   8.413078501575563E+009   2.981739502731969E+020   8.413078501575563E+009
  </DiscreteSampler_grid>
