 -0.00015926026831011  0.00140064390070308  0.00352336113546453  0.00629389916772697
  0.00964298369924721  0.01348678035896509  0.01777001216250396  0.02252983094339983
  0.02755897051498106  0.03282850731058491  0.03841895308750475  0.04439978495038693
  0.05066675704725934  0.05710617160440887  0.06380263352185538  0.07085452443702019
  0.07815054232620890  0.08554505845070705  0.09307568963538945  0.10084065762545169
  0.10889634901215890  0.11714987763119707  0.12559070112519094  0.13412847911684009
  0.14277236813489572  0.15154924862988470  0.16052964025115796  0.16976318374829935
  0.17926672391266552  0.18906362166320428  0.19907260488031608  0.20911912386923978
  0.21916501350316611  0.22939219428199881  0.23992815538658754  0.25071429842460247
  0.26155785285517763  0.27269753421022136  0.28400929635055078  0.29548242683325615
  0.30686063421715826  0.31825350108030653  0.32961770053466405  0.34096614795372593
  0.35250695486266292  0.36424971196111505  0.37615565035597220  0.38825941942493741
  0.40054522302926288  0.41290689310849521  0.42562767354930237  0.43866285436500280
  0.45179571542388047  0.46500263035276496  0.47816953234915927  0.49135677979582482
  0.50476017369776138  0.51845536967243333  0.53213934114962136  0.54576617316319287
  0.55930994821431979  0.57271345849360356  0.58593663721750333  0.59923922054847234
  0.61282133822463325  0.62648295968195211  0.64005958074220815  0.65373532993592787
  0.66753840632509887  0.68099643968313328  0.69442431725836595  0.70786990178280584
  0.72135309037390027  0.73495618601305979  0.74850598301843319  0.76191615760319631
  0.77521766560861705  0.78842652656229117  0.80150991914002867  0.81453918063905240
  0.82735672394652804  0.83993701234637319  0.85230917800250983  0.86452174714982921
  0.87658699837767107  0.88848764091841270  0.90023898756857768  0.91195304811018474
  0.92346997068800218  0.93474338880016472  0.94599639065508057  0.95715046806770132
  0.96811237418210883  0.97887584452321819  0.98948884431172301  1.00000000000000000
 -0.00251100923272318  0.00928813967253512  0.01997948148387625  0.03055747579403190
  0.04128364710294668  0.05213473909213943  0.06273432657939451  0.07341324418788096
  0.08401328011184764  0.09475101468348736  0.10532277828658911  0.11591147118055425
  0.12654727581655589  0.13706251973425598  0.14763646563614219  0.15850422439049541
  0.16903465368848908  0.17926475645241641  0.18968089515398007  0.20045177294523869
  0.21096060511856396  0.22109792444161117  0.23184244126071765  0.24335936361751240
  0.25422076995686832  0.26462795531693667  0.27506780191330815  0.28577236404871298
  0.29629044037798830  0.30660915767541669  0.31715604775219752  0.32798995941247777
  0.33878494689288602  0.34957806312929485  0.36024057666762677  0.37093306851781682
  0.38148861706511999  0.39194156665323787  0.40209339913369702  0.41213203697092970
  0.42243400983541907  0.43265862637098546  0.44325066034107635  0.45361691632201528
  0.46419718927123538  0.47472226228999126  0.48514643822042713  0.49548633558030825
  0.50600117524693511  0.51651341340892476  0.52705415020229063  0.53772804743881408
  0.54891107917261817  0.56007629164735739  0.57086340701646332  0.58138779703414412
  0.59185888171614365  0.60214820881800490  0.61236583079441520  0.62245472205380858
  0.63262026623764311  0.64289624234557086  0.65330087636255518  0.66386947301933963
  0.67416755634739123  0.68438549532074311  0.69475470406729023  0.70521432425009556
  0.71586464743631617  0.72638717001281483  0.73684552870286468  0.74706205336260711
  0.75756434584149268  0.76812024075814900  0.77871814994196553  0.78935141515100016
  0.80067502261229262  0.81180167358468980  0.82290912673393934  0.83391690644563332
  0.84519365688885362  0.85638018506143332  0.86743839946592294  0.87803798640136443
  0.88845032877986485  0.89885515901361179  0.90921909300885972  0.91936488101265534
  0.92933886879158978  0.93943172944052744  0.94981136709739400  0.96003570479350264
  0.97012573233517729  0.98016994106351174  0.99014194004049749  1.00000000000000000
 -0.00401353187249840  0.02187983105734241  0.03962583061726379  0.05410151841229578
  0.06692388088359130  0.07862900980045746  0.08996342258852405  0.10105061243925055
  0.11181172842752476  0.12236535486296343  0.13276191750542812  0.14286551415082635
  0.15273950686251386  0.16236350202397470  0.17187300597342192  0.18123086687729525
  0.19046782273454882  0.19963501472373327  0.20845488865097414  0.21692948009215579
  0.22525730832062027  0.23365327607452949  0.24220617626782731  0.25054879920615858
  0.25879138259171769  0.26712067095145797  0.27520489824515848  0.28341986248607104
  0.29156131276761432  0.29976952573262816  0.30791926240655515  0.31581229947732048
  0.32357220438495798  0.33129721065533885  0.33909379973074655  0.34694914644579072
  0.35483016271488121  0.36277072305805796  0.37079488712342740  0.37885070175220781
  0.38686203185533391  0.39476823847697451  0.40255923212221034  0.41039378097042134
  0.41829135641731957  0.42612541343691235  0.43390151941068089  0.44180760625624166
  0.44993305083704954  0.45813977727004185  0.46634496819605320  0.47458456548281203
  0.48290140625288275  0.49123431113319743  0.49936876396466617  0.50746803171682309
  0.51574027489113039  0.52415012726909904  0.53266560923860318  0.54112408486449481
  0.54955156972567021  0.55801185656803298  0.56659393305538797  0.57532994690434702
  0.58412805438262949  0.59291243222027390  0.60163504662207634  0.61046553857363794
  0.61941094042212697  0.62828800402305496  0.63705398740868890  0.64589171071694840
  0.65523122118121124  0.66477652865669445  0.67442303900944267  0.68411701117748813
  0.69406365194074582  0.70420483707174619  0.71452207960997649  0.72485950643578689
  0.73550532966468929  0.74668031312355010  0.75808224028056315  0.76966547588296008
  0.78138889572203352  0.79321308448380179  0.80535469969710938  0.81817733635594148
  0.83181643399725291  0.84607413751502469  0.86115880016870594  0.87734503096921923
  0.89586097246489860  0.91806063684322614  0.94865942176304863  1.00000000000000000
 -0.02744845518079429  0.13565117605800636  0.17463208095008623  0.19798321043799463
  0.21629725405609543  0.23159611509774278  0.24458596805069532  0.25611365950007847
  0.26659372426235817  0.27613403526249719  0.28466992553729970  0.29294832158704931
  0.30085948110020433  0.30882589394618976  0.31608566925249337  0.32293459773200683
  0.32973958851600466  0.33624941981449807  0.34265054724251259  0.34893480046054176
  0.35501761181518876  0.36088846253875012  0.36655962074832243  0.37218398927421625
  0.37781696853097507  0.38344270330667629  0.38895355947005966  0.39436249809328894
  0.39972264052720402  0.40510622945499164  0.41052725002191254  0.41587800669557101
  0.42105029067056304  0.42606270391017803  0.43097034314305899  0.43583478546134929
  0.44081538432875600  0.44581229978523379  0.45079834866103291  0.45583202198947687
  0.46095520228476367  0.46609987293796556  0.47119889251841035  0.47630302905850985
  0.48141901184518843  0.48653589456793206  0.49164244447168526  0.49672907572347169
  0.50172375639692135  0.50660035898084155  0.51158218016617019  0.51647213716177098
  0.52130720253045371  0.52613799108460246  0.53096620187472943  0.53581114563715027
  0.54074739900996394  0.54580650400148811  0.55098659274170780  0.55617509523080633
  0.56134399808943625  0.56655979288174885  0.57182591326182464  0.57713836993442724
  0.58246844229737338  0.58794494086973514  0.59341474515028858  0.59891432341262285
  0.60456149205984278  0.61023730075353400  0.61593666716965290  0.62175300462471439
  0.62756762131845800  0.63353352453977574  0.63968028129217247  0.64599972668455041
  0.65237611663690409  0.65895555259754890  0.66561869849621502  0.67248715885908894
  0.67948732267193090  0.68670718155888011  0.69419922209035190  0.70194978468964631
  0.70996515964406126  0.71839370970213545  0.72730618773383471  0.73676390214625209
  0.74655851982136567  0.75756286229704783  0.76972068309852959  0.78410208404370962
  0.80130395434209079  0.82426205727888502  0.86297871666593440  1.00000000000000000
   1.0722489868264214E-003  -1.0000000000000000     
 T T T T T T T T T T T T T T T T F F F F F F F F F F F F F F F F
  <DiscreteSampler_grid>
  grouped_processes
  1 # 1 for a reference and 2 for a running grid.
  10 # Attribute 'min_bin_probing_points' of the grid.
  1 # Attribute 'grid_mode' of the grid. 1=='default',2=='initialization'
  0.0000000000000000 # Attribute 'small_contrib_threshold' of the grid.
  0.5000000000000000 # Attribute 'damping_power' of the grid.
 # binID   n_entries weight   weight_sqr   abs_weight
    10   10   1.785233390090068E+008   3.326319302723557E+016   1.785233390090068E+008
  </DiscreteSampler_grid>
