  0.00000012093669025  0.00001192529733640  0.00002657213283280  0.00004013193507652
  0.00005360518527364  0.00006752402064598  0.00008188714559340  0.00009652839851184
  0.00011187459821221  0.00012774791194995  0.00014421925161865  0.00016142963791101
  0.00017952272925305  0.00019864789962472  0.00021891219111689  0.00024002074186026
  0.00026234777795656  0.00028602082403691  0.00031071832557953  0.00033658448740833
  0.00036376525205589  0.00039209747646396  0.00042160995468598  0.00045252504264541
  0.00048477601818626  0.00051854680606891  0.00055343220461589  0.00058943904936088
  0.00062658445752137  0.00066545397423527  0.00070612014246837  0.00074942804411766
  0.00079424843241134  0.00084138403261033  0.00089102939803364  0.00094268008631550
  0.00099691292781322  0.00105320798948735  0.00111136242048579  0.00117215498248587
  0.00123612724272994  0.00130268659417980  0.00137154812317142  0.00144252781429260
  0.00151561011062311  0.00159068495489834  0.00166766913214074  0.00174932635336400
  0.00183238909998027  0.00191905607130460  0.00200793113848819  0.00210043377785875
  0.00219938191073658  0.00230094198399903  0.00241301097176733  0.00252517697533964
  0.00263836481395264  0.00275616064943516  0.00287913848062861  0.00300876873027449
  0.00314769924031763  0.00329419516176709  0.00344280839165334  0.00359564280138592
  0.00375356964215549  0.00391360242203198  0.00408357776289951  0.00426462906627975
  0.00444246748979473  0.00460866949974550  0.00480228108082639  0.00499426218123144
  0.00522041110792188  0.00543806888900891  0.00567466603264554  0.00590254901048689
  0.00615270701896891  0.00642044882913948  0.00671517496088697  0.00703836112518859
  0.00737000906866085  0.00769226320754915  0.00801300272485742  0.00836610749277871
  0.00878781959892197  0.00925941906000086  0.00972127901508922  0.01020976287279995
  0.01075362699771401  0.01142219418457668  0.01272370969416233  0.01387833093098888
  0.01518190799810182  0.01703062259424235  0.24021341443733005  1.00000000000000000
 -0.00233574065458406  0.00940315190273813  0.01944971136758323  0.03009478380979686
  0.04072825977901889  0.05150685178280153  0.06242316161605881  0.07307001842455543
  0.08380655973404708  0.09434790784799758  0.10509045202983590  0.11571400689312648
  0.12648453567708778  0.13697031216432609  0.14744845597218337  0.15769376396492737
  0.16801265356127842  0.17848499325640224  0.18889493897754511  0.19962488518149357
  0.21016529564599418  0.22085268026371269  0.23143655500205657  0.24189127273425112
  0.25221908293984069  0.26240804049934363  0.27278260439480206  0.28320454720316823
  0.29348033846842914  0.30390510060216891  0.31424674354469473  0.32501477275455076
  0.33561744926039172  0.34629377363536079  0.35694919770425615  0.36739389318390542
  0.37803247182056054  0.38862304731873798  0.39945256904606707  0.40994410995762759
  0.42044949131515535  0.43067125748443019  0.44117188324709466  0.45138369289573282
  0.46177670796098907  0.47206262675148231  0.48271925428447721  0.49336665028610788
  0.50396877422280839  0.51454030987054922  0.52503338577504499  0.53549984773429293
  0.54587769813832976  0.55622131159250332  0.56669555897164525  0.57709830717444244
  0.58754869783746433  0.59795130384989326  0.60871510855067812  0.61943004576488481
  0.63018867976913628  0.64062515722023239  0.65124486526369951  0.66178414730823820
  0.67247089474724941  0.68315368170112711  0.69388592848988695  0.70449643204760692
  0.71509431874224605  0.72566636134742757  0.73619243016672065  0.74666988581477212
  0.75734540173757203  0.76785259023606089  0.77851648383963767  0.78872041274498972
  0.79933429411885415  0.80974348612302793  0.82040827874830691  0.83099484319248285
  0.84163773475696046  0.85233075902146060  0.86272609001647205  0.87319017174778535
  0.88374284432673833  0.89440443657249358  0.90501986447650218  0.91570608976673040
  0.92642459121009901  0.93712579982007638  0.94766062311029253  0.95841247554651987
  0.96909907991234889  0.97954533453509429  0.98979578901195242  1.00000000000000000
 -0.00473992295359672  0.02537771722665278  0.04633070925017615  0.06378040435802312
  0.07942355800648279  0.09393473820739009  0.10763774086252656  0.12062010559821373
  0.13305790563502795  0.14506284436144343  0.15666065627113790  0.16789343547880561
  0.17883796349008282  0.18960322570248811  0.20019594971644716  0.21061904282379063
  0.22084517608293214  0.23087539462942969  0.24077205992486597  0.25054956693814839
  0.26020709769750960  0.26972314575802908  0.27913060651549343  0.28846931307718915
  0.29776724871614330  0.30698313725235066  0.31609851767890323  0.32508172262739776
  0.33393385849355889  0.34276776508223328  0.35161274207012111  0.36042242427028981
  0.36915306156580646  0.37776231776254704  0.38628268528988574  0.39478610188105207
  0.40329225894330356  0.41178605740978397  0.42027043362676741  0.42875893380726632
  0.43720708657867646  0.44559171692463567  0.45393290034002670  0.46231707892230661
  0.47072986100732289  0.47907466132339627  0.48732423712303219  0.49560568981698400
  0.50400790087889324  0.51248296153612416  0.52086345329635786  0.52908464047061310
  0.53729890272190028  0.54561101395174416  0.55380949496651910  0.56194448385124895
  0.57011178640126881  0.57828642231518124  0.58658886886630490  0.59500223037948996
  0.60351439829499320  0.61199753021636372  0.62038000330473941  0.62867927997746298
  0.63701281682628175  0.64543109048477931  0.65385787591704525  0.66226095795878070
  0.67065297621147135  0.67907928994749345  0.68759313454143123  0.69615045921468810
  0.70477377812184994  0.71352806741213792  0.72235559730448939  0.73121668311839849
  0.74013603393328320  0.74919447370697068  0.75840275010706182  0.76769789362472884
  0.77706303641436814  0.78665133873762916  0.79650960078164823  0.80672725955886160
  0.81711638511519913  0.82793944778802608  0.83911604036307030  0.85072285853110841
  0.86270782602313212  0.87500434158420459  0.88789043872372631  0.90181964629474909
  0.91727772942061903  0.93497382710941068  0.95891377859023086  1.00000000000000000
 -0.02813567649501061  0.13636932427452636  0.17528226906276145  0.19843641990000946
  0.21590893623416352  0.23033033664472563  0.24267883955031769  0.25408525586185987
  0.26427623232115205  0.27392562798964687  0.28278847666837742  0.29147291071444664
  0.29967276026295819  0.30746766661633429  0.31495493009287362  0.32201295929327095
  0.32899207464304092  0.33573988893975543  0.34234947406432104  0.34880466810898292
  0.35510471193292870  0.36127265753923271  0.36734776005151171  0.37336755887685386
  0.37923158757116582  0.38494584479867450  0.39056586247226388  0.39607744633075087
  0.40150466173763855  0.40693115765440729  0.41237370411479979  0.41777051888366656
  0.42302122902220740  0.42820982281333403  0.43333111915193379  0.43839006344091219
  0.44341891320654053  0.44841438136387463  0.45338030517305922  0.45833663845724132
  0.46328770418232285  0.46822291961314044  0.47311488743307306  0.47797815043256320
  0.48284699079382204  0.48771007983217596  0.49257970082184260  0.49745977057289109
  0.50230702867935439  0.50718768838588879  0.51210215724118990  0.51701749614214976
  0.52194464544170749  0.52686182698531514  0.53176939375712817  0.53666421529513242
  0.54157517522385124  0.54654388018624978  0.55156543503901390  0.55662052276328355
  0.56169633825447363  0.56679390433884591  0.57194149171487385  0.57712908764170323
  0.58237462081438141  0.58773318115510131  0.59310716740190261  0.59848098130467908
  0.60385532139410991  0.60930615270653088  0.61488298807308306  0.62057792048918492
  0.62636062490163635  0.63225083005240057  0.63819277285237197  0.64426441710531157
  0.65048440641924588  0.65694341754708419  0.66347288678801519  0.67028681930054368
  0.67738785392812650  0.68467441251831940  0.69230049106286262  0.70021965506476347
  0.70847604579856260  0.71718415732290897  0.72621676935423063  0.73585090516956686
  0.74605619064518380  0.75757969541687464  0.77018167395712811  0.78475161174412800
  0.80206719422225270  0.82467013118589727  0.86264062622128945  1.00000000000000000
   1.2619525274544010E-002  -1.0000000000000000     
 T T T T T T T T T T T T T T T T F F F F F F F F F F F F F F F F
  <DiscreteSampler_grid>
  grouped_processes
  1 # 1 for a reference and 2 for a running grid.
  10 # Attribute 'min_bin_probing_points' of the grid.
  1 # Attribute 'grid_mode' of the grid. 1=='default',2=='initialization'
  0.0000000000000000 # Attribute 'small_contrib_threshold' of the grid.
  0.5000000000000000 # Attribute 'damping_power' of the grid.
 # binID   n_entries weight   weight_sqr   abs_weight
    10   10   2.001999285446397E+009   1.316226490569166E+019   2.001999285446397E+009
    16   10   2.001999285446397E+009   1.316226490569166E+019   2.001999285446397E+009
  </DiscreteSampler_grid>
