 -0.00009359912506255  0.00075830806452172  0.00166480373258366  0.00298675508696538
  0.00467438371498239  0.00670451005779983  0.00908106692573380  0.01178064141960913
  0.01494448969485273  0.01848769232526688  0.02229554225079184  0.02642490477780091
  0.03078924224586872  0.03553197721640314  0.04057726523207175  0.04578411073435715
  0.05124516498089842  0.05705128893706232  0.06307482142092471  0.06924641721115521
  0.07559210300620890  0.08245626709745604  0.08964729225418704  0.09718159687390690
  0.10477100055794761  0.11249659748330290  0.12039815434819059  0.12867893131385333
  0.13718743777597575  0.14597886909218702  0.15495054808853795  0.16401194721253259
  0.17345194388679627  0.18312965612816023  0.19297600179573621  0.20296013673878427
  0.21306525969467566  0.22333347658240385  0.23382569227210639  0.24501774647154526
  0.25640067757445451  0.26781496665485421  0.27920430729330087  0.29064861715955742
  0.30211894477393386  0.31361068881698839  0.32534699296218711  0.33735484807796695
  0.34954739864683093  0.36193510902040210  0.37443558421459266  0.38709378202009442
  0.40001353816395924  0.41295343761273756  0.42608576133249859  0.43941194011701362
  0.45255109188254999  0.46577022452519434  0.47909239594223407  0.49242580813204745
  0.50595217513183666  0.52020164007518654  0.53459328290294827  0.54903246495470559
  0.56364828925573029  0.57831302562141396  0.59318873989026322  0.60823441052686744
  0.62325893362940743  0.63830038964165248  0.65272714283137201  0.66714323118518759
  0.68156061565131665  0.69592861390821492  0.71023753778538068  0.72455587302230151
  0.73875083168001143  0.75287507564749423  0.76698222486290324  0.78107989136465550
  0.79518826749600469  0.80932917430037521  0.82331834195317544  0.83724414157570826
  0.85113726459527772  0.86489477839229179  0.87847263354977145  0.89205382389091725
  0.90544378747348797  0.91920529298939635  0.93312287137677674  0.94693841366618448
  0.96044467532788602  0.97376160971399894  0.98693612682899445  1.00000000000000000
 -0.00272684380119948  0.01023177937144995  0.02099102321245130  0.03176936740030523
  0.04278836982323084  0.05358220926370932  0.06431725872657677  0.07445819756551020
  0.08457598622246677  0.09496240876478010  0.10548145505602746  0.11631547520050099
  0.12737094587328429  0.13853663537238833  0.14933944880927413  0.15955883490816661
  0.16985830832099508  0.18003539430035154  0.19006763106592339  0.19987335694037028
  0.21006510456584102  0.22064952402655358  0.23110086859152754  0.24116877090729089
  0.25141592997419804  0.26209778424582908  0.27281672185071021  0.28330341398313175
  0.29413795703082957  0.30542622553131593  0.31680573128199768  0.32799572177268621
  0.33919993633059858  0.35044734303410141  0.36220782579151095  0.37400922374927770
  0.38500222366374187  0.39538111718269520  0.40547059737454960  0.41550895542382243
  0.42543103059367177  0.43517218874712521  0.44519188408036359  0.45541098578681077
  0.46593962487921220  0.47659051915132994  0.48735740248829368  0.49830128353252096
  0.50931373205008679  0.52019874883394135  0.53073160818708587  0.54129808136974811
  0.55199604968019456  0.56257810740434844  0.57270089627463461  0.58267904268592230
  0.59272649158253099  0.60281391016018515  0.61271416463650952  0.62245970672473661
  0.63253367322959952  0.64284153738477956  0.65329484603478194  0.66392797397141545
  0.67457371795539522  0.68502984364120501  0.69536350634463062  0.70599162305298657
  0.71701037734751416  0.72780026835576239  0.73849118771570221  0.74915338660271491
  0.75968993006346186  0.77029301393153082  0.78106992630846561  0.79217943351502385
  0.80314507544190050  0.81400411044751264  0.82430901916735522  0.83461793117217165
  0.84513349900091239  0.85566855329326186  0.86600445284765337  0.87615994120498708
  0.88681165245133897  0.89756184723127175  0.90826325584104151  0.91870169567963345
  0.92900019131726341  0.93942523929295019  0.94973489600770378  0.96001694256672343
  0.97016602693591847  0.98025333212725418  0.99023108274140048  1.00000000000000000
 -0.00355541705166897  0.02038810955449769  0.03702650758510086  0.05088262346427851
  0.06361414529311570  0.07561194259615731  0.08712542483691862  0.09872804226628704
  0.11049105065556503  0.12196059582917015  0.13247022553436449  0.14221666805449407
  0.15158638487656484  0.16075199169680982  0.16967059964903181  0.17828656902861481
  0.18699566708145385  0.19595918405319668  0.20494442830607837  0.21366984941154543
  0.22213299736332554  0.23055762595627832  0.23900269675770916  0.24729844061877945
  0.25520147350060662  0.26286745554419561  0.27063399863205173  0.27855354244691882
  0.28641497978236924  0.29424469783446477  0.30217005282324683  0.31015261653050691
  0.31821996347782694  0.32645628688080197  0.33451291323539034  0.34297905749688218
  0.35116850550091777  0.35933448457243772  0.36769858919270559  0.37624377482767807
  0.38489251267835772  0.39349344858393220  0.40196784748560976  0.41040140590592744
  0.41861656041675854  0.42656344529661294  0.43453307701320898  0.44262977088796568
  0.45071021705733716  0.45869965634527521  0.46649106862064471  0.47415012567136067
  0.48203344972104822  0.49028249062055873  0.49872540802944781  0.50742293081447232
  0.51623785898166763  0.52495769715223706  0.53363357377171838  0.54242327280189750
  0.55133532475402536  0.56006338190578331  0.56901729542049884  0.57762297251227512
  0.58684610224021372  0.59630577342558555  0.60579473631036818  0.61510883770669733
  0.62454126970567558  0.63409939009185945  0.64376915820026193  0.65332716705104210
  0.66292907651490729  0.67257094750023816  0.68222198931848044  0.69192916380542424
  0.70182740886412398  0.71190974272381258  0.72216981341544773  0.73282554971572289
  0.74400417904361538  0.75558561747967778  0.76747815943816833  0.77940802107218288
  0.79159864885275910  0.80423994493728745  0.81692767822895951  0.82972326205792446
  0.84367521031293791  0.85871330554278924  0.87394711832742977  0.89120053933341081
  0.90917054562898048  0.92947331282360335  0.95543240737288526  1.00000000000000000
 -0.02031864054974112  0.12116141967901818  0.16165912793487855  0.18532411041376315
  0.20364268213249873  0.21883863876979695  0.23163403029329138  0.24284991315772661
  0.25297838136629153  0.26228835988726240  0.27132403773475344  0.28019544646413880
  0.28868209706482251  0.29672548819702610  0.30418717542517631  0.31157880275618144
  0.31869031380365986  0.32572429752755300  0.33249077358524148  0.33935127854201685
  0.34614389074101487  0.35265182009931073  0.35916226556339614  0.36554599366150808
  0.37184249081278020  0.37808612144220094  0.38424016532026922  0.39046205563865205
  0.39639394941137629  0.40195453210741000  0.40743203373603532  0.41288422642954831
  0.41837061447324275  0.42379786798483188  0.42912955571966227  0.43439410273021395
  0.43967289353494832  0.44492924488334618  0.45015753955515619  0.45535775147980295
  0.46062959268678477  0.46600756347829703  0.47145005305747995  0.47687338331881901
  0.48223652865410072  0.48759143958758072  0.49296613713759463  0.49827846686970140
  0.50339361860341303  0.50842685205914540  0.51361948362828991  0.51884739666955304
  0.52394295014201608  0.52891570691665923  0.53390948644890446  0.53901371973424006
  0.54423277930502312  0.54950301860788153  0.55467415642861773  0.55974143444694147
  0.56472499958843392  0.56992392053210295  0.57510520534554688  0.58035592091634669
  0.58588021884381603  0.59170155792695356  0.59737184399529697  0.60312225163306288
  0.60908094853549533  0.61527486542561804  0.62156603490899620  0.62782117775104429
  0.63401385442464264  0.64017991954654552  0.64644451032190020  0.65291284063475197
  0.65938364408989814  0.66588513146976314  0.67268372050699532  0.67964592681449576
  0.68689564260864333  0.69456738275694485  0.70249154366461608  0.71062739440463052
  0.71910571317663030  0.72786779808299362  0.73737543358136770  0.74724134395244157
  0.75838049527461338  0.77057025122683753  0.78425525690483100  0.79960036465839146
  0.81767383220420797  0.84085601160908396  0.87983879104999363  1.00000000000000000
   2.1214193158687568E-003  -1.0000000000000000     
 T T T T T T T T T T T T T T T T F F F F F F F F F F F F F F F F
  <DiscreteSampler_grid>
  grouped_processes
  1 # 1 for a reference and 2 for a running grid.
  10 # Attribute 'min_bin_probing_points' of the grid.
  1 # Attribute 'grid_mode' of the grid. 1=='default',2=='initialization'
  0.0000000000000000 # Attribute 'small_contrib_threshold' of the grid.
  0.5000000000000000 # Attribute 'damping_power' of the grid.
 # binID   n_entries weight   weight_sqr   abs_weight
    10   10   8.699918560015333E+008   3.774067825321994E+018   8.699918560015333E+008
  </DiscreteSampler_grid>
