 -0.00007806153730498  0.00071977347608506  0.00160618528016052  0.00290869700159691
  0.00459165756737084  0.00664877272291790  0.00910071023847456  0.01189868206693294
  0.01512280812488122  0.01853759978947603  0.02223984257324462  0.02631639045925992
  0.03072752410154042  0.03537980881510219  0.04019685372156510  0.04532379120134131
  0.05073556706326451  0.05634765721723523  0.06213696404811522  0.06826236385083824
  0.07471841928329212  0.08145191377628337  0.08843146693461344  0.09556577696409317
  0.10277410061199281  0.11017824038217768  0.11789412059374045  0.12586351433165746
  0.13408111793545380  0.14254459556533972  0.15128995413755528  0.16032659162505739
  0.16951047021613264  0.17876588796676079  0.18816114838874487  0.19772468249794081
  0.20748988144744099  0.21751262817608533  0.22779482256391909  0.23844116217383071
  0.24953049428632509  0.26073707947501218  0.27203222724811571  0.28369634077721151
  0.29570245845914334  0.30788423534947068  0.32011874320933664  0.33258627016493192
  0.34503961962952917  0.35759313634688628  0.37043843176175117  0.38341259782014470
  0.39652509313612083  0.41011113032640278  0.42382098061957812  0.43775146114426627
  0.45213549353619764  0.46628121182133947  0.48031883941019660  0.49432559348990379
  0.50830270579333880  0.52229503189016413  0.53645660840363008  0.55070305832932109
  0.56485807253895148  0.57901466712736227  0.59318924693713915  0.60753219842599049
  0.62206694579771438  0.63669883832267005  0.65145529592316964  0.66679494704675535
  0.68212029570049926  0.69732051851068499  0.71228579319197416  0.72688507146400183
  0.74156945617196668  0.75619187573856472  0.77072309336996148  0.78518155638717624
  0.79960388976533681  0.81394388721782640  0.82783940218670160  0.84144568680238030
  0.85489098669749286  0.86830695775129663  0.88182688444757995  0.89528060834039347
  0.90860350686480107  0.92198516694281063  0.93546313499807532  0.94876536294506808
  0.96166913996414582  0.97449104606572556  0.98726999631183410  1.00000000000000000
 -0.00251376974618600  0.00928692365198602  0.01969036707926181  0.03013063583884247
  0.04072605880545491  0.05137762733295505  0.06216301689847340  0.07289804606824311
  0.08367281025422553  0.09447038213845065  0.10524504889617738  0.11576464264527324
  0.12617035177692743  0.13684307616647898  0.14753913722152834  0.15806272185625389
  0.16869752351151335  0.17966288732730520  0.19074232280642817  0.20164328373385892
  0.21220775684644785  0.22268772787555374  0.23297560569079992  0.24364044265904744
  0.25457198049768404  0.26510350193831900  0.27584183942213736  0.28669729479208822
  0.29774685737475937  0.30896210888930331  0.32027153871649322  0.33179578117150510
  0.34245768397254478  0.35276432265261548  0.36308362652509218  0.37353431056994002
  0.38430235390400130  0.39486981260971243  0.40555255845648697  0.41615709849025079
  0.42626145487773331  0.43622341587671570  0.44618936021567901  0.45597573686295539
  0.46639153980977877  0.47681941433781272  0.48717714944374479  0.49768189261666851
  0.50780315473896653  0.51823911081339324  0.52825588499609688  0.53804054865940876
  0.54851776930397633  0.55857781915242100  0.56915706849747882  0.57960529432797958
  0.59041550959057931  0.60122278134696672  0.61215230062642856  0.62302205458066640
  0.63362276557509689  0.64401403679179892  0.65465349605544620  0.66569968005175939
  0.67675902349278394  0.68774370284308817  0.69805532568429851  0.70829252627962025
  0.71842211279528478  0.72892415568784663  0.73934061172823307  0.74936664506926609
  0.75983566744003783  0.77017838123662008  0.78131692167980593  0.79244091541401962
  0.80314982226133869  0.81372748634429870  0.82400024453596177  0.83433316508381583
  0.84470741383637782  0.85509345712897955  0.86581348789521839  0.87659906182489200
  0.88733866256933724  0.89809277171596469  0.90845062258771003  0.91865519980242250
  0.92877851854623883  0.93903829639207315  0.94919237093779218  0.95936823818431227
  0.96954016895719186  0.97978481421252395  0.98985087463448540  1.00000000000000000
 -0.00323789524073547  0.01927472668587686  0.03631977036857602  0.05115566425826859
  0.06457324541167618  0.07675258025880498  0.08814323241123606  0.09905144349560534
  0.10949767063338360  0.11958235463755031  0.12937162840554259  0.13891795234922688
  0.14835365916626705  0.15769961495450657  0.16700801508163904  0.17628185955613893
  0.18543256536913166  0.19441317461439950  0.20312115697505045  0.21166000145139396
  0.22026810554238574  0.22896087967739942  0.23761175074955382  0.24617299243874499
  0.25481791274870041  0.26347552924082163  0.27215744662689079  0.28066862575582058
  0.28898658133776856  0.29699608525354160  0.30488888544905224  0.31272046347082572
  0.32033311941546516  0.32785701915179488  0.33538713085520055  0.34285333682019381
  0.35051584078691406  0.35832735577942082  0.36618180797238664  0.37403069763976882
  0.38222925059726043  0.39034599816712529  0.39857169957070387  0.40689500695547076
  0.41529265727439085  0.42384599118435451  0.43256193297578277  0.44134159173242182
  0.45010282303641846  0.45877074485869651  0.46731971079880086  0.47590598019146069
  0.48446082776706073  0.49324217477694920  0.50203929253227664  0.51052551428461745
  0.51867034595705741  0.52676026404692167  0.53500546985093778  0.54356600034197988
  0.55235917298689474  0.56130704212993277  0.57044865464841199  0.57959799260782618
  0.58857734947109408  0.59749066471571810  0.60664477716431042  0.61613644089988739
  0.62574307829474918  0.63537425547132986  0.64499082907610861  0.65446554301633708
  0.66396111860220031  0.67375879521182958  0.68381824797876001  0.69395600977523408
  0.70419219175342873  0.71488258452544950  0.72597067021016126  0.73691997493641304
  0.74785105655684236  0.75891303480703198  0.77020240711600096  0.78160739808489943
  0.79313153747202736  0.80509654026893784  0.81754134467804285  0.83055362991788695
  0.84446137754055006  0.85903535626110794  0.87375113355330902  0.89074251581337660
  0.90878913142420803  0.92902400486301950  0.95530603001594461  1.00000000000000000
 -0.01987743823640923  0.11932247651367385  0.15997950998376292  0.18437077218274778
  0.20227129654344711  0.21688678927783195  0.22988696932322858  0.24140606746646076
  0.25214565171070602  0.26203797438050380  0.27145102199685811  0.28043809036992101
  0.28903293718512862  0.29723997895418225  0.30509245700159565  0.31270005910453297
  0.32004539926283931  0.32733640152068821  0.33459442651170757  0.34174918730492082
  0.34865369186859979  0.35520931708775288  0.36134308154023520  0.36736982866644913
  0.37339066987278813  0.37936750123619239  0.38531431693473372  0.39121652165135462
  0.39702051353695061  0.40272750309788102  0.40842232394222361  0.41400728240709600
  0.41952031053561323  0.42497482627586075  0.43037303531036841  0.43576248574961196
  0.44105836709458213  0.44632648349879822  0.45166228464011215  0.45709532480639176
  0.46252717555739647  0.46787899832593216  0.47316793090763604  0.47842650455926011
  0.48370207387260039  0.48916488431961092  0.49482874958953776  0.50053504782377967
  0.50629254712481597  0.51200293353962190  0.51758419439323966  0.52300755972021096
  0.52831666745576467  0.53362582875719600  0.53907807525790741  0.54429913729406298
  0.54948136925588953  0.55463803407662138  0.55975658583675691  0.56496786828248913
  0.57014880622945718  0.57534163521664994  0.58053545849504773  0.58581769417421059
  0.59130499721136776  0.59687506961554027  0.60242005689740741  0.60797029997933105
  0.61349972569058386  0.61907381061033973  0.62470526968068474  0.63067472032044791
  0.63680816963388309  0.64294041140213465  0.64921708215166518  0.65557009537486099
  0.66206456940302505  0.66854854442593048  0.67520861820552969  0.68203952103424548
  0.68916156254328809  0.69664438758154745  0.70441340676524278  0.71250664059676661
  0.72091955626359072  0.72935694282667429  0.73840601275194517  0.74796614035281206
  0.75879274357090121  0.77052538084261768  0.78422821961893507  0.79938922071603635
  0.81745533619901811  0.84052359446333635  0.87873277887130274  1.00000000000000000
   2.1616305661235199E-003  -1.0000000000000000     
 T T T T T T T T T T T T T T T T F F F F F F F F F F F F F F F F
  <DiscreteSampler_grid>
  grouped_processes
  1 # 1 for a reference and 2 for a running grid.
  10 # Attribute 'min_bin_probing_points' of the grid.
  1 # Attribute 'grid_mode' of the grid. 1=='default',2=='initialization'
  0.0000000000000000 # Attribute 'small_contrib_threshold' of the grid.
  0.5000000000000000 # Attribute 'damping_power' of the grid.
 # binID   n_entries weight   weight_sqr   abs_weight
    10   10   3.602106632760951E+008   2.141934746852635E+017   3.602106632760951E+008
  </DiscreteSampler_grid>
