 -0.00000011187168308  0.00001117642202341  0.00002592381514574  0.00003901486376223
  0.00005205419615101  0.00006482013361794  0.00007799636221815  0.00009182989087011
  0.00010608083236067  0.00012081685755303  0.00013585639485013  0.00015099548372559
  0.00016657783683678  0.00018320215159839  0.00020075241617910  0.00021894659077139
  0.00023793033741299  0.00025775135578101  0.00027839039193529  0.00030014901118511
  0.00032300656883680  0.00034721233706290  0.00037261105856183  0.00039878468507620
  0.00042600817495701  0.00045414724244441  0.00048399167799394  0.00051555764413688
  0.00054828931486284  0.00058231511112938  0.00061771128035757  0.00065475202700324
  0.00069340832006317  0.00073349584070597  0.00077502326611252  0.00081815568494956
  0.00086371104214517  0.00091127769025052  0.00096162702348207  0.00101451626464480
  0.00106913226923350  0.00112483073272421  0.00118182400305765  0.00124232276974253
  0.00130661581525650  0.00137517910883305  0.00144750889169765  0.00152208172118293
  0.00160159541463863  0.00168134555216751  0.00176250417001550  0.00184851966158988
  0.00193912019588041  0.00203636784135867  0.00213558476859919  0.00223655211306888
  0.00234536392854463  0.00246298215160609  0.00260315854233070  0.00274395092980812
  0.00288506402239125  0.00303161294536809  0.00318161486352702  0.00333523958750883
  0.00349257082921209  0.00365465434198610  0.00381978414205415  0.00398616088774650
  0.00415622524658410  0.00433090798604813  0.00452786029449947  0.00475451580832527
  0.00500379102700284  0.00528479925180163  0.00560675870550376  0.00597502529025130
  0.00643799916650174  0.00690257201517828  0.00730799746724152  0.00767977341598457
  0.00806553437964775  0.00848346853008664  0.00898854328523213  0.00992386003598420
  0.01112544381921660  0.01258522365503137  0.01390234748956615  0.01512716155566173
  0.01643291127684215  0.01820261849648739  0.02222679721546309  0.02596454721419744
  0.03103330193276021  0.04060846164055244  0.06739412954943223  1.00000000000000000
 -0.00261551809106224  0.00987591128460540  0.02008517546995436  0.03081952231981598
  0.04133705648166182  0.05212624472325473  0.06295671742632505  0.07361544764015991
  0.08420394721824291  0.09468046536192710  0.10529762593508267  0.11578977542503729
  0.12631880827328487  0.13671143430339286  0.14720422937577851  0.15757296350450467
  0.16796837141832022  0.17833716248992892  0.18862622580476987  0.19889409618387108
  0.20933606811869743  0.21987559802411155  0.23044527026543091  0.24110730996447921
  0.25173933178570307  0.26243510357653915  0.27299662027846106  0.28349471244208713
  0.29396406606052483  0.30446442189329032  0.31503276970111133  0.32560791612640644
  0.33611884357929811  0.34652446244934637  0.35690378737145168  0.36726426169806503
  0.37752258791525450  0.38788270991073287  0.39821631931102675  0.40888894380336849
  0.41922808117568905  0.42972211711483643  0.44036335152356909  0.45113310412164204
  0.46167192610375407  0.47203553409803728  0.48246044548097466  0.49313467305135844
  0.50378029746118613  0.51456761404958418  0.52546280972138670  0.53651322148801828
  0.54764913685470229  0.55858114212334731  0.56945916395911556  0.58023547749171978
  0.59092917663118849  0.60164251710740502  0.61229339974092833  0.62307694972190009
  0.63375299602905011  0.64443745627520099  0.65514826996009323  0.66590594879425435
  0.67656997581811573  0.68720580915897522  0.69756135097898242  0.70796540961872689
  0.71827451260992969  0.72865687082241992  0.73900663151743007  0.74945715858846940
  0.75991937850870039  0.77047928783476716  0.78114880304036172  0.79176601876667385
  0.80216421674882177  0.81254667944699233  0.82317679812273770  0.83388588721600587
  0.84442747479978020  0.85503561320035759  0.86566267020669918  0.87627461543568097
  0.88647375052570776  0.89686665402598365  0.90696491727438344  0.91713080009235592
  0.92710125502792062  0.93722282673226964  0.94773624894085051  0.95818494204295490
  0.96846603460984393  0.97884902728033740  0.98931459129349986  1.00000000000000000
 -0.00406493527411312  0.02341821021510357  0.04330187773139256  0.06012074274163798
  0.07517931921841858  0.08923841540862523  0.10258927912776307  0.11525443259404340
  0.12727868128990674  0.13872691576331969  0.14978183171004758  0.16058857006384691
  0.17128744433669138  0.18195464745610401  0.19250777106938169  0.20299744104841388
  0.21329835505227249  0.22342747489008657  0.23344556349012194  0.24336355451738864
  0.25321263092930602  0.26298920522617097  0.27260413167101327  0.28213881506384009
  0.29165012645151461  0.30100946533952255  0.31029105272936203  0.31951206938485566
  0.32881469889711962  0.33800235903797782  0.34714897862824956  0.35619389481729008
  0.36507527597684725  0.37381414526032758  0.38244659242088114  0.39108550625350669
  0.39984662884827554  0.40868821320496695  0.41744486707218109  0.42606653111138421
  0.43459209288945433  0.44304295956153211  0.45159883101288339  0.46019961502403595
  0.46859634163173197  0.47709173789366527  0.48547397056557562  0.49390331644473395
  0.50218905387359647  0.51034924069195597  0.51849745876096665  0.52668617319382693
  0.53492663829190845  0.54330638506578810  0.55173169154854207  0.56017811110611859
  0.56878146038750110  0.57742420905885694  0.58610102057317037  0.59477426851814919
  0.60341443455365162  0.61206551381600927  0.62070377175248648  0.62925007095655450
  0.63775349459964403  0.64635846533150232  0.65506624783084899  0.66376344317583236
  0.67248373731731015  0.68131185574715925  0.69023198232474814  0.69921602193222165
  0.70828843990893953  0.71727481835826912  0.72633739732683378  0.73544192624190330
  0.74454008532035065  0.75376914295294528  0.76290908185296102  0.77210041859960721
  0.78131167558319292  0.79099690176741189  0.80095014717778179  0.81127996689244897
  0.82223000013546932  0.83341718856177249  0.84463054365499690  0.85593811988189950
  0.86754841630309332  0.87941995859025246  0.89192765293453313  0.90605465514289496
  0.92225454057518463  0.94108617397673167  0.96566750257145739  1.00000000000000000
 -0.02054266993798727  0.12137318417818048  0.16046689023765873  0.18382991902311221
  0.20178099790676890  0.21680710099280032  0.23013501554098345  0.24199222322984301
  0.25294843026947655  0.26290163077865447  0.27248461062127338  0.28134239971071040
  0.29003662918365286  0.29826270996274556  0.30622189840103370  0.31394367256580141
  0.32129618883202710  0.32844222884332575  0.33526380409785717  0.34183786804757904
  0.34833585024293756  0.35474817770536388  0.36100655213329336  0.36711955224318138
  0.37317978347601782  0.37911516711908333  0.38497220973169322  0.39080029215911477
  0.39653642232159808  0.40216925674251591  0.40772989232007534  0.41322921697912401
  0.41869542802621940  0.42417872838433313  0.42969171896632874  0.43517113852320471
  0.44049805647813872  0.44568342797570643  0.45085825241031335  0.45603329961878764
  0.46124437999295176  0.46645908918375539  0.47164624587249177  0.47681700948984790
  0.48197727589910583  0.48712220356182756  0.49224526772283128  0.49732803569755518
  0.50236558982786339  0.50742183695933574  0.51257251725259378  0.51783972847933424
  0.52319999246312809  0.52857657165457783  0.53388878027000741  0.53909860767225781
  0.54422685507944590  0.54933919419627930  0.55449051738837662  0.55965673507521441
  0.56494209386151539  0.57035008434810630  0.57584041292090660  0.58134777225631518
  0.58689674224809596  0.59250733951758738  0.59815904477580806  0.60385548760946262
  0.60958291040804957  0.61535997365793571  0.62120838021564262  0.62710255741690912
  0.63307633425962373  0.63911156230143373  0.64522774103715463  0.65153518675705169
  0.65799838507685304  0.66462613874468268  0.67156874451366266  0.67876938338134429
  0.68603051742765708  0.69359897671059711  0.70146219280729016  0.70966363338090577
  0.71844213450450145  0.72736762731014104  0.73698295491016175  0.74692209380636410
  0.75773759198988022  0.76956253992832169  0.78300884916637614  0.79861461679510448
  0.81713208643991775  0.84054672818203124  0.87917509903300817  1.00000000000000000
   2.4973020908395743E-002  -1.0000000000000000     
 T T T T T T T T T T T T T T T T F F F F F F F F F F F F F F F F
  <DiscreteSampler_grid>
  grouped_processes
  1 # 1 for a reference and 2 for a running grid.
  10 # Attribute 'min_bin_probing_points' of the grid.
  1 # Attribute 'grid_mode' of the grid. 1=='default',2=='initialization'
  0.0000000000000000 # Attribute 'small_contrib_threshold' of the grid.
  0.5000000000000000 # Attribute 'damping_power' of the grid.
 # binID   n_entries weight   weight_sqr   abs_weight
    10   10   3.417582234022099E+009   2.184962999903542E+019   3.417582234022099E+009
    16   10   3.417582234022099E+009   2.184962999903542E+019   3.417582234022099E+009
  </DiscreteSampler_grid>
