  0.00000344548078125  0.00001474000711629  0.00002626481837720  0.00003948066956022
  0.00005220956564587  0.00006519892187741  0.00007859506510648  0.00009252955890160
  0.00010693854459260  0.00012171910394153  0.00013691157656924  0.00015231957464484
  0.00016840238924073  0.00018530685136614  0.00020298338377678  0.00022152249299697
  0.00024106831154089  0.00026161341252792  0.00028322734832839  0.00030625761180496
  0.00033050692164254  0.00035569302581938  0.00038205384920524  0.00040951757687337
  0.00043781065798576  0.00046740299172769  0.00049827945571750  0.00053054400058939
  0.00056411178406940  0.00059950983319731  0.00063727752345132  0.00067750979306474
  0.00072013783212828  0.00076438185518650  0.00080982010998847  0.00085634942328352
  0.00090472775871665  0.00095483688025946  0.00100938752404617  0.00106764056011878
  0.00112836535253877  0.00119104981476686  0.00125550148389712  0.00132186769717241
  0.00139088415355827  0.00146251451500153  0.00153628604422058  0.00161385928734946
  0.00169708384617623  0.00178514110751244  0.00187683807663080  0.00197213952575801
  0.00207035139436746  0.00217386503229588  0.00228454758122749  0.00239995116970590
  0.00252172965161060  0.00264709208009536  0.00277388097231076  0.00290036466134512
  0.00303617110227216  0.00317971481259604  0.00333015251029847  0.00349486026599160
  0.00366873565667228  0.00384856326649273  0.00403718878652216  0.00423101068127645
  0.00442942325616893  0.00464319275783036  0.00485366908273381  0.00511818603357705
  0.00541258449992261  0.00570305008190074  0.00600289723466659  0.00631233042042614
  0.00664598001256267  0.00703489143231368  0.00751918318954629  0.00808039635622518
  0.00854103881025881  0.00902938060225133  0.00951829940346054  0.01000884942641598
  0.01052805889087237  0.01103644751149735  0.01159216804922220  0.01227150991241775
  0.01322466787873638  0.01432492599560548  0.01563807803951001  0.01889267597531240
  0.02192041775421978  0.02649063073500888  0.16274437257904020  1.00000000000000000
 -0.00259144070642818  0.00953452196544131  0.02002932214921847  0.03077695250557955
  0.04165801030557821  0.05251811370831738  0.06306476858970009  0.07342559028891038
  0.08388293910209492  0.09441238793034680  0.10513466215259870  0.11587546597726582
  0.12657238212856869  0.13705074796370079  0.14760689406782579  0.15842191418214835
  0.16918270334819285  0.17984008351350644  0.19050101779469031  0.20130841004327504
  0.21179598824094245  0.22227010183044954  0.23302822365953543  0.24408858378016057
  0.25486300359734676  0.26541153278781121  0.27580385941065338  0.28611576625859120
  0.29636923942873367  0.30680510624242818  0.31722378271924889  0.32777639889006221
  0.33851379799513287  0.34951835969711187  0.36052250558514959  0.37144263695057539
  0.38238476780014335  0.39321282405766594  0.40385519466220876  0.41428433210005167
  0.42475499794602112  0.43517998878995295  0.44572117151733726  0.45608320005529879
  0.46650709422569903  0.47700109574595950  0.48759023292909287  0.49826821107779851
  0.50896392680929936  0.51961154360013873  0.53025870746997450  0.54079369178718628
  0.55099160234181366  0.56091970057389751  0.57083287625799028  0.58091318243967527
  0.59127044731254963  0.60180322330735136  0.61261900918784373  0.62341495328964425
  0.63407863871768233  0.64455899136630190  0.65485303822877361  0.66527360225364629
  0.67583510193656937  0.68645991855732036  0.69695773368504521  0.70742933314170442
  0.71790805563691362  0.72846774960128469  0.73914515325834729  0.74973282481204828
  0.75992400547407757  0.77002860933778694  0.78021790536346758  0.79053922806039278
  0.80123712827997429  0.81189570832393498  0.82273519171771103  0.83352600536183841
  0.84368212173923463  0.85401911494446769  0.86410903927980043  0.87447968016832889
  0.88477639439602707  0.89507641851930342  0.90574637453045381  0.91649575685032991
  0.92711112539539353  0.93762495351675823  0.94806956342930127  0.95872369159499171
  0.96921156726950286  0.97959401561926007  0.98975644264098395  1.00000000000000000
 -0.00370556140677051  0.02281441148361997  0.04212027720372682  0.05859877820608495
  0.07348304323397781  0.08731683451555439  0.10059120340395807  0.11342339269148524
  0.12587756540124331  0.13780998341819076  0.14924763207905722  0.16037403801296601
  0.17138739534120775  0.18216350210376375  0.19268747945244388  0.20289910077947329
  0.21310990812592759  0.22315027562392764  0.23324908800386898  0.24325597809229349
  0.25313530308745541  0.26271967862618145  0.27214389260938460  0.28151892818778529
  0.29094355948516987  0.30042735227968648  0.30983612827359958  0.31927765189200835
  0.32841658662537193  0.33747146346196027  0.34653024613410299  0.35554663609814940
  0.36449838066100232  0.37328738382812909  0.38195904727452151  0.39060834629460250
  0.39929329370135364  0.40788895712500128  0.41638275698089294  0.42483970793626058
  0.43337204698084925  0.44209821792405041  0.45091190057171904  0.45959865457954707
  0.46812254684515570  0.47662225568290434  0.48517898174646185  0.49369341761784952
  0.50215285338844062  0.51049975020840566  0.51887151005554000  0.52721106003350160
  0.53559480420694427  0.54400736611825107  0.55252690780805702  0.56121590780900577
  0.56981104980606923  0.57844707949846519  0.58689017927604403  0.59530393800667369
  0.60363869079768073  0.61205014126728052  0.62049488254574992  0.62902514673851118
  0.63760330548718025  0.64630582932646941  0.65521543876914357  0.66422470947351298
  0.67321477135353491  0.68217018533814888  0.69119051321274583  0.70042796607625268
  0.70977315471657354  0.71901584230161897  0.72814834180293042  0.73739012023191042
  0.74679874886554864  0.75624651794964504  0.76577639921997542  0.77553047654968921
  0.78551077702784056  0.79544937103066182  0.80532639988933430  0.81557701648954350
  0.82636964238294086  0.83723675672508990  0.84818199867067423  0.85942142412975797
  0.87132132096292481  0.88365939651685843  0.89650095163747290  0.91055480783088705
  0.92611531792972446  0.94325900363374449  0.96504727554579550  1.00000000000000000
 -0.02030520542261163  0.12043791934141415  0.15951664250310710  0.18330992785019917
  0.20164518744285545  0.21682629527148062  0.23021727326298799  0.24202205793438186
  0.25277653772430314  0.26257505660860303  0.27210327363667697  0.28089791856348212
  0.28951841462334887  0.29772201237407381  0.30570437883629009  0.31339281774256361
  0.32063016555857266  0.32766279361735445  0.33454860839243400  0.34122192071084051
  0.34785791610790373  0.35439541458985757  0.36069324432067307  0.36680567010752141
  0.37276465609470183  0.37860743876550984  0.38443302673051022  0.39028639469593773
  0.39609655040506730  0.40177791819178937  0.40733251969212442  0.41282682001274590
  0.41827058423278529  0.42372201803721476  0.42918948300087312  0.43467108409158289
  0.44004874324897414  0.44538693729741557  0.45073870268479188  0.45605597590851055
  0.46131042248971582  0.46651374616155011  0.47171763844565828  0.47691565051481516
  0.48204307177170141  0.48714406426188284  0.49220862958710732  0.49735593001900708
  0.50257535172612477  0.50781837691114506  0.51298877142661359  0.51809537598791278
  0.52326909687383549  0.52845667201216540  0.53361380639174905  0.53878490864860518
  0.54401470100228699  0.54932300056606642  0.55462078226977496  0.55986258631039620
  0.56508145223363093  0.57030774660124928  0.57566395671867743  0.58103466131994963
  0.58654823756901320  0.59209848674793120  0.59770620452057432  0.60341998155802845
  0.60922070078746204  0.61505961199636261  0.62085573339287048  0.62668640363346872
  0.63280488336655483  0.63889307566462050  0.64510396149604765  0.65141635912468021
  0.65791159174836189  0.66457769231517028  0.67144845936489495  0.67854546973856977
  0.68577336734377836  0.69339146955742326  0.70124146904959561  0.70936623420812439
  0.71804264555191566  0.72687625689999369  0.73641849833694617  0.74631463667631137
  0.75734756638401335  0.76927238163651546  0.78263418646522387  0.79776481205139338
  0.81589157085335196  0.83940897684986127  0.87826581990950670  1.00000000000000000
   2.5334522313115480E-002  -1.0000000000000000     
 T T T T T T T T T T T T T T T T F F F F F F F F F F F F F F F F
  <DiscreteSampler_grid>
  grouped_processes
  1 # 1 for a reference and 2 for a running grid.
  10 # Attribute 'min_bin_probing_points' of the grid.
  1 # Attribute 'grid_mode' of the grid. 1=='default',2=='initialization'
  0.0000000000000000 # Attribute 'small_contrib_threshold' of the grid.
  0.5000000000000000 # Attribute 'damping_power' of the grid.
 # binID   n_entries weight   weight_sqr   abs_weight
    10   10   2.582823963708152E+009   2.241014165678484E+019   2.582823963708152E+009
    16   10   2.582823963708152E+009   2.241014165678483E+019   2.582823963708152E+009
  </DiscreteSampler_grid>
