  0.00000024458307414  0.00001333311905099  0.00002935863796332  0.00004405003047961
  0.00005853845204037  0.00007338196500969  0.00008876384826332  0.00010482313032956
  0.00012158661304888  0.00013896217393373  0.00015698228531027  0.00017589066721513
  0.00019605752148152  0.00021728195635033  0.00023970323304110  0.00026352638122350
  0.00028875721889880  0.00031532718425557  0.00034292622670651  0.00037206377462017
  0.00040272784231114  0.00043501111074028  0.00046886774428854  0.00050414989265612
  0.00054131833608593  0.00058028200083280  0.00062139782580145  0.00066421728119239
  0.00070882837044788  0.00075545492873958  0.00080333699130400  0.00085380940373771
  0.00090691686222927  0.00096156804485011  0.00101791698549634  0.00107621321891356
  0.00113828053802625  0.00120003042950248  0.00126531556875158  0.00133257975693846
  0.00140543395665779  0.00148181008716749  0.00156451453157402  0.00165186405912849
  0.00174130125795768  0.00182954503524139  0.00191789108341666  0.00201093350023633
  0.00210969901566180  0.00221318836357275  0.00232432437783190  0.00244186836297957
  0.00256654937328289  0.00269408459130184  0.00282346443353063  0.00295577929119649
  0.00309135711304085  0.00322866348556206  0.00337197214187318  0.00351431596260576
  0.00365581427924657  0.00384063512282014  0.00403014076652791  0.00423867948363341
  0.00445952609051634  0.00467884115801451  0.00490192526255703  0.00513702248171976
  0.00538087206940627  0.00563482229961928  0.00590438149011346  0.00620628454371534
  0.00650746120615649  0.00686024015186069  0.00717967271094401  0.00751226856734340
  0.00786554202126332  0.00822178101823382  0.00861378622758412  0.00910649463230268
  0.00977675409495667  0.01051276885789045  0.01120334335107897  0.01196255120306303
  0.01292660384574331  0.01381883133912849  0.01501559892522922  0.01609138344871126
  0.01705664754767368  0.01840326820192083  0.02084347513918994  0.02473448123996004
  0.03305230221519989  0.06511710865594711  0.15387048354592292  1.00000000000000000
 -0.00228580942317130  0.00911259092630998  0.01897648566179985  0.02963032012718885
  0.04015597085844600  0.05077924624905594  0.06140426320661794  0.07213180760410923
  0.08297095963011206  0.09363937260683008  0.10433193122660273  0.11489222836589946
  0.12551192835429972  0.13615360372676791  0.14672869525641452  0.15712354787139876
  0.16746149092541471  0.17796960796425224  0.18862400828518472  0.19929367774925927
  0.20985167827497611  0.22036457870242529  0.23095058321376052  0.24158127946183031
  0.25226103155811219  0.26272331463383991  0.27306257163815173  0.28340513342855311
  0.29366661842244490  0.30399067196960566  0.31418469263643950  0.32479611647059925
  0.33510861469747444  0.34545029970979618  0.35571295898293237  0.36633112027959436
  0.37705076045552860  0.38782919226816664  0.39850133960880779  0.40931080855527274
  0.42022902586229388  0.43113605094675378  0.44186879180907884  0.45240828822972312
  0.46287582204588235  0.47337741402090083  0.48392692127584164  0.49479026502317308
  0.50567937429707066  0.51653915939785344  0.52701590311446278  0.53729544208207969
  0.54759293243091389  0.55782744148712105  0.56842103276866229  0.57897096750259147
  0.58989294333238762  0.60081096238688136  0.61154691183473053  0.62213447558247514
  0.63261164672490156  0.64318245044158573  0.65385323801542505  0.66462475548149591
  0.67552946848364748  0.68646100672059018  0.69739455971256237  0.70813203953024195
  0.71867328172798417  0.72909674442430183  0.73947871645255259  0.74983964352156773
  0.76004225328153818  0.77021244796723165  0.78042623327075489  0.79079416239626810
  0.80117002738667198  0.81163882865245007  0.82209767877231343  0.83257220366253004
  0.84300460364279028  0.85346326187272448  0.86391446516108317  0.87434548103129073
  0.88461755611219639  0.89503325853967863  0.90552604327164876  0.91614124557002141
  0.92661723163284870  0.93700546912250093  0.94744748147874713  0.95798411465822830
  0.96866421818896309  0.97921334246225222  0.98974721423974288  1.00000000000000000
 -0.00492058909966306  0.02595159515326625  0.04736347863721281  0.06490980322204867
  0.08050986439553112  0.09484294055340080  0.10833248810851857  0.12129208881291437
  0.13379087145073076  0.14587102952024511  0.15757498219947835  0.16892264339319518
  0.17997601926330792  0.19085478131863309  0.20155699867114971  0.21203828237489686
  0.22227835634260745  0.23236979221194515  0.24236626475029499  0.25226326522130643
  0.26205916175523630  0.27173243673603809  0.28126808796158032  0.29067935710916643
  0.30003436486425772  0.30937268363988568  0.31867301034517520  0.32786938020833145
  0.33689432988604773  0.34578864728574860  0.35461697673021975  0.36337723879906153
  0.37207512878451160  0.38071595053085450  0.38928918066566548  0.39783481608816679
  0.40632749269019502  0.41480566325341112  0.42328460443139948  0.43173081656087742
  0.44018270727960285  0.44861142236116447  0.45695837066909745  0.46525406153936594
  0.47350441720505454  0.48181233552030245  0.49016406280235136  0.49845874165854442
  0.50664208203351135  0.51467110986019948  0.52274454046653995  0.53092148339253442
  0.53915160269986928  0.54736975555261125  0.55555988515271160  0.56374379238060779
  0.57191979487517941  0.58007893808716915  0.58816707503070986  0.59623117459699426
  0.60437685890917991  0.61260934417758073  0.62089923004225134  0.62913097416869024
  0.63741182737198498  0.64573159195542884  0.65411304547412985  0.66249932383460575
  0.67099164214346940  0.67957233699311526  0.68824480889605366  0.69699015637774564
  0.70580963163635968  0.71474874274673406  0.72377331778450815  0.73289700716373818
  0.74208200821317905  0.75135242114998313  0.76070601058292220  0.77021798657967122
  0.78001966351834773  0.79003307339859230  0.80006101345355218  0.81009378811387200
  0.82036664558686700  0.83086233892893124  0.84160658896946494  0.85270146528704804
  0.86440574677044157  0.87682655731397230  0.88999871261889563  0.90397475524360482
  0.91905787182920506  0.93662704041604505  0.96109723587434714  1.00000000000000000
 -0.02813735823113501  0.13763626927469338  0.17568919953821199  0.19844137568539627
  0.21599692950769195  0.23064905820118958  0.24337369817786467  0.25492994197080315
  0.26534538959115239  0.27510147552120157  0.28405832104696005  0.29266494175395297
  0.30082794784720795  0.30877644920343900  0.31640913724237085  0.32362298482013946
  0.33066180250747546  0.33738230163301441  0.34387417715821533  0.35020127043214794
  0.35640445741381344  0.36245593692398881  0.36843637629298237  0.37435274447984634
  0.38009914081696194  0.38573919360485631  0.39134186602417093  0.39690589067585252
  0.40244654443791750  0.40793674081890308  0.41335851748635249  0.41866357144827737
  0.42387775883233064  0.42905071833715297  0.43420351372657234  0.43932660050827965
  0.44442454507457951  0.44950246998324350  0.45451430211627053  0.45945439227368101
  0.46433878815638896  0.46922510028881304  0.47417170016338872  0.47909174038255392
  0.48398946741601884  0.48883873752842699  0.49368940328225935  0.49856709182406744
  0.50341507082202852  0.50828203933217919  0.51313937712368296  0.51796449596799865
  0.52277367898303839  0.52761020419557325  0.53248509340090944  0.53739294133988535
  0.54232225089346553  0.54726379301604045  0.55221314781061648  0.55719336569548583
  0.56223507447430821  0.56731048629779879  0.57241106410861253  0.57757809308030650
  0.58275859285522436  0.58803042150116569  0.59332486934159256  0.59860570020375237
  0.60395832024331597  0.60941945838733924  0.61501419365860022  0.62068125231910931
  0.62638501354092047  0.63221702576292349  0.63813812386333679  0.64418803858423046
  0.65040462760396101  0.65678429679427042  0.66331278894867129  0.67004971609443598
  0.67707483684536152  0.68425480884403278  0.69190592590267008  0.69974697625196780
  0.70783602852600147  0.71635902539892005  0.72525005082797389  0.73483830832378794
  0.74495785188450991  0.75613844691321075  0.76867356160054823  0.78312315590809212
  0.80051658607355192  0.82350660510687179  0.86236976162771173  1.00000000000000000
   1.2670667381444147E-002  -1.0000000000000000     
 T T T T T T T T T T T T T T T T F F F F F F F F F F F F F F F F
  <DiscreteSampler_grid>
  grouped_processes
  1 # 1 for a reference and 2 for a running grid.
  10 # Attribute 'min_bin_probing_points' of the grid.
  1 # Attribute 'grid_mode' of the grid. 1=='default',2=='initialization'
  0.0000000000000000 # Attribute 'small_contrib_threshold' of the grid.
  0.5000000000000000 # Attribute 'damping_power' of the grid.
 # binID   n_entries weight   weight_sqr   abs_weight
    10   10   5.146905959622205E+009   9.482882321511709E+019   5.146905959622205E+009
    16   10   5.146905959622206E+009   9.482882321511709E+019   5.146905959622206E+009
  </DiscreteSampler_grid>
