  0.00000138671818740  0.00001610873585042  0.00003037466148543  0.00004482100325783
  0.00005906061718233  0.00007372229917941  0.00008907543963640  0.00010527656972983
  0.00012241134171671  0.00014027261819681  0.00015865723061484  0.00017814343586528
  0.00019866436178926  0.00022056689304430  0.00024376237363679  0.00026812344972998
  0.00029372760673740  0.00032032766021939  0.00034826025040591  0.00037785778438761
  0.00040878880433707  0.00044141517911384  0.00047525589401979  0.00051063715987906
  0.00054772873623582  0.00058675831195816  0.00062740151759727  0.00066950264540554
  0.00071331537375967  0.00075934769726165  0.00080761548582889  0.00085833683611627
  0.00091196255291279  0.00096772439650903  0.00102475716113972  0.00108374702895623
  0.00114484549947153  0.00121069897827966  0.00128089758954281  0.00135473169780658
  0.00143184479108262  0.00151141033342387  0.00159487931169275  0.00168122723479445
  0.00176837482899538  0.00185975960228444  0.00195727628723404  0.00205987378019551
  0.00216617988584339  0.00227787183471356  0.00239213097819476  0.00251399361287891
  0.00264224214848638  0.00277519794897923  0.00291775014998848  0.00307212852321803
  0.00323048274809117  0.00338773358301578  0.00355068208197071  0.00372253960515972
  0.00391145112287474  0.00410771198299739  0.00430984412097860  0.00453644177694951
  0.00479054751367479  0.00505657422830262  0.00533481551280771  0.00562898484861548
  0.00593630583187693  0.00625950256874954  0.00657947245147124  0.00688741649310566
  0.00720570072442858  0.00754803317059808  0.00792638202297123  0.00835229830914525
  0.00883019318627515  0.00934711240483615  0.00982028201923353  0.01035499164081574
  0.01095259956969766  0.01159119100485278  0.01226304239879270  0.01298176776134836
  0.01374399760061515  0.01460614241078887  0.01562474192935480  0.01706679166041699
  0.01825250835206679  0.01940868640463811  0.02069860172318722  0.02294613198772657
  0.02629005946315691  0.04638539534132957  0.07766618922857320  1.00000000000000000
 -0.00241720159921806  0.00932552433150544  0.01964066000052369  0.03015012414193265
  0.04077996648595564  0.05105842236767621  0.06144742695413834  0.07191146373880124
  0.08249874670361322  0.09302609600012883  0.10359622197453880  0.11404054823656921
  0.12461054418094490  0.13506790318735323  0.14571941234010360  0.15640303523048299
  0.16719403486179657  0.17812623537646144  0.18902170674178870  0.19968909637922891
  0.21016004686348355  0.22050035411074115  0.23118487358865905  0.24184642623600489
  0.25243558050581488  0.26287300126271690  0.27355854646834366  0.28433998343647154
  0.29499559122128532  0.30556244244087233  0.31614517242186707  0.32681560446942592
  0.33741311530681606  0.34796582371294887  0.35841748989679800  0.36874051518669815
  0.37907046744812789  0.38956649239334329  0.40001290486540086  0.41054092531519926
  0.42084220026335517  0.43125937632016875  0.44168033655545591  0.45206050878894916
  0.46235579935741089  0.47278393020830606  0.48348787026325468  0.49424750823375130
  0.50483447261149028  0.51531922071791336  0.52601286410784509  0.53663430541034329
  0.54727175750709534  0.55775027276751987  0.56835113212099175  0.57900027285266464
  0.58964158379095566  0.60046206718325490  0.61104673674901000  0.62166688123348113
  0.63199081945264823  0.64229220694302025  0.65240578682572847  0.66258028700123794
  0.67290019100524456  0.68327950536252624  0.69367530609560391  0.70419316511154117
  0.71497671007994679  0.72583592085951043  0.73651219125878487  0.74701530271209149
  0.75749412750936529  0.76798332968505967  0.77877712781355124  0.78950257460328221
  0.80031994521335792  0.81092774366600262  0.82153866251851404  0.83209325610795459
  0.84277230901186906  0.85328707728278852  0.86373836719258401  0.87397962050769240
  0.88430099704523613  0.89463322257683275  0.90509017874692421  0.91535369635466479
  0.92580620866378160  0.93623727712097105  0.94693915605065970  0.95758225534769981
  0.96823352212333480  0.97908634503486358  0.98957351711505415  1.00000000000000000
 -0.00450943169731525  0.02497384369112860  0.04581512709069206  0.06319789566736608
  0.07896012379766620  0.09356187228310442  0.10735379872658161  0.12056203007765423
  0.13319835762837876  0.14529967158419771  0.15700954067320644  0.16842896516928327
  0.17958956931304432  0.19045916494848919  0.20102415391076159  0.21134980712477222
  0.22154309103162578  0.23163317799995334  0.24160190307716559  0.25137678718306816
  0.26094181367559571  0.27036807489352066  0.27966905879497561  0.28887198622229027
  0.29801110876533088  0.30706992540988992  0.31607759197890012  0.32503877568070394
  0.33393186249327150  0.34277430510981705  0.35157489722190521  0.36033668278527364
  0.36901494992109085  0.37756748127017747  0.38605380159908687  0.39452981468397219
  0.40302482283550012  0.41153761242023662  0.41998860886437384  0.42834629406776953
  0.43665395161925324  0.44492525746989570  0.45325859018000553  0.46164477672772763
  0.46996648539331565  0.47817747578704206  0.48635553519682367  0.49456145474566621
  0.50282476631737671  0.51118278195914402  0.51957893651858000  0.52798842705189164
  0.53648805791548870  0.54483845390568064  0.55308299022179841  0.56136044540133301
  0.56971086574614149  0.57810570665659355  0.58656850975920360  0.59499258934452492
  0.60339080693357949  0.61176836676158652  0.62015489933169821  0.62861999512212985
  0.63714274170317220  0.64566572883734841  0.65412419062011773  0.66252952476823346
  0.67097460489858129  0.67949574375324773  0.68810779644416831  0.69678913907569884
  0.70550471790893365  0.71426471856129137  0.72314798979142336  0.73215676357503967
  0.74121281107918469  0.75037337352572819  0.75980429330790544  0.76952783958616522
  0.77930739588889453  0.78902978292284953  0.79890870845570094  0.80918672321381402
  0.81987306751131794  0.83077626503155078  0.84193324300346528  0.85344339136158343
  0.86554500048814031  0.87852474376834999  0.89246065830771548  0.90712588650853043
  0.92278782620764432  0.94049657993892033  0.96392844152766965  1.00000000000000000
 -0.02824158210771790  0.13672764575189839  0.17594663633252819  0.19911851279501736
  0.21666023353559741  0.23114530440250375  0.24380211704467231  0.25518115614131126
  0.26533424969313318  0.27486134485654051  0.28375498657581533  0.29244425581976941
  0.30048557466276510  0.30823576195842911  0.31565047646175270  0.32276286625473755
  0.32970190353646528  0.33637896912797544  0.34285924920131711  0.34925100339955961
  0.35555330146551339  0.36179169000212064  0.36781730311571692  0.37369981903642252
  0.37934746267664832  0.38500491459021463  0.39064895751251061  0.39622458511221104
  0.40165192055569876  0.40702167385663612  0.41237640200719328  0.41773013607335346
  0.42291475210466217  0.42801931852126324  0.43306226691974475  0.43804458800816870
  0.44301073893931059  0.44800435350710810  0.45301823316856321  0.45802509428912747
  0.46302636046361695  0.46799962436430292  0.47291330941252757  0.47782394247278959
  0.48273969008772583  0.48765364068289596  0.49256611877679657  0.49744088065771763
  0.50227028860080092  0.50713151922989641  0.51202168420706529  0.51691441654412329
  0.52180838333121138  0.52670311321248109  0.53162519093340210  0.53659930115622989
  0.54159778828945082  0.54660921139114460  0.55162046585282765  0.55662156804862539
  0.56163784277446416  0.56672014120100600  0.57191122379135229  0.57715898794292564
  0.58249278753021239  0.58793189330111029  0.59337564758964978  0.59883084253381724
  0.60430262942364343  0.60984392665776976  0.61543169003822307  0.62107722400380794
  0.62676397374517567  0.63256755630043149  0.63843657016903943  0.64444503172296064
  0.65064140848120000  0.65704284746409258  0.66363413110842651  0.67045260781953264
  0.67749103143292744  0.68461924765086879  0.69213828099510966  0.69997461883976653
  0.70819363534851354  0.71682108779896747  0.72584596333545992  0.73558525320896351
  0.74596586866262971  0.75747931914853017  0.77010275583745658  0.78474841827015585
  0.80190429032193788  0.82440479947616319  0.86269259047567526  1.00000000000000000
   1.2565385357815500E-002  -1.0000000000000000     
 T T T T T T T T T T T T T T T T F F F F F F F F F F F F F F F F
  <DiscreteSampler_grid>
  grouped_processes
  1 # 1 for a reference and 2 for a running grid.
  10 # Attribute 'min_bin_probing_points' of the grid.
  1 # Attribute 'grid_mode' of the grid. 1=='default',2=='initialization'
  0.0000000000000000 # Attribute 'small_contrib_threshold' of the grid.
  0.5000000000000000 # Attribute 'damping_power' of the grid.
 # binID   n_entries weight   weight_sqr   abs_weight
    10   10   2.524189096154218E+009   2.830567793670823E+019   2.524189096154218E+009
    16   10   2.524189096154218E+009   2.830567793670823E+019   2.524189096154218E+009
  </DiscreteSampler_grid>
