  0.00000099562327250  0.00000748965541917  0.00001347184739437  0.00001880410702700
  0.00002392627171289  0.00002907087729566  0.00003432692929513  0.00003969445393264
  0.00004516849935888  0.00005064463627482  0.00005624680508483  0.00006191772261577
  0.00006762233691064  0.00007340386872197  0.00007939489647747  0.00008547708270001
  0.00009179692295053  0.00009833884453774  0.00010499725085498  0.00011180363864922
  0.00011877683070769  0.00012590309658463  0.00013316641963359  0.00014052511752201
  0.00014797918087935  0.00015560153916919  0.00016326600653185  0.00017114657610536
  0.00017927741651376  0.00018747336123654  0.00019601081622333  0.00020476902791741
  0.00021385307297408  0.00022328072103163  0.00023308597321449  0.00024331895326215
  0.00025393345863464  0.00026493700668391  0.00027638701215915  0.00028821019075131
  0.00030062640308741  0.00031368202997811  0.00032753568320039  0.00034222300991176
  0.00035749437981402  0.00037341540180379  0.00038996291461163  0.00040726552512975
  0.00042553721237276  0.00044474559955277  0.00046534546068890  0.00048683901527575
  0.00050958174336091  0.00053293488179319  0.00055772040790529  0.00058397190212739
  0.00061238365104694  0.00064241529898652  0.00067438703658033  0.00070830451028428
  0.00074470352086498  0.00078362896345582  0.00082482225092317  0.00086853118135405
  0.00091498419406372  0.00096429263117163  0.00101733485157220  0.00107472504111627
  0.00113820482200637  0.00120776377899233  0.00128326393241361  0.00137030921234903
  0.00146711450973837  0.00157547650510843  0.00169271478666160  0.00181809557113738
  0.00195633250699437  0.00210255330003152  0.00226637444856773  0.00246073554961757
  0.00268820333402990  0.00295246408093309  0.00325725940356413  0.00360254995976688
  0.00397621737957412  0.00439265908732208  0.00488584595950403  0.00549414837968228
  0.00626398484134707  0.00715402284682787  0.00816769487129594  0.00948210737097445
  0.01123627350496580  0.01500711307667458  0.19450355181092588  1.00000000000000000
 -0.00238983721879707  0.00908635279773699  0.01862888853612371  0.02886545582759937
  0.03905201030168104  0.04944811133784427  0.05979674984312124  0.07026467833719273
  0.08090099750736596  0.09158088180615322  0.10236428690937545  0.11289559613885133
  0.12336373452123633  0.13368812789407886  0.14413127273363069  0.15466879327852728
  0.16522334722282681  0.17558097471865688  0.18575296707463149  0.19599509141528701
  0.20627998527404398  0.21685207508383203  0.22743324486096500  0.23802411422138012
  0.24858472686948579  0.25930519071609698  0.27000449987762104  0.28049496090014814
  0.29099262569001405  0.30146325017539066  0.31197262263856157  0.32258400230937090
  0.33327190014964941  0.34395636511845756  0.35466641760220990  0.36542264124515689
  0.37624812472408836  0.38700146182298834  0.39769239074233120  0.40834418653634252
  0.41904088483459290  0.42977886600489634  0.44042289384088701  0.45087339503062773
  0.46139208229818862  0.47202191110383873  0.48277747784292990  0.49347118670601292
  0.50409419105219000  0.51467544899578810  0.52524790647724962  0.53587616992687770
  0.54667944639431887  0.55749147915755204  0.56812155300844180  0.57857430047384173
  0.58911000438813521  0.59986986342362025  0.61055684893882312  0.62128845854384851
  0.63215880721997808  0.64311347657367324  0.65382755379727342  0.66441213614712480
  0.67505418073165679  0.68563559733942536  0.69614024622345483  0.70648672826226888
  0.71682479358359763  0.72709188667256897  0.73736894763996585  0.74766430249342264
  0.75786718995801650  0.76801154590730125  0.77815224081023404  0.78835368010152262
  0.79868293313921168  0.80904430423899965  0.81957001820429132  0.83024874054330855
  0.84103524240938332  0.85170669157104761  0.86226956047090308  0.87272237099454864
  0.88336396707778797  0.89402869754966763  0.90495266981654143  0.91592395005846383
  0.92677916238046809  0.93763794563951464  0.94820558153984968  0.95863313250282112
  0.96870196500795003  0.97896492165394589  0.98939485297135099  1.00000000000000000
 -0.00376712352424103  0.02352043850927820  0.04327743074185381  0.05984370348817252
  0.07468683731690272  0.08837870487599352  0.10137456974264614  0.11382822887459797
  0.12588475106387889  0.13761921766072882  0.14916405889697892  0.16041232061410413
  0.17126501015174184  0.18175865185160098  0.19205956857778805  0.20208755015637636
  0.21194877742350310  0.22171306087665596  0.23144816673050089  0.24105671210648638
  0.25061799974369720  0.26009990074802120  0.26947852282443496  0.27845745936759725
  0.28728961977203815  0.29605741901507365  0.30488421535402721  0.31356949688260360
  0.32205133705069566  0.33042193931016434  0.33869034951293592  0.34690549691255873
  0.35504403713899063  0.36302512772801460  0.37089855937174848  0.37887747087635487
  0.38704890495035427  0.39532910835907092  0.40364763682210025  0.41174679812284665
  0.41971273006447940  0.42761173352953002  0.43562170758869523  0.44354904471073214
  0.45146137145024340  0.45935353845583232  0.46726384658325804  0.47524909624553052
  0.48311630459901306  0.49085487122190230  0.49861251762551900  0.50648908372287538
  0.51440357919689528  0.52221009245439820  0.52989129562181703  0.53763081213478769
  0.54554798665542226  0.55347925749263660  0.56135533236432789  0.56917644202858142
  0.57703437085274534  0.58500393849199450  0.59320393193583998  0.60137807457918402
  0.60964773889690382  0.61789928226650992  0.62613875013382947  0.63431565562740777
  0.64253316862477905  0.65082098586848391  0.65927571211636560  0.66789213100422884
  0.67672922016720061  0.68563455896587144  0.69450209118404282  0.70346726091851519
  0.71265460316145202  0.72204448833878909  0.73153306912710270  0.74113837405655159
  0.75091953054355132  0.76090382783064159  0.77116243052414624  0.78178102461403964
  0.79281468888758455  0.80429181497232005  0.81613434780861227  0.82829084473639947
  0.84078537732259895  0.85384327840843066  0.86778804405136845  0.88313758034767942
  0.90071858176856656  0.92165693178597374  0.95013840179438314  1.00000000000000000
 -0.01882029737259823  0.10905763240461336  0.14440660068452207  0.16600238844416385
  0.18318989303506533  0.19787840775021903  0.21089215312174417  0.22289234233107214
  0.23402416566413781  0.24438607616586111  0.25419999574108915  0.26354148174260694
  0.27244348719580586  0.28088458567195790  0.28909171256273880  0.29710863265098097
  0.30502454694755970  0.31279865545701119  0.32031672192994426  0.32760087862779119
  0.33474394027779392  0.34167081033894731  0.34843776830868667  0.35508400989401151
  0.36152853477437769  0.36793290677374113  0.37429588589753127  0.38057762159250941
  0.38677016514456952  0.39290035579019639  0.39898712553748944  0.40502426659255591
  0.41104226308390013  0.41706221603134930  0.42294825963250166  0.42885188505692773
  0.43471161896467281  0.44049465962480605  0.44618003451180760  0.45185380371380568
  0.45752535778331171  0.46316113956855809  0.46876670207668319  0.47431901016020606
  0.47983220058258630  0.48535613756319362  0.49088686586928326  0.49642511625358055
  0.50195257812751837  0.50751365895888589  0.51311232346968405  0.51876514526867379
  0.52435166808041278  0.52988726680474008  0.53538804818949015  0.54086900771465218
  0.54640741071103871  0.55198495520325996  0.55756508206844924  0.56321377446126031
  0.56893979101616932  0.57467810352380855  0.58044497834652320  0.58628715789305463
  0.59224251438844877  0.59828623302024087  0.60433488667304203  0.61042576000829896
  0.61659158463144970  0.62285035709034142  0.62921558811010958  0.63565583698355665
  0.64213263266596654  0.64871711855294545  0.65545090981650700  0.66223598472624812
  0.66922526524160686  0.67647521213102835  0.68381102653854220  0.69140866660275879
  0.69926533548878111  0.70738949613253077  0.71585676213429494  0.72456331641163374
  0.73362314727272837  0.74314642687986132  0.75324157265800773  0.76395453214382991
  0.77526793107594827  0.78736895864673095  0.80067768223379343  0.81573045350108619
  0.83330638842489557  0.85531216612912386  0.89028462842131817  1.00000000000000000
   3.1977979893933381E-003  -1.0000000000000000     
 F T T F T T T T T T T T F T T F F F F F F F F F F F F F F F F F
  <DiscreteSampler_grid>
  grouped_processes
  1 # 1 for a reference and 2 for a running grid.
  10 # Attribute 'min_bin_probing_points' of the grid.
  1 # Attribute 'grid_mode' of the grid. 1=='default',2=='initialization'
  0.0000000000000000 # Attribute 'small_contrib_threshold' of the grid.
  0.5000000000000000 # Attribute 'damping_power' of the grid.
 # binID   n_entries weight   weight_sqr   abs_weight
    10   10   1.509244669865893E+009   1.623510905549985E+019   1.509244669865893E+009
    16   10   1.509858697891659E+009   1.623525280445344E+019   1.509858697891659E+009
  </DiscreteSampler_grid>
