  0.00000011857794658  0.00001190633699132  0.00002632449803146  0.00003990033537780
  0.00005353557086577  0.00006750911768533  0.00008200721463606  0.00009710680257786
  0.00011291386123688  0.00012929012439859  0.00014626174022262  0.00016394697500283
  0.00018262807032530  0.00020238598003205  0.00022322632272196  0.00024513389701967
  0.00026817638616231  0.00029244438862680  0.00031768484626821  0.00034454145331094
  0.00037247501778143  0.00040187298180661  0.00043236330219943  0.00046400544086830
  0.00049695918193205  0.00053170537789879  0.00056781287940345  0.00060585333807450
  0.00064601108709763  0.00068777606567692  0.00073108301464704  0.00077558633295340
  0.00082205821214061  0.00087052161746491  0.00092120946334470  0.00097423874782039
  0.00102940797766357  0.00108621403605710  0.00114489674973112  0.00120596044603959
  0.00126872873818251  0.00133625255207653  0.00140866784878016  0.00148445449610708
  0.00156292461015563  0.00164269155886774  0.00172609245601142  0.00181225511086209
  0.00190235982652340  0.00199463535605072  0.00209189803492829  0.00219595405230138
  0.00230331641089067  0.00241438997044893  0.00253154556113770  0.00265658620924185
  0.00278739238206954  0.00292050603253319  0.00305780831640316  0.00319922755422300
  0.00334897917549516  0.00350574671679168  0.00366513274535121  0.00382889032906574
  0.00399730137921398  0.00417331530509622  0.00436653208035685  0.00457729286332687
  0.00479632659237311  0.00501779153961820  0.00523683631424828  0.00545447742961718
  0.00568141800738630  0.00595643205760682  0.00630251199192819  0.00667408591387910
  0.00706284947669283  0.00746563953187427  0.00786380148775784  0.00826926465186347
  0.00870413681734536  0.00919135711052406  0.00973901592199278  0.01033721817884844
  0.01122754460701272  0.01219860205647957  0.01323972769644673  0.01436536970509607
  0.01558068276930355  0.01665547572611099  0.01783030794807755  0.02076944763242606
  0.02396226501135451  0.05158724914541635  0.24899383699622493  1.00000000000000000
 -0.00237260621488877  0.00929725163815748  0.01922291691236709  0.02943114097981951
  0.03972041729467619  0.05002048125416735  0.06043632275753252  0.07105434364705973
  0.08152056146718729  0.09226936143772944  0.10270415886209000  0.11340844366503174
  0.12412246416297856  0.13481619450776616  0.14574187687014076  0.15615406208611296
  0.16677058078292131  0.17729408286995241  0.18802721225419064  0.19857624789166628
  0.20900399103375017  0.21962837323858675  0.22998151635324851  0.24046449113984153
  0.25103300609810181  0.26181668126522939  0.27265674532458062  0.28346183567286914
  0.29407509315330616  0.30446219411123560  0.31489249003308223  0.32553794721866680
  0.33622109639043390  0.34673696485443256  0.35716857639195199  0.36753437638323211
  0.37784018956925119  0.38802982541308745  0.39832894610955116  0.40872125606500448
  0.41904259127917748  0.42945037697407634  0.43973373771014834  0.45021989096335546
  0.46090276813297215  0.47179884128275884  0.48262559223573404  0.49335819213256904
  0.50403266607126418  0.51480055031429628  0.52536992469577581  0.53586275468360356
  0.54645467029495931  0.55700867611229643  0.56771468259117874  0.57831020718515924
  0.58871295578055827  0.59897400570312997  0.60940739974398550  0.62006462614344937
  0.63059390932159265  0.64092643155122431  0.65130457682504539  0.66189578854823650
  0.67232888031588989  0.68275421889440413  0.69300647986740771  0.70354592571748209
  0.71390930640429440  0.72448590756774611  0.73477381616920523  0.74509961972967820
  0.75554898212633470  0.76611551340958872  0.77680909881933158  0.78751231591309567
  0.79797746024762750  0.80836731052094146  0.81870190939740295  0.82918203388551470
  0.83963724666999329  0.84997732822462124  0.86051698775122132  0.87114103598417469
  0.88174526874183889  0.89234724854695646  0.90299229773545453  0.91385595403319653
  0.92461399474290229  0.93544047999587354  0.94630747547700078  0.95735288324764567
  0.96804027103361190  0.97888605952538843  0.98946137481897500  1.00000000000000000
 -0.00467434390340169  0.02516913302392326  0.04588815892661808  0.06332904343288512
  0.07910703405517948  0.09379464024487875  0.10765053211721456  0.12070727776042740
  0.13320543581977787  0.14527828301085255  0.15698041855311712  0.16837036988197362
  0.17951126437211651  0.19037905523021123  0.20099254758808838  0.21140323826898852
  0.22161813290966048  0.23165318964777501  0.24150942449356225  0.25126764672509411
  0.26092523896998254  0.27040509150836251  0.27981696133268369  0.28920727025457182
  0.29856674811749334  0.30784642988767363  0.31692104258020221  0.32586119620487664
  0.33472524708353080  0.34353675647047005  0.35233467783490463  0.36110943654838340
  0.36982906366792390  0.37849389606209244  0.38705626478426036  0.39552947281598128
  0.40396648518897210  0.41241482921803208  0.42083394839376093  0.42925849543653305
  0.43762186450886831  0.44593624046864117  0.45422848642539948  0.46255971498847037
  0.47081129745553629  0.47907776946532477  0.48717265195168374  0.49537419290283286
  0.50352393019500818  0.51178738005211644  0.51985719417353948  0.52793728423405106
  0.53607326526225485  0.54435420724470363  0.55278474778455033  0.56110703438333831
  0.56934797223694567  0.57757278588256211  0.58588222076482954  0.59424627446832845
  0.60261973448513506  0.61100747778433107  0.61941391707389082  0.62782419341557694
  0.63624068448062621  0.64469967587124599  0.65318584839223581  0.66174895467826422
  0.67036753576602104  0.67904816075104513  0.68781100895996272  0.69663080013435397
  0.70542501110833300  0.71411887630692272  0.72284015271412672  0.73172143072361662
  0.74080658063402505  0.75009821478277894  0.75940587484682653  0.76865643473021950
  0.77793299079319256  0.78729886411763372  0.79697920514549248  0.80704156596139098
  0.81745569397252971  0.82812475927673590  0.83901964182171318  0.85027983699177712
  0.86197132384825048  0.87430721570506142  0.88746076529462714  0.90160126393581608
  0.91700547555375900  0.93516787783903133  0.96037641058400469  1.00000000000000000
 -0.02810295883973062  0.13699915839282850  0.17521487995161672  0.19802480944602693
  0.21544206780359956  0.22983838274372229  0.24220973589881098  0.25351222512395183
  0.26369442517916342  0.27331955286021864  0.28230561431187906  0.29100143927448402
  0.29924999024859777  0.30717592132362237  0.31479146173806655  0.32189819858167262
  0.32884733750396944  0.33561997828035356  0.34217359207959575  0.34853336479247005
  0.35469408606231612  0.36069472247826584  0.36663504577795875  0.37252226599959121
  0.37835339473309737  0.38414663868027354  0.38986342377780892  0.39547817765360865
  0.40096998199322265  0.40642794201178539  0.41185576014809117  0.41722755960499830
  0.42255668398840368  0.42780974445440739  0.43306280317948687  0.43825536520872710
  0.44335597837380208  0.44842760488308259  0.45347526494459206  0.45847888042268042
  0.46343556541577241  0.46836949274679884  0.47327366955669575  0.47815894325077951
  0.48303874138751240  0.48789843922561837  0.49275822847441431  0.49760381508504792
  0.50246188664905711  0.50729104997736074  0.51214667483745691  0.51698219498855524
  0.52185037637000453  0.52675014549891919  0.53166863962148503  0.53657881842680666
  0.54149249938440502  0.54642742475920780  0.55138549992655927  0.55635388043571254
  0.56135396824057049  0.56641889920211574  0.57153540111386381  0.57672969147644837
  0.58197151337058084  0.58728874126710173  0.59258734899789722  0.59787909450135812
  0.60326945899192619  0.60879655254033371  0.61443758082541300  0.62018299516233133
  0.62602531450569299  0.63197115688643613  0.63799203468840526  0.64413216758462954
  0.65042859772238260  0.65687940923348620  0.66342933701105522  0.67019926531564789
  0.67724159451437771  0.68437358001951842  0.69176843007482602  0.69951197529856679
  0.70753777399740359  0.71611696499660771  0.72495202145773452  0.73469953048361381
  0.74517570605293437  0.75671450380931571  0.76931952998137931  0.78401504969836122
  0.80163058639936968  0.82455809698091220  0.86311239256168060  1.00000000000000000
   1.2558590473350638E-002  -1.0000000000000000     
 T T T T T T T T T T T T T T T T F F F F F F F F F F F F F F F F
  <DiscreteSampler_grid>
  grouped_processes
  1 # 1 for a reference and 2 for a running grid.
  10 # Attribute 'min_bin_probing_points' of the grid.
  1 # Attribute 'grid_mode' of the grid. 1=='default',2=='initialization'
  0.0000000000000000 # Attribute 'small_contrib_threshold' of the grid.
  0.5000000000000000 # Attribute 'damping_power' of the grid.
 # binID   n_entries weight   weight_sqr   abs_weight
    10   10   1.529228973604501E+009   3.342563653691283E+018   1.529228973604501E+009
    16   10   1.529228973604501E+009   3.342563653691284E+018   1.529228973604501E+009
  </DiscreteSampler_grid>
