 -0.00009215445189024  0.00076710903763262  0.00168337665543219  0.00302888197513113
  0.00474228394736851  0.00683876961128810  0.00931214628633272  0.01208983113327885
  0.01521636737006713  0.01860345628395988  0.02233406175839449  0.02637799655381026
  0.03062320490361434  0.03510869697167989  0.03988778798829713  0.04490749104464033
  0.05023022805301390  0.05597563495495347  0.06196047418271593  0.06827798604036160
  0.07483713797170220  0.08161851694843868  0.08852145118762601  0.09578350049490822
  0.10329430738942838  0.11086438196992363  0.11850910229014704  0.12643497143580318
  0.13461090395274866  0.14314372520670493  0.15194976688780071  0.16088597956306122
  0.16995168626613658  0.17920328281852177  0.18869611570024214  0.19834099553333612
  0.20818827496456183  0.21824756675167403  0.22845066174310319  0.23871189262180367
  0.24894317967589280  0.25931571176365759  0.27021172562619367  0.28149996768984209
  0.29294944514502630  0.30496249835774453  0.31751079697379925  0.33000871052087710
  0.34286601678621098  0.35576575466276078  0.36870541876870977  0.38175542774915283
  0.39492942294009725  0.40806198841249125  0.42103358269410213  0.43448188350921263
  0.44809879340971220  0.46171422360069658  0.47588598947028105  0.48986467940847034
  0.50397984367732296  0.51837440626708697  0.53287227575411067  0.54723938269153782
  0.56188860962733156  0.57673309087916202  0.59154074495755404  0.60650152986050554
  0.62149048843318844  0.63634555463086129  0.65114116543545686  0.66641953757458683
  0.68166569904856833  0.69686450195144678  0.71184861479261952  0.72651191105286872
  0.74099591110490537  0.75529606721986819  0.76943789567241549  0.78360488450208732
  0.79785514661772061  0.81204826831180255  0.82601134643070562  0.83978042715403145
  0.85347822781659810  0.86716798709177056  0.88084146285132647  0.89436209606165229
  0.90773109444719802  0.92122601468842191  0.93487412737380615  0.94827021585697513
  0.96135774446535949  0.97429715776779724  0.98715604534347257  1.00000000000000000
 -0.00232374733390722  0.01000272090058492  0.02023488751083218  0.03102627261991425
  0.04152452903388090  0.05249640990612160  0.06337449851847844  0.07347673102497296
  0.08338710928281187  0.09307436625905115  0.10297096568323248  0.11285049380946480
  0.12272439741705110  0.13253340552594137  0.14233809834484465  0.15180510594549387
  0.16128653661424217  0.17095438520305756  0.18145381395802226  0.19240370373155236
  0.20339480982286418  0.21428630989752867  0.22565605017777848  0.23640756338060456
  0.24678165444799449  0.25706721940206556  0.26775024806014380  0.27865543910099178
  0.28976250962050581  0.30133111227193204  0.31299360950860605  0.32506033071874474
  0.33683959511532169  0.34798354058806080  0.35909199195220654  0.37009850750235163
  0.38034230994676044  0.39041730357457444  0.40112961384220330  0.41229727631519553
  0.42276046105243775  0.43255477538491255  0.44251989736074437  0.45266154599123248
  0.46234557249413738  0.47168909790581637  0.48175347963085635  0.49236298333309009
  0.50300915528087164  0.51341284810555810  0.52410153795720071  0.53530112260154361
  0.54636805094842356  0.55696612304714654  0.56772829527650859  0.57826749477498984
  0.58877134888885052  0.59933393968041804  0.61014200491231330  0.62143214963922278
  0.63311528419059926  0.64482331890889777  0.65543339522364696  0.66592542425789059
  0.67683466652702151  0.68784081536968189  0.69817412737909101  0.70808658144577485
  0.71798467210759442  0.72801211698143553  0.73835967171610672  0.74863583115592880
  0.75871346657695837  0.76857430846795061  0.77870275600969741  0.78895970546634198
  0.79928629797998074  0.80967924963199045  0.82022222147549784  0.83064222842567492
  0.84066934680015470  0.85096256688520211  0.86130148020258301  0.87184738096001901
  0.88233811737140666  0.89269517765459072  0.90304601002799323  0.91313519843231350
  0.92369302815842336  0.93450732683503723  0.94502366708762164  0.95535317882954562
  0.96617899550329156  0.97761808703674258  0.98863777546145382  1.00000000000000000
 -0.00289156371260139  0.01789810297422391  0.03420387304357692  0.04856977627070307
  0.06176742717141726  0.07423355528232138  0.08642341574005416  0.09837250285548814
  0.10963045848791911  0.12002719945259120  0.13001858996127602  0.13976350554155897
  0.14936032859797713  0.15867108929429533  0.16794139397297508  0.17767568706551481
  0.18744009195572184  0.19690144133152390  0.20606606558905188  0.21489058494962976
  0.22340037244417371  0.23179452061132391  0.23998216778468590  0.24816099218997228
  0.25627173355717325  0.26425097758499222  0.27233990703775085  0.28059463815884450
  0.28902204014265054  0.29749521002241086  0.30580971416338010  0.31389899653179199
  0.32181066185264934  0.32977932371262175  0.33821253852720429  0.34641220032802417
  0.35456479673350877  0.36263096477778173  0.37082200179690372  0.37938858337335962
  0.38845389377683215  0.39763918935771808  0.40654603405250900  0.41508770493226027
  0.42332298897705595  0.43142337442722989  0.43948173932756135  0.44771428166853955
  0.45620502536798302  0.46472290325355242  0.47328554323417521  0.48166686988242835
  0.48992749542279657  0.49804824979314960  0.50620511801216250  0.51432128446221803
  0.52269489224113030  0.53092414305483071  0.53910602475865865  0.54783626144927355
  0.55681357357228600  0.56596599091527655  0.57528637114029035  0.58465037855656687
  0.59411718432232019  0.60362372391352515  0.61292928145391135  0.62215428427201014
  0.63115636318341939  0.64010562027322337  0.64947448964690480  0.65903007668953217
  0.66858121517123759  0.67805977361644321  0.68765403321801799  0.69756411139448937
  0.70770139632569640  0.71797365494229670  0.72835211389794652  0.73873450142674157
  0.74930421682707649  0.76012615824738716  0.77124456085699589  0.78267942831054649
  0.79469972167919645  0.80726606339562890  0.82015076546868348  0.83328755609723371
  0.84676306606969787  0.86056102145828606  0.87503584107683618  0.89086094595455922
  0.90835483913265636  0.92846513157258437  0.95625863723061788  1.00000000000000000
 -0.01968987288162233  0.12217725917464227  0.16097706175731877  0.18429580102092416
  0.20231885150553053  0.21729817894406250  0.23075535816103196  0.24242858131474321
  0.25329057523544996  0.26323117791698630  0.27265731364070461  0.28158653414188700
  0.29025054437565539  0.29850148620405148  0.30621204485649178  0.31347882094499363
  0.32029787867213161  0.32712632516216267  0.33386241772298175  0.34018257309584904
  0.34633220712457585  0.35249306177301204  0.35862796960162985  0.36476466025978049
  0.37087594482973546  0.37691524471475424  0.38293991573234881  0.38877946171662131
  0.39447276693181016  0.40002553435108412  0.40551676226996641  0.41102117527391746
  0.41649805612271162  0.42192491751828948  0.42734655918913239  0.43276284299794887
  0.43820665880994497  0.44350415305164398  0.44868637613468665  0.45373587164910906
  0.45870140474518084  0.46367944573127656  0.46868873701147251  0.47386024980552832
  0.47908503325490454  0.48423088752325216  0.48927881847418181  0.49426846646322697
  0.49922903094909526  0.50418924840804524  0.50920974151107123  0.51426913139314478
  0.51942536762456770  0.52472988309515334  0.53002713153850645  0.53529290154013953
  0.54054038997489462  0.54590044021713546  0.55135864859939410  0.55679653107345917
  0.56215067602587399  0.56744003237028962  0.57272443854776389  0.57811572464535865
  0.58368247234618142  0.58932014712386172  0.59484037408900392  0.60024668755122401
  0.60583419111776771  0.61162453089180324  0.61759554238048886  0.62354281420490254
  0.62944121672401698  0.63534189329398039  0.64131784063102737  0.64758639374861349
  0.65420517714124016  0.66096503803514517  0.66776100324624943  0.67462081832427734
  0.68162011537566303  0.68901677335217870  0.69711379031466125  0.70547867928652408
  0.71405468962491803  0.72305245575405919  0.73262005161402277  0.74360691162138115
  0.75524784152471758  0.76797258763700760  0.78200179415052584  0.79752532962361111
  0.81598476961390110  0.83975366547541763  0.87927577970049964  1.00000000000000000
   2.1178051953714386E-003  -1.0000000000000000     
 T T T T T T T T T T T T T T T T F F F F F F F F F F F F F F F F
  <DiscreteSampler_grid>
  grouped_processes
  1 # 1 for a reference and 2 for a running grid.
  10 # Attribute 'min_bin_probing_points' of the grid.
  1 # Attribute 'grid_mode' of the grid. 1=='default',2=='initialization'
  0.0000000000000000 # Attribute 'small_contrib_threshold' of the grid.
  0.5000000000000000 # Attribute 'damping_power' of the grid.
 # binID   n_entries weight   weight_sqr   abs_weight
    10   10   3.295966046485724E+008   2.515338781444427E+017   3.295966046485724E+008
  </DiscreteSampler_grid>
