  0.00000196135918538  0.00001143933000554  0.00002461097929688  0.00003717191176291
  0.00004960686266385  0.00006237396281030  0.00007565344009661  0.00008924680258201
  0.00010309188222049  0.00011710076700160  0.00013147800748746  0.00014600238441255
  0.00016092595433668  0.00017653221265361  0.00019306292269741  0.00021060211983895
  0.00022892149739981  0.00024843771615216  0.00026867854650795  0.00028986790607184
  0.00031204242597887  0.00033552807893063  0.00035960684668375  0.00038457340176351
  0.00041059152409984  0.00043751615251438  0.00046588445622217  0.00049535670187462
  0.00052597372274994  0.00055793572346535  0.00059151164934997  0.00062719281379940
  0.00066366938503634  0.00070182665878975  0.00074220817170801  0.00078409384867020
  0.00082713008304890  0.00087178221738617  0.00091858210693144  0.00096715862738179
  0.00101696762830543  0.00106804304012218  0.00112111506009122  0.00117644616926755
  0.00123517216964972  0.00129695910429164  0.00136361612841604  0.00143378407833849
  0.00150635543418575  0.00158186785099037  0.00165868252699265  0.00173384405580020
  0.00181406408748922  0.00189566584601323  0.00198607332778814  0.00208742718093246
  0.00219440750868290  0.00230473284438870  0.00241932144499163  0.00253808939899818
  0.00265899086954611  0.00278334157275197  0.00291595302201088  0.00305282805523436
  0.00320111106620644  0.00336085956561399  0.00353419040806731  0.00372009105042834
  0.00390497231164625  0.00408537551470264  0.00427612612728260  0.00446979372937052
  0.00467776030844259  0.00488858975549301  0.00510385887679319  0.00534307293580407
  0.00563172006330593  0.00595885692378490  0.00628659559617810  0.00657744210233924
  0.00691466569078112  0.00727648867716288  0.00767449304817453  0.00803140484510973
  0.00843848877738012  0.00887920565529075  0.00930551082542378  0.00974294562616214
  0.01028072078583774  0.01095754639314988  0.01191577330923414  0.01301168393993249
  0.01452238336263029  0.01960381420403169  0.02234872941577143  1.00000000000000000
 -0.00235989178561484  0.00962184271977582  0.01977110684625132  0.03003000000905666
  0.04033480442043561  0.05050075922711458  0.06093622859265949  0.07151541777340552
  0.08217026425763195  0.09293634106029229  0.10352085170087892  0.11471317664138833
  0.12592281759414189  0.13714988104190462  0.14839991930022972  0.15963689467090711
  0.17043199308736690  0.18100296149953449  0.19139441493080808  0.20190179917188975
  0.21221326868820375  0.22255514579703131  0.23281215439097033  0.24304175797866362
  0.25304032387044251  0.26306147219436526  0.27323176793592402  0.28347928923823595
  0.29395105478354461  0.30447750635891691  0.31501648643848801  0.32543757268452500
  0.33590866745191050  0.34675293657616602  0.35780370264740130  0.36895501933282715
  0.38022015927607899  0.39096141341667789  0.40169795884113668  0.41247990808679752
  0.42345136726346316  0.43414942121418593  0.44457085816857878  0.45501564528671162
  0.46534865068241144  0.47577643773650319  0.48613997017247718  0.49644287416232530
  0.50687623042976149  0.51729842638387113  0.52769074153704820  0.53799526101999551
  0.54835643868558581  0.55863575908923424  0.56898139697550110  0.57927935329328339
  0.58970280693009625  0.59994328201468305  0.61015533286482948  0.62055555472884250
  0.63114732838669929  0.64190446634796050  0.65260799160837135  0.66344916751760752
  0.67437326635527339  0.68521467426957217  0.69584669256084786  0.70635163365642917
  0.71705614993889333  0.72790552735018443  0.73876450711295094  0.74948876872222836
  0.76002079898246955  0.77049644299116316  0.78094778299686085  0.79127621638151369
  0.80144559024995798  0.81147892396064392  0.82171901995755392  0.83216633768877124
  0.84258136401528139  0.85289209499389340  0.86312247710377277  0.87346803345503177
  0.88381014483910758  0.89420934777553807  0.90460376542643928  0.91530146297370485
  0.92587683472170867  0.93651470824303684  0.94709406704758115  0.95768979918109243
  0.96822524871774451  0.97867275696644396  0.98939959788459908  1.00000000000000000
 -0.00350596970323455  0.02260002359595318  0.04228797116077335  0.05896616850472331
  0.07417301489105964  0.08843960978181697  0.10188775167145381  0.11461076961308778
  0.12677416059667707  0.13848773827369362  0.14998645795980436  0.16134773112846598
  0.17253698584157509  0.18346659509269891  0.19430551503048385  0.20502969304691024
  0.21560723753530886  0.22599156374363816  0.23617549010510341  0.24626546446508463
  0.25624183489959584  0.26606139577966337  0.27561955673866240  0.28507711785154927
  0.29450407120547328  0.30393455107201295  0.31327216163962451  0.32230552320233036
  0.33124985088065767  0.34021210591781759  0.34912819367763775  0.35804477667156109
  0.36688659297293608  0.37577753156595711  0.38471465168106644  0.39364176308475418
  0.40258017900697007  0.41152578528385603  0.42047411264698203  0.42937924037801023
  0.43816586031518356  0.44685793534810359  0.45547888841721956  0.46411947626922390
  0.47280584984580404  0.48151637164204891  0.48988855655712743  0.49827532030329719
  0.50650157320877121  0.51478086945235313  0.52304292109175132  0.53134132523834221
  0.53963470472867303  0.54806669169016842  0.55636711481263479  0.56483436521681096
  0.57340756653564440  0.58193404978234964  0.59034469683630475  0.59871197982174140
  0.60709351473879780  0.61547268794356058  0.62378475341729611  0.63203791448292823
  0.64024845507729988  0.64849485947082364  0.65683562513143257  0.66524653056804406
  0.67391124500431443  0.68265677367580879  0.69140063718239320  0.70006685711506567
  0.70877853764630705  0.71754085620402674  0.72623674041225605  0.73510301548107360
  0.74425348180904471  0.75373601930710321  0.76349096912637138  0.77350204870798567
  0.78354178098135985  0.79345025707391859  0.80327309965894167  0.81308926006258841
  0.82338566609422859  0.83407635312673456  0.84504832107168348  0.85647863419671533
  0.86849679470974228  0.88132459627090387  0.89487480099491556  0.90913777020222397
  0.92448641662272180  0.94139927344062635  0.96358540820288352  1.00000000000000000
 -0.01894746415543711  0.12123420066416019  0.16025154388630891  0.18335879728420021
  0.20152280398599640  0.21682516572547228  0.23026157784646037  0.24220017639373695
  0.25320626871323854  0.26306236048462783  0.27259810953502961  0.28131617185324265
  0.28983155836697155  0.29780633791542221  0.30544302525126160  0.31290706704525340
  0.31992829265379363  0.32688091328207192  0.33377063910027727  0.34054517684949781
  0.34718201718141378  0.35370523388374775  0.36008360154595898  0.36636735643411278
  0.37255650343113800  0.37861794860754622  0.38459443728871318  0.39049185468914865
  0.39624569680895488  0.40181427691797827  0.40729933632485782  0.41283608215208756
  0.41833664865677267  0.42373888196541909  0.42908616363543844  0.43447404178586413
  0.43985695251448492  0.44520985184079465  0.45053084720698733  0.45580717812146149
  0.46108456461400199  0.46630652423301594  0.47148012255694105  0.47661745729674920
  0.48172818841821896  0.48686937449648648  0.49203457153772778  0.49717766616995979
  0.50231775888668162  0.50741658952640833  0.51251502587010400  0.51762133061691562
  0.52276984804955551  0.52792635265529675  0.53305966412512129  0.53820279014739714
  0.54340316411985445  0.54867946711336002  0.55401010059707978  0.55931723575396108
  0.56462195339074917  0.56996333214075634  0.57533840291539884  0.58073234098804027
  0.58612008559566109  0.59154196796959757  0.59701289321908579  0.60261355550192353
  0.60842494226907196  0.61430660556316563  0.62015268939688972  0.62606990928393391
  0.63214294207586719  0.63836014827277110  0.64466204010947625  0.65112731578984451
  0.65772190810261721  0.66440426295849420  0.67132209445836299  0.67846384128201342
  0.68575594590789934  0.69335653310192458  0.70103258548649328  0.70900132795595328
  0.71758116909465564  0.72653825842646758  0.73623546006869722  0.74621660898746844
  0.75717043532332018  0.76919885176164815  0.78270870187036756  0.79803366099126605
  0.81641604801171963  0.84020043757650642  0.87869205691955976  1.00000000000000000
   2.5198117532227039E-002  -1.0000000000000000     
 T T T T T T T T T T T T T T T T F F F F F F F F F F F F F F F F
  <DiscreteSampler_grid>
  grouped_processes
  1 # 1 for a reference and 2 for a running grid.
  10 # Attribute 'min_bin_probing_points' of the grid.
  1 # Attribute 'grid_mode' of the grid. 1=='default',2=='initialization'
  0.0000000000000000 # Attribute 'small_contrib_threshold' of the grid.
  0.5000000000000000 # Attribute 'damping_power' of the grid.
 # binID   n_entries weight   weight_sqr   abs_weight
    10   10   1.826953596568038E+009   5.501057946256205E+018   1.826953596568038E+009
    16   10   1.826953596568038E+009   5.501057946256205E+018   1.826953596568038E+009
  </DiscreteSampler_grid>
