 -0.00000024988533966  0.00001237950744558  0.00002596778440030  0.00003936188597864
  0.00005239818647725  0.00006555148131475  0.00007894259737614  0.00009265869888152
  0.00010677163607059  0.00012130431107542  0.00013616716090739  0.00015139536607941
  0.00016716205273571  0.00018393499220656  0.00020155157980075  0.00021987352326542
  0.00023900073119323  0.00025919504679808  0.00028035577280796  0.00030254391474324
  0.00032603793682072  0.00035062964945639  0.00037582761425890  0.00040257549897429
  0.00043057140286242  0.00045931217757642  0.00049059164444462  0.00052395768399775
  0.00055811010257962  0.00059458738614975  0.00063324213577601  0.00067319623162327
  0.00071451723337583  0.00075698778333380  0.00080035273130496  0.00084493536353732
  0.00089074936488523  0.00093796985237214  0.00098822553002893  0.00104234127454988
  0.00109958604630683  0.00116026388033694  0.00122147511400251  0.00128462152981164
  0.00135152195141930  0.00141966945500308  0.00149256204781386  0.00156946132615425
  0.00165039444160547  0.00173441333270939  0.00182051756068516  0.00190898200284334
  0.00200245058874755  0.00210568589773273  0.00221993136995621  0.00233409183359244
  0.00245124266600577  0.00257121212582672  0.00269492769127928  0.00282444973387806
  0.00296069114277019  0.00309466892497607  0.00323595742524110  0.00338516126127153
  0.00354162226196009  0.00370284223429742  0.00386069943563374  0.00402412776323673
  0.00422859309791762  0.00443278979529200  0.00464200401461880  0.00486572610770679
  0.00511117190358735  0.00537724778813114  0.00566259043079505  0.00594905018305998
  0.00623966092180783  0.00659093695317028  0.00692068510443892  0.00738163922963139
  0.00771587084036142  0.00801467864299473  0.00827836896194640  0.00860487643569747
  0.00897527592207076  0.00937905903122720  0.00976326683435382  0.01019907779902846
  0.01091153352258830  0.01175078974809108  0.01277649847975859  0.01388430273132927
  0.01556904787808239  0.01882237693457383  0.24159740082112607  1.00000000000000000
 -0.00238813138638969  0.00909074070584935  0.01890788679961527  0.02916993345348629
  0.03967121941646103  0.05018534446133213  0.06068618317687567  0.07115408630431098
  0.08188780329063167  0.09287540026238550  0.10408794928490991  0.11448055049080942
  0.12499720161414017  0.13523498850489807  0.14579334070564109  0.15617760331417171
  0.16651582884088445  0.17675162825919638  0.18703429214059897  0.19745852650173032
  0.20799513405988501  0.21836069504457251  0.22887406409887051  0.23936896303571806
  0.24995102736198907  0.26054039211192298  0.27109900884484539  0.28169696180721471
  0.29229407069615310  0.30309782560097254  0.31383285701246355  0.32429641354536975
  0.33466188200308344  0.34489301443974169  0.35512803783979302  0.36547845778594606
  0.37580038801297327  0.38641148107791984  0.39716130895983121  0.40804738529211909
  0.41889999015627361  0.42974059881192572  0.44034421211992691  0.45092671553943819
  0.46156615578136623  0.47248228442675860  0.48329480546327214  0.49400504579300331
  0.50463350950772179  0.51514887228071904  0.52563510849239281  0.53600869631083403
  0.54639489270095254  0.55672365266802037  0.56731352682168978  0.57788743068321768
  0.58869034658048336  0.59956439003342499  0.61079730827951151  0.62189597347443415
  0.63275479948155866  0.64328248621859963  0.65350748829499539  0.66382558510329215
  0.67394418233855735  0.68395534647065637  0.69409280100646054  0.70420976874562446
  0.71471608977613510  0.72521237520130399  0.73577731154792292  0.74639974490796002
  0.75679235740526851  0.76713247285475117  0.77748440724576084  0.78776660270887888
  0.79809282766476697  0.80817528697081220  0.81849797277461334  0.82894007599728703
  0.83923011042729290  0.84951698224052519  0.86002868745936378  0.87090696930223677
  0.88163566060374754  0.89237555157347326  0.90321621087587289  0.91411966652854670
  0.92462282132576490  0.93497308614778185  0.94540035952624213  0.95590259943106970
  0.96646178865588550  0.97705105520243840  0.98840528460834742  1.00000000000000000
 -0.00377654385725881  0.02300230808741724  0.04227920400325050  0.05859305489811371
  0.07347055701481722  0.08766215438210535  0.10135018953651993  0.11446945339941564
  0.12712674356028966  0.13934378154028887  0.15111196254447981  0.16269588649334313
  0.17396671501458555  0.18487130347163327  0.19537768236878689  0.20573091026217247
  0.21605986265237767  0.22639819172205519  0.23643946865209609  0.24636942299851691
  0.25603123023897861  0.26557508855547624  0.27501700615378477  0.28446066985335716
  0.29386677432085967  0.30326955224321012  0.31266554486595127  0.32206090747508759
  0.33132978705531513  0.34041644425249595  0.34944809650822645  0.35846734335102404
  0.36747346427107602  0.37642505141276178  0.38529862824961225  0.39413924920534421
  0.40289210791333313  0.41152603295203632  0.42010315089854128  0.42865097773601568
  0.43721116633878382  0.44578417899302614  0.45435237043840532  0.46292732273131737
  0.47156611606053245  0.48011311392019018  0.48835177127156654  0.49665591819455279
  0.50508915757854533  0.51354143527950025  0.52198648473136433  0.53026859112087954
  0.53853321666107545  0.54703526820900461  0.55562328576484765  0.56417413456134691
  0.57264243370231638  0.58117107432226855  0.58975749580866088  0.59835741800392639
  0.60690439226077231  0.61553542809978412  0.62421917209773259  0.63295396893751887
  0.64169245868966374  0.65053937277263718  0.65938893955418498  0.66812821362064823
  0.67686419216479021  0.68550217801521196  0.69429566123546882  0.70316910684997624
  0.71214399099245196  0.72110408577390839  0.73001197027573439  0.73890689822248468
  0.74779528749803637  0.75693275992999298  0.76629658722645866  0.77584397370658453
  0.78555098933874579  0.79529979254316852  0.80544721823977872  0.81562025386974424
  0.82590420839037859  0.83637485994673821  0.84736615768983736  0.85868938130820505
  0.87060087725029411  0.88290645751919072  0.89586689507549533  0.90940045759177424
  0.92440539063606753  0.94147486160516869  0.96410659139937605  1.00000000000000000
 -0.02017298531086655  0.12066703163526807  0.16018791776103097  0.18376388650857609
  0.20205558191887824  0.21741405540352285  0.23099975771444178  0.24319448013125244
  0.25428500701102513  0.26436193529631852  0.27383142468981808  0.28256125934028598
  0.29110689768463771  0.29912210577453435  0.30671198844215147  0.31408259607469224
  0.32116630187040018  0.32823447325362298  0.33516526295499038  0.34187716883662350
  0.34841172011622035  0.35475731941462346  0.36091425859823362  0.36703387248473529
  0.37315472968184410  0.37903384616618019  0.38476882346607116  0.39046575220570295
  0.39611112143263733  0.40166166771514356  0.40714971949906742  0.41259556216999338
  0.41800140757313425  0.42343195745438600  0.42879991207182655  0.43419675701068261
  0.43949393773640505  0.44475054045799600  0.45000728382193578  0.45524074930918368
  0.46042983693549805  0.46557832884457717  0.47071823989543021  0.47585215685140758
  0.48095904331044237  0.48604227799141864  0.49113585569820850  0.49628413268302574
  0.50148292957615570  0.50681404767236360  0.51209931244108586  0.51736620886474927
  0.52263079103062049  0.52786315797598149  0.53307835566093320  0.53832673966681199
  0.54363056006707955  0.54895771816187766  0.55426469435883841  0.55955209172835541
  0.56486499516107647  0.57023715336758740  0.57562839471570704  0.58108050327445049
  0.58657880494371240  0.59210326585145012  0.59768214016984555  0.60336089302983242
  0.60916850957298208  0.61505387441214709  0.62095116810589335  0.62693028625299796
  0.63308427147862056  0.63931131619528214  0.64561720554921387  0.65213615856192764
  0.65876794284070028  0.66552305976083359  0.67247468536929766  0.67969419771846462
  0.68698482419987561  0.69442235742786984  0.70196577790563264  0.70982616053355274
  0.71842638212999521  0.72719866680816692  0.73685907871472411  0.74671882433544534
  0.75763133029056229  0.76933938844875993  0.78250699525660306  0.79756932519693979
  0.81561725288951903  0.83891348145711975  0.87799775009453151  1.00000000000000000
   2.5348741449361129E-002  -1.0000000000000000     
 T T T T T T T T T T T T T T T T F F F F F F F F F F F F F F F F
  <DiscreteSampler_grid>
  grouped_processes
  1 # 1 for a reference and 2 for a running grid.
  10 # Attribute 'min_bin_probing_points' of the grid.
  1 # Attribute 'grid_mode' of the grid. 1=='default',2=='initialization'
  0.0000000000000000 # Attribute 'small_contrib_threshold' of the grid.
  0.5000000000000000 # Attribute 'damping_power' of the grid.
 # binID   n_entries weight   weight_sqr   abs_weight
    10   10   4.109042619024992E+009   3.483531871353656E+019   4.109042619024992E+009
    16   10   4.109042619024992E+009   3.483531871353654E+019   4.109042619024992E+009
  </DiscreteSampler_grid>
