  0.00000229750337066  0.00000804028422605  0.00001342850561450  0.00001834752714586
  0.00002284805129551  0.00002707577865118  0.00003131923548592  0.00003580466056048
  0.00004033335524265  0.00004487161729986  0.00004948904317961  0.00005414378491695
  0.00005883132896607  0.00006360690548572  0.00006859925731780  0.00007368939367489
  0.00007885925953058  0.00008410532170276  0.00008949009481734  0.00009502656549021
  0.00010062689129446  0.00010629586090164  0.00011205491312465  0.00011802063901785
  0.00012410491975105  0.00013031241303228  0.00013666325251187  0.00014319442916704
  0.00014990395033452  0.00015671809750386  0.00016360653134288  0.00017054544634412
  0.00017762262881185  0.00018500612931169  0.00019241570342466  0.00020036971291080
  0.00020844341974439  0.00021678604148023  0.00022543803913449  0.00023437467303448
  0.00024372735485490  0.00025349362133745  0.00026361593197093  0.00027410839273672
  0.00028480594891629  0.00029583363210689  0.00030727787398266  0.00031914809345202
  0.00033144813937134  0.00034441458269743  0.00035765606124438  0.00037222426026429
  0.00038689024232207  0.00040240698655786  0.00041856855320489  0.00043525502048555
  0.00045303810204387  0.00047162901568622  0.00049160758382816  0.00051301963266072
  0.00053544406285951  0.00055875361016830  0.00058319440583141  0.00060914160677607
  0.00063713534600756  0.00066703457204421  0.00069921629593636  0.00073326035657239
  0.00077015297176719  0.00080988851899057  0.00085315399750022  0.00090056184413834
  0.00095108542682737  0.00100768568123320  0.00106769675624108  0.00113375643583200
  0.00120570136239450  0.00128503908322204  0.00137443407196291  0.00147213477393995
  0.00158215621020008  0.00170335142467528  0.00183907991693200  0.00200296168697036
  0.00220164102272207  0.00243124570757546  0.00269770301063658  0.00301533977760146
  0.00341271386816831  0.00388819464005587  0.00451196645822344  0.00535061766848651
  0.00660534656749037  0.00849504288161131  0.23955666212807200  1.00000000000000000
 -0.00247135406267297  0.00943033429160348  0.01961253304348206  0.03036902368391040
  0.04112728205695233  0.05140823061842818  0.06179458144073877  0.07222574549194115
  0.08252552793654411  0.09279373181225113  0.10289850213822635  0.11345545687799104
  0.12402101702350889  0.13461209542974525  0.14519259798196746  0.15557892819491584
  0.16618517762970106  0.17652254692096594  0.18700099793268732  0.19759737801472610
  0.20826886740384717  0.21847676404343355  0.22865069131370103  0.23906659887179130
  0.24961716068263809  0.25990895375727174  0.27010828281009758  0.28076344390887853
  0.29138931792973766  0.30203628855779663  0.31271210030327912  0.32382110163112787
  0.33479923301606618  0.34507143436869475  0.35557479659859054  0.36598243468701797
  0.37631893083450102  0.38661057605431709  0.39721196578421442  0.40834359743538445
  0.41921380738824854  0.42983010605399463  0.44026867140164244  0.45080649042912302
  0.46152835808852605  0.47235709312558216  0.48297908703780013  0.49349708011517307
  0.50398535877421824  0.51443156989419281  0.52480375399582113  0.53508207578760281
  0.54530213219381163  0.55566870790614209  0.56619394184127247  0.57685902269000522
  0.58741823524184766  0.59796292495960912  0.60841897423975466  0.61893078237471566
  0.62943644332776616  0.64002846163989280  0.65054354529302671  0.66092462751347825
  0.67132076936989293  0.68171222589673119  0.69200333139922432  0.70234607877217392
  0.71274452818817280  0.72331534968142874  0.73379907178472170  0.74435786534770387
  0.75498020315647030  0.76579118019533643  0.77640613993788798  0.78697094240572973
  0.79745821004871409  0.80806982962811480  0.81853129230758115  0.82887337231896507
  0.83913551946635290  0.84962316446706032  0.86020466225379566  0.87090326837375331
  0.88155223433070973  0.89214875989725617  0.90293116820509756  0.91361227704554171
  0.92446907530535116  0.93524471460008285  0.94601174868249227  0.95674541185373307
  0.96756514322057818  0.97836895035207916  0.98912257345301524  1.00000000000000000
 -0.00361749716029586  0.02413770892356466  0.04465017842325934  0.06199456894715562
  0.07757955403204722  0.09183171408246447  0.10509300203302495  0.11768675332512732
  0.12982119140562290  0.14161540111158452  0.15296464394491957  0.16406131575916671
  0.17485158165067308  0.18558203473368690  0.19621735587993902  0.20659712981458556
  0.21665636711732547  0.22629340053406413  0.23572913945704563  0.24498893457714638
  0.25413777242978530  0.26313391732944863  0.27197495108265907  0.28081718559573299
  0.28964946780608014  0.29855637713321653  0.30746489774467106  0.31615227017135139
  0.32466720493523094  0.33321659102795992  0.34190310512437844  0.35063426179606560
  0.35934995387124480  0.36801833792710259  0.37660107766637424  0.38505775935796510
  0.39339778711878665  0.40158527062206772  0.40959196375337564  0.41755300454331279
  0.42533420817505596  0.43308348863201196  0.44081639646865617  0.44854326275649037
  0.45618270952566242  0.46390102590001592  0.47159515826854420  0.47917280729723277
  0.48680758482735365  0.49435627755543660  0.50203516731586562  0.50985577707133878
  0.51781816924652824  0.52578183861626204  0.53368655921485653  0.54157577062972073
  0.54941706519697653  0.55724809755563065  0.56500850694340565  0.57266361915464470
  0.58030693566669700  0.58796638077683827  0.59568060701793935  0.60355433777273493
  0.61165830010357602  0.61989867606195026  0.62820277595043716  0.63651212437925653
  0.64488661485664800  0.65347168441089121  0.66216565255669368  0.67097857776016956
  0.67968087157445256  0.68843210627205420  0.69752089925943228  0.70652527256187225
  0.71578374812147427  0.72515506541413577  0.73485082425471571  0.74465894695456791
  0.75450962988890835  0.76451207332974713  0.77467128969721699  0.78511620323764608
  0.79582660327195887  0.80685349514900651  0.81818827137221928  0.82975769368043328
  0.84181214364037660  0.85437831169822209  0.86882223351396237  0.88461011122252631
  0.90235612322969316  0.92323977346504993  0.95096538432107658  1.00000000000000000
 -0.01909440886754673  0.10885898820303030  0.14442733404513330  0.16614692392910752
  0.18338095075474495  0.19821497066427934  0.21139717972079786  0.22336142767680267
  0.23435134561397714  0.24459512635705677  0.25441189688960608  0.26395985437274305
  0.27334491261897259  0.28227311102511388  0.29074059318139556  0.29873516565048996
  0.30652238146613253  0.31410178284759671  0.32147936526193760  0.32870756146456070
  0.33576689248185465  0.34253112606050806  0.34922470452316012  0.35577771819755710
  0.36217344001427121  0.36847778952235200  0.37467744099235578  0.38078872280433629
  0.38687565050570544  0.39295731169950926  0.39897345894186426  0.40488787618185307
  0.41079543403906005  0.41666415447510768  0.42253807518967418  0.42833551401395792
  0.43408194244953668  0.43969691162507085  0.44512260430600592  0.45057702590625220
  0.45599353576207013  0.46152429282477603  0.46709620762557746  0.47267388246628406
  0.47821923221499352  0.48369356214736803  0.48912242442465131  0.49455024546106402
  0.50006465616259144  0.50580828241112163  0.51158292639957681  0.51730662343977574
  0.52301459224482238  0.52877002625742731  0.53451570330213471  0.54025496442688303
  0.54603165859060898  0.55188029257416449  0.55779473222268727  0.56372701061594876
  0.56962936322794733  0.57553415082470161  0.58150782397189948  0.58749218094889566
  0.59357041590105808  0.59965306454353540  0.60577841103360297  0.61193934913184023
  0.61816314832536401  0.62444311348961323  0.63077526099476289  0.63718130111639715
  0.64365558504571829  0.65021331978040420  0.65688607293549717  0.66362691557607756
  0.67053292389988783  0.67763100274457977  0.68490154869082465  0.69246155076775118
  0.70028443532023876  0.70829584362456322  0.71666860984670178  0.72525040224286430
  0.73413625386371184  0.74349604020742766  0.75337153056796136  0.76379200003023340
  0.77475945636472687  0.78671024123715316  0.80017394864710822  0.81552899363840814
  0.83317849321720350  0.85520079400840110  0.89089331776061864  1.00000000000000000
   2.4746442433502334E-003  -1.0000000000000000     
 F T T F T T T T T T T T F T T F F F F F F F F F F F F F F F F F
  <DiscreteSampler_grid>
  grouped_processes
  1 # 1 for a reference and 2 for a running grid.
  10 # Attribute 'min_bin_probing_points' of the grid.
  1 # Attribute 'grid_mode' of the grid. 1=='default',2=='initialization'
  0.0000000000000000 # Attribute 'small_contrib_threshold' of the grid.
  0.5000000000000000 # Attribute 'damping_power' of the grid.
 # binID   n_entries weight   weight_sqr   abs_weight
    10   10   9.269721740250611E+007   1.186850429256035E+016   9.269721740250611E+007
    16   10   9.277093989138258E+007   1.189179215647408E+016   9.277093989138258E+007
  </DiscreteSampler_grid>
