  0.00000379926829597  0.00001240169365243  0.00002476953770358  0.00003742055239281
  0.00004992043395942  0.00006224339867472  0.00007481688927929  0.00008785512946987
  0.00010119745908020  0.00011481526510236  0.00012873298954394  0.00014288143684328
  0.00015727115824955  0.00017221375883868  0.00018822751156189  0.00020490047925949
  0.00022236230306773  0.00024079551435055  0.00026011633215321  0.00028030541660427
  0.00030126250841555  0.00032286755149325  0.00034547330267433  0.00036883070601666
  0.00039331141398517  0.00041923813328623  0.00044615039340739  0.00047468877983172
  0.00050445571376562  0.00053612831183720  0.00056903330027412  0.00060344783474681
  0.00063898737607946  0.00067519195066451  0.00071280114860855  0.00075279636709276
  0.00079331638968555  0.00083598738616908  0.00088099192117251  0.00093071237067394
  0.00098031433884752  0.00103004515821619  0.00108147809559640  0.00113466501943565
  0.00118900856242911  0.00124678339475423  0.00130629539795485  0.00136993919717015
  0.00143639353434215  0.00150542284022388  0.00157752082421765  0.00165169836050933
  0.00173180670093373  0.00181833786823974  0.00190687656389268  0.00199834059389734
  0.00209326685844234  0.00219286529551675  0.00229482947624102  0.00240181966648577
  0.00251397497964852  0.00263134467291209  0.00274977204310762  0.00287218538667101
  0.00300830278536728  0.00315999435661424  0.00331401292332082  0.00345964866340725
  0.00360811926843833  0.00376798698863032  0.00394132116667658  0.00411508990678649
  0.00429537409224138  0.00447880533093734  0.00467930860315988  0.00489837059772009
  0.00512096058636375  0.00533880477033429  0.00556116521584394  0.00580795433596299
  0.00612462562029284  0.00650948166249540  0.00691409822472002  0.00735338121784938
  0.00774766913040612  0.00814700756311426  0.00859479090370394  0.00901615315387466
  0.00992954590451980  0.01124347631390412  0.01242064181649376  0.01363854435976146
  0.01534109835086520  0.01793176948421667  0.06430849750664611  1.00000000000000000
 -0.00227406392339176  0.00917201459715021  0.01890458988180007  0.02883512628997697
  0.03890380030869865  0.04911475725232120  0.05926630885964979  0.06976632791775156
  0.08026709423315483  0.09069553107601142  0.10101771724681254  0.11138674411318969
  0.12204769453881607  0.13288507937280389  0.14360779376358732  0.15420439697939073
  0.16478787644700985  0.17572315204782066  0.18670283483390515  0.19738365786758710
  0.20803086923959929  0.21852726529822669  0.22901600946121939  0.23943437373758655
  0.25005440337042711  0.26075441564925467  0.27143933230178208  0.28219663198112349
  0.29302144041052597  0.30387963474122109  0.31482029423932345  0.32574893441106340
  0.33652632431113783  0.34695724973855890  0.35727509332370183  0.36763869776012398
  0.37820807948179802  0.38870617378369465  0.39918772891527560  0.40975099342131482
  0.42043830196603088  0.43111332014272474  0.44176947072345746  0.45231796674765695
  0.46278431580949136  0.47299177584560798  0.48328765995075273  0.49376212450121099
  0.50431448814943269  0.51491754119464972  0.52550448587233156  0.53612999483624935
  0.54668749412756223  0.55717180258731402  0.56770556932926519  0.57810532422959537
  0.58865185648457818  0.59913940582119252  0.60956954985695277  0.61993109093580812
  0.63033894025313242  0.64093867158980145  0.65146419105064013  0.66187045576353654
  0.67214510818459183  0.68248184478578910  0.69300332335978831  0.70373336989572111
  0.71445188560356221  0.72492544042754137  0.73532762863015178  0.74565631831793866
  0.75607942531033079  0.76657795439410936  0.77710742276391886  0.78788729717166395
  0.79852871208529874  0.80922214073170884  0.81970041047705677  0.83015659577858036
  0.84073955802019740  0.85136550980861592  0.86193084274321163  0.87240339780199216
  0.88307239447047114  0.89397782726610897  0.90477160198645301  0.91532372155485731
  0.92564847636422032  0.93592438135226552  0.94612979342767500  0.95649992929793570
  0.96702206517123279  0.97788651701240836  0.98897546556968974  1.00000000000000000
 -0.00384243467202452  0.02307245483252107  0.04265892800168130  0.05949646442334032
  0.07480343268701882  0.08901248810723156  0.10234658891994412  0.11504072407206561
  0.12735120446800793  0.13939251579452433  0.15116976694938644  0.16260086250177505
  0.17377068675424634  0.18470794916965039  0.19546688821804459  0.20607237570400616
  0.21641786891029799  0.22661982232273764  0.23655569216628636  0.24640424705321762
  0.25608346005244592  0.26563922888618036  0.27517875114884632  0.28464315732679901
  0.29393785228419739  0.30309749370219291  0.31218294094953147  0.32138636090958811
  0.33052858093561055  0.33956525966340062  0.34839441793658549  0.35709311911411568
  0.36570038527475351  0.37435312342894167  0.38310739525945980  0.39187518139272054
  0.40054161402800897  0.40903805112565861  0.41748893419112321  0.42603440295935585
  0.43469386595706000  0.44346238395178905  0.45234397293631384  0.46120470090675569
  0.46994756914038521  0.47844986799934103  0.48674652935538948  0.49490012062850869
  0.50314015318669569  0.51129896604889102  0.51960960275125168  0.52809204012774980
  0.53651260281815139  0.54480090152473259  0.55293871183007937  0.56108458089862401
  0.56948911217635922  0.57792100809698210  0.58636038743782570  0.59472225287214242
  0.60312329780186136  0.61155682558134339  0.61993042994818459  0.62833243918601434
  0.63695047330690036  0.64571310454882791  0.65442814338197408  0.66309592329203071
  0.67180826390051540  0.68055546697150393  0.68928997392287217  0.69796572422440339
  0.70674688256554397  0.71578923429875108  0.72485479671033570  0.73392745489167399
  0.74302763140953265  0.75219586238639713  0.76156291445211755  0.77103312446497907
  0.78077403871354523  0.79062398349663743  0.80060425697789317  0.81085709623503766
  0.82136396869145878  0.83220801597530492  0.84326460911410706  0.85455488103881183
  0.86644369983644476  0.87873125706997623  0.89177686005109369  0.90593648524439840
  0.92151707696853691  0.93923056504772395  0.96313742659845070  1.00000000000000000
 -0.02030794687403970  0.12057063711346241  0.15983086984463299  0.18336575640475938
  0.20165026234392730  0.21689963744948540  0.23013620539360766  0.24183575879386843
  0.25258566841379004  0.26243812461042143  0.27188081999927322  0.28067424999677731
  0.28942172209949163  0.29763002407033373  0.30559274784114643  0.31324738661237711
  0.32060571890424072  0.32782483957374325  0.33473892020317042  0.34143408870222780
  0.34801263535016980  0.35447786782326113  0.36077469374250237  0.36691858704806612
  0.37301010725568262  0.37883268606077292  0.38457548746143266  0.39035998646196018
  0.39610187609658609  0.40177532797151627  0.40737540245515347  0.41294016589511379
  0.41846547056997058  0.42391454792433508  0.42932482103673858  0.43466930348454047
  0.43997518724937790  0.44527091982483824  0.45055542034228263  0.45583106297896792
  0.46114864608967077  0.46643530179736908  0.47169194078296628  0.47693690739780309
  0.48216237207210172  0.48736599035475703  0.49254451468361587  0.49773004953696520
  0.50286612999668234  0.50799145177074578  0.51316061950902880  0.51834134968499679
  0.52355700287189344  0.52876095389852740  0.53396371392713504  0.53917977123601524
  0.54438978171970487  0.54963223630741198  0.55488442396022719  0.56017863400849843
  0.56548954527651052  0.57082645990904435  0.57618380037725980  0.58149732749877314
  0.58700049318724845  0.59255106806623481  0.59814691085203409  0.60376875453075185
  0.60943009872897980  0.61514910440466153  0.62095558624175362  0.62690828874187399
  0.63299671486726605  0.63914092597696182  0.64535121627851200  0.65178592103570021
  0.65835225103310291  0.66502783239773200  0.67185259487143445  0.67887915302178237
  0.68610922439286615  0.69369849950678586  0.70148735676880447  0.70953631478464585
  0.71825876659290955  0.72725827964919409  0.73707001336357536  0.74712643360106923
  0.75796355982292107  0.76959629291140730  0.78274082864396199  0.79768795201469300
  0.81569752182812705  0.83913376393583727  0.87873050520430418  1.00000000000000000
   2.5211844823163455E-002  -1.0000000000000000     
 T T T T T T T T T T T T T T T T F F F F F F F F F F F F F F F F
  <DiscreteSampler_grid>
  grouped_processes
  1 # 1 for a reference and 2 for a running grid.
  10 # Attribute 'min_bin_probing_points' of the grid.
  1 # Attribute 'grid_mode' of the grid. 1=='default',2=='initialization'
  0.0000000000000000 # Attribute 'small_contrib_threshold' of the grid.
  0.5000000000000000 # Attribute 'damping_power' of the grid.
 # binID   n_entries weight   weight_sqr   abs_weight
    10   10   1.048926015752657E+009   1.296339458392747E+018   1.048926015752657E+009
    16   10   1.048926015752657E+009   1.296339458392747E+018   1.048926015752657E+009
  </DiscreteSampler_grid>
