  0.00000014703606108  0.00001374710413277  0.00002726835872272  0.00004064119910050
  0.00005414341960059  0.00006788191887954  0.00008208507453965  0.00009689308205863
  0.00011239513968792  0.00012866211216820  0.00014562967115380  0.00016326361138224
  0.00018192357698489  0.00020153456010848  0.00022197814479991  0.00024354593481110
  0.00026617305915655  0.00028990977610194  0.00031478089697742  0.00034068060521757
  0.00036798580395752  0.00039675397800797  0.00042688924896576  0.00045825761208747
  0.00049060054682979  0.00052451380803099  0.00055958219057606  0.00059708879855923
  0.00063620465717165  0.00067709548012661  0.00071993556417485  0.00076359320229571
  0.00080950362751464  0.00085744840070217  0.00090657268613068  0.00095809982211771
  0.00101139595707662  0.00106748205846971  0.00112630734964477  0.00118523427990694
  0.00124696690698031  0.00131040683781620  0.00137692884698482  0.00144560484470879
  0.00151697706537685  0.00159291988071695  0.00167490173920421  0.00176061875713745
  0.00184897742973714  0.00193934313571251  0.00203010353882942  0.00212222423081149
  0.00222514359842325  0.00233255744097356  0.00244034962080998  0.00254957006165531
  0.00266118960507734  0.00277998241213350  0.00290637096283035  0.00303907359153271
  0.00317815641922403  0.00331939854235376  0.00346244979493317  0.00361426343501164
  0.00377404955672889  0.00394373866165889  0.00412281590001104  0.00430437125031447
  0.00449082014526405  0.00468249207402606  0.00488228640634776  0.00508382539275546
  0.00528833556551087  0.00550540080918777  0.00573069216227673  0.00595844046603630
  0.00620874179284038  0.00647572262147679  0.00686897559699121  0.00730064038069991
  0.00774001943734438  0.00817626829015982  0.00860421260265852  0.00907031907938733
  0.00957605392184093  0.01012031697178092  0.01063409692260875  0.01111567588287429
  0.01169765166838300  0.01226329155009988  0.01291886602805756  0.01368963287783794
  0.01469009102634452  0.01686943233517053  0.01939523902773449  1.00000000000000000
 -0.00236117594566737  0.00926348074839834  0.01950776873753757  0.03014173220376520
  0.04074615994414885  0.05151007204107328  0.06224193200608905  0.07287433274204452
  0.08363315330229588  0.09450345062642757  0.10521090565749831  0.11592493956992726
  0.12665162470786687  0.13759552943485667  0.14830004400281163  0.15874944331323151
  0.16901869075330914  0.17929716025841766  0.18979026695040410  0.20033242394425443
  0.21083176190147496  0.22115744800308093  0.23150811363873333  0.24186648257804902
  0.25236987928908478  0.26290285030468058  0.27342606011382625  0.28387880274516236
  0.29435542656623948  0.30492957509519208  0.31544353414606441  0.32587150241022789
  0.33632761038671555  0.34702243541215638  0.35788097886608217  0.36866421318212711
  0.37934650143396254  0.38981942628644345  0.40019494405822909  0.41052431641920645
  0.42103277663384781  0.43147741819196650  0.44197832621895689  0.45255445760553603
  0.46330279471220537  0.47410615056458721  0.48452967617304549  0.49491818963934764
  0.50516204024956668  0.51544042692142555  0.52573126475729259  0.53588362423869240
  0.54604978180424379  0.55626063319705876  0.56645017585851043  0.57666431227443660
  0.58694451255760471  0.59735778237840764  0.60798768535852898  0.61862444894404967
  0.62917344643124173  0.63975540308304568  0.65025062328096705  0.66081654731055894
  0.67142616123669951  0.68202049278739829  0.69247182442385757  0.70295992767756010
  0.71362614141797520  0.72449505362499134  0.73538019369167384  0.74624590146724457
  0.75714221496779899  0.76783379444555000  0.77841341736354441  0.78887530280780804
  0.79935622684037511  0.80981953012306529  0.82044440991987433  0.83126374760998345
  0.84194053846408234  0.85254529476084817  0.86318487487426288  0.87378099647132756
  0.88411126220835279  0.89442321890823551  0.90468950821549932  0.91515107453791467
  0.92546270276809872  0.93592982716490480  0.94654585847428263  0.95714050421929497
  0.96781434024014168  0.97846018170884264  0.98921825768293858  1.00000000000000000
 -0.00467314226125101  0.02529162249508381  0.04615025565023131  0.06334547429709014
  0.07885083916628927  0.09330550271214406  0.10697196477693678  0.11993377101406437
  0.13232441925080349  0.14421253388398558  0.15569227347600975  0.16686460519453808
  0.17787505738308076  0.18865686778380730  0.19925905712351502  0.20976932131283654
  0.22030055863840003  0.23070903973759951  0.24083031199319949  0.25072740722576597
  0.26049381818476419  0.27012508979361294  0.27958682897512094  0.28892543772223656
  0.29817615649592272  0.30732796212044877  0.31641506660456736  0.32546918550546644
  0.33438329785763043  0.34314096144790263  0.35190128862160319  0.36067701048142675
  0.36939537072519563  0.37801223335830730  0.38651781401931451  0.39498054825531642
  0.40347666750063316  0.41200235221438236  0.42053325980999179  0.42903294540788584
  0.43745916034860044  0.44584053368802329  0.45420496382220937  0.46256776598398153
  0.47089361811776520  0.47919904674980296  0.48743227893917346  0.49566197382307697
  0.50382795328583685  0.51196740504987737  0.52005173019354645  0.52821185870237319
  0.53634461254355681  0.54452933660987135  0.55276106571171668  0.56094487657536485
  0.56927148019977469  0.57753214525788465  0.58590299090058851  0.59432274879161129
  0.60274145468485307  0.61113075021221119  0.61955849033139165  0.62796123256638670
  0.63633882386686125  0.64473398287613981  0.65316460202819515  0.66163630712154708
  0.67014651714381424  0.67873129172226587  0.68737377266721555  0.69609012458007957
  0.70486574489019871  0.71369463430269475  0.72258196728492197  0.73159064935322360
  0.74075764173142478  0.75010057187627655  0.75947558942939652  0.76881530245789553
  0.77833860029961766  0.78813750867225429  0.79818941562380741  0.80838292854588367
  0.81881199595691956  0.82945126107953171  0.84022542501290354  0.85144368593951847
  0.86331684058602698  0.87572007843327260  0.88848803927674058  0.90237019090972204
  0.91794120832063586  0.93601061046808010  0.96059730839891411  1.00000000000000000
 -0.02815521352847215  0.13727973413212349  0.17606078009828804  0.19891210174086676
  0.21652794384684901  0.23106381859109515  0.24363324367349237  0.25495939198890671
  0.26516179522466360  0.27476387301243688  0.28372608806301031  0.29235187283157271
  0.30038792387424923  0.30801649264706843  0.31537308121059610  0.32248837974008476
  0.32948358115227477  0.33619341024677302  0.34276211527081457  0.34916914011719147
  0.35542791731927603  0.36149534048369059  0.36740774002029086  0.37321251870710953
  0.37884557733202395  0.38445344125799935  0.39008868215127790  0.39569407975583781
  0.40119459181609207  0.40661258922051619  0.41196331527796787  0.41722161369761662
  0.42239097030463596  0.42752180183021510  0.43267637351431282  0.43782191290831018
  0.44292901947166902  0.44800350172653874  0.45304395671685954  0.45804171420147927
  0.46301814886662257  0.46801727854337755  0.47303430527798290  0.47800431937297277
  0.48290827122378771  0.48775413871275014  0.49257650642361517  0.49738876483746858
  0.50222063728504029  0.50713001197445950  0.51205104358372933  0.51699542972976464
  0.52193852457006362  0.52688310399588056  0.53184644602897313  0.53683469579190179
  0.54182919622832681  0.54685614392956639  0.55189905725201116  0.55693614644015199
  0.56198192190358198  0.56707839323509845  0.57222772915595488  0.57738944760888244
  0.58260210944814939  0.58791267151118387  0.59327931815514789  0.59867810839121227
  0.60414251119000839  0.60970880589990339  0.61532989343926159  0.62099596159632331
  0.62676533084055497  0.63265823041458280  0.63869170542767417  0.64480597738375545
  0.65115739959239127  0.65761497417281201  0.66414363413766309  0.67088259552112872
  0.67786403630224257  0.68503211323838165  0.69247674888720712  0.70022235522663978
  0.70832870553847782  0.71702482493769892  0.72595922270801394  0.73560564598589218
  0.74577711269561386  0.75713824378495764  0.76961581924629097  0.78424680812846959
  0.80140230552049774  0.82372122553127491  0.86197306909553573  1.00000000000000000
   1.2613581353032184E-002  -1.0000000000000000     
 T T T T T T T T T T T T T T T T F F F F F F F F F F F F F F F F
  <DiscreteSampler_grid>
  grouped_processes
  1 # 1 for a reference and 2 for a running grid.
  10 # Attribute 'min_bin_probing_points' of the grid.
  1 # Attribute 'grid_mode' of the grid. 1=='default',2=='initialization'
  0.0000000000000000 # Attribute 'small_contrib_threshold' of the grid.
  0.5000000000000000 # Attribute 'damping_power' of the grid.
 # binID   n_entries weight   weight_sqr   abs_weight
    10   10   2.598023804577413E+009   2.863242117634100E+019   2.598023804577413E+009
    16   10   2.598023804577413E+009   2.863242117634100E+019   2.598023804577413E+009
  </DiscreteSampler_grid>
