  0.00000035447604696  0.00001191834712836  0.00002644484312151  0.00003935670606591
  0.00005215411879003  0.00006501108838642  0.00007825643575401  0.00009213824802474
  0.00010668674078242  0.00012187008995160  0.00013754591079724  0.00015364946623885
  0.00017050047000770  0.00018828804287966  0.00020716432016151  0.00022715423144950
  0.00024809352581079  0.00026979326198020  0.00029210005061171  0.00031567730765752
  0.00034001188529516  0.00036570648722248  0.00039251142022182  0.00042047927531673
  0.00045002686113268  0.00048158045048895  0.00051412652922562  0.00054845018996283
  0.00058388035741540  0.00062039589941873  0.00065786640670844  0.00069660959882806
  0.00073729232015410  0.00077945339309258  0.00082350146153799  0.00086896627378954
  0.00091739296849828  0.00096646895581877  0.00101757201693705  0.00107094706930923
  0.00112635776848597  0.00118498012125197  0.00124555957489661  0.00130794600551875
  0.00137205149718203  0.00143884309851656  0.00150903997491527  0.00158299480470414
  0.00165794628210718  0.00173584166177429  0.00181723869077504  0.00190140611573670
  0.00198705064384900  0.00207239987032630  0.00216219477150838  0.00225836851415420
  0.00235996754232595  0.00246703830661157  0.00257926045827645  0.00269659080161101
  0.00281444352180098  0.00292867823043593  0.00303843128139076  0.00316456419397296
  0.00329684637238788  0.00343467800453135  0.00357185997417441  0.00370345225914422
  0.00383377304542517  0.00397154885142830  0.00412346455011015  0.00428169400763814
  0.00444884536608770  0.00462920036896884  0.00481222890281176  0.00501195667708981
  0.00521137480282084  0.00542232417030692  0.00565924178994779  0.00593145704374917
  0.00622732057588883  0.00652539980831310  0.00682766109366740  0.00716065124577034
  0.00754228256146797  0.00798566339491661  0.00852210631044230  0.00931171568946811
  0.01051795837497801  0.01183825957670910  0.01281656542343380  0.01384235309304020
  0.01487256840225315  0.01588683680349680  0.24084411699371439  1.00000000000000000
 -0.00243596325903416  0.00958918867735799  0.01987916690546437  0.03048398544465736
  0.04101776600639503  0.05176171803236747  0.06250870744687151  0.07297474061892015
  0.08339660242954172  0.09389676700207307  0.10454661077864480  0.11505498678738096
  0.12556431182271308  0.13601994499477707  0.14644286337802959  0.15688152309494072
  0.16743259523894094  0.17807597731663313  0.18885032092577161  0.19970707406926089
  0.21045254576302133  0.22112038199261472  0.23168972726760889  0.24218238871379830
  0.25257521824838391  0.26287211314658826  0.27313108638617178  0.28362396193295586
  0.29431337414067660  0.30518840620650906  0.31588775709472372  0.32633651694680971
  0.33676618108372824  0.34720067441342334  0.35766371145340153  0.36834000539532763
  0.37899299613721404  0.38970648358902060  0.40025420472201489  0.41076282689755583
  0.42123694729022210  0.43166961685506328  0.44201652098614708  0.45248757683572371
  0.46289538293985411  0.47352831919392896  0.48403784673891009  0.49432148633235062
  0.50461091062761931  0.51485315650316699  0.52545974424762099  0.53584617949081659
  0.54631779839609607  0.55686892001877142  0.56732011809130356  0.57774337499600381
  0.58811162745528378  0.59851934480604063  0.60891968136657892  0.61925202455854045
  0.62975785695387199  0.64021180288088086  0.65105744697986090  0.66171972105990029
  0.67257765919101320  0.68307862703184341  0.69363827009870871  0.70421732908934664
  0.71477602247027761  0.72549142104666464  0.73613814395489063  0.74657106802148743
  0.75716442479442525  0.76756773253297783  0.77798910797068721  0.78816578922766711
  0.79881254649209199  0.80949218689139568  0.82023567903307459  0.83078183692757634
  0.84160268141398409  0.85240624709810819  0.86304413168757532  0.87369584745819184
  0.88436567602965421  0.89501247733621681  0.90549370933017215  0.91596310007039672
  0.92640679852342078  0.93685575233339002  0.94738755793209339  0.95781545913974697
  0.96841760834730706  0.97864041691196069  0.98935254193202826  1.00000000000000000
 -0.00478700166728671  0.02570329308746078  0.04679151398477686  0.06405979829668426
  0.07955611863009973  0.09396488203748334  0.10756490653175928  0.12053985616044191
  0.13305648122051425  0.14523906709017290  0.15708682553952114  0.16855531301459079
  0.17968549533945150  0.19052509363005335  0.20111936357315349  0.21147383274200066
  0.22163632117518037  0.23164202886734120  0.24153579149237211  0.25132670493522064
  0.26102870782021892  0.27064117998137494  0.28008101129046847  0.28932919328800111
  0.29844521764693238  0.30748658873705170  0.31654599079289020  0.32558673063210714
  0.33454757644049288  0.34350693976111851  0.35245520259258961  0.36135374260249553
  0.37020933956148872  0.37893921648111223  0.38753062562507673  0.39603842951899071
  0.40444517262097035  0.41279379305810615  0.42109855808789015  0.42937034665933055
  0.43762694751658471  0.44583758497931975  0.45405488841341179  0.46231124278875213
  0.47058924451478362  0.47885477153713213  0.48712142735602648  0.49548049622521367
  0.50376929331496789  0.51193485018407925  0.52014839683263003  0.52827888284849112
  0.53643429671588561  0.54451820380058857  0.55250394895432431  0.56058477332221668
  0.56861812489099373  0.57675369174149071  0.58493343173823154  0.59312081950374673
  0.60125362458912612  0.60934446649259588  0.61747543992999043  0.62565820675624972
  0.63393510783917195  0.64227540895658441  0.65059440205391017  0.65882767181759228
  0.66720179573889427  0.67573457624569067  0.68430745910916180  0.69289572426453883
  0.70151680943428196  0.71029236260558459  0.71924848075443437  0.72837052289047310
  0.73770426064254380  0.74718710506314789  0.75664685972546031  0.76609160892207429
  0.77559791447618287  0.78523136145784733  0.79508704824200760  0.80523555700911442
  0.81568767182390067  0.82634697350983188  0.83711358211866027  0.84817269360149861
  0.85974310643936125  0.87207570514514499  0.88534628372913693  0.89974539352492000
  0.91550530629297833  0.93350708424567408  0.95786086472704146  1.00000000000000000
 -0.02825727673350275  0.13684635942160714  0.17581274676499561  0.19865866890236053
  0.21602697454741868  0.23048689976162010  0.24305410796184537  0.25433569140655160
  0.26455227889126059  0.27427581317402944  0.28333955138009798  0.29203283056999113
  0.30018262467045270  0.30796802485036273  0.31547690158317238  0.32261848675744487
  0.32958624881853399  0.33634231220991828  0.34294146889504490  0.34947296965244135
  0.35584352003866598  0.36203388810759873  0.36810172402036961  0.37408173556223812
  0.37994304128120593  0.38567020342141561  0.39129759044539342  0.39685062556238915
  0.40239116647817513  0.40788622042765599  0.41325830801692909  0.41853048917038027
  0.42370102534476445  0.42882767333622190  0.43396964376865155  0.43904340660655322
  0.44405262528849682  0.44906922778121189  0.45410166292162085  0.45911674663965696
  0.46409080932080454  0.46902776764051407  0.47395132494345243  0.47886632608382501
  0.48377794452344286  0.48867486319369746  0.49353125174432594  0.49841934292994827
  0.50329757331379343  0.50828769528472517  0.51319572281503656  0.51807794156247267
  0.52298239301538463  0.52790938712563329  0.53285721978156197  0.53779284333713684
  0.54269160729026489  0.54761899142677617  0.55260947784437731  0.55762348495241842
  0.56264619061173504  0.56767834115271865  0.57274258357172481  0.57787762966605161
  0.58303503202428941  0.58828322271906397  0.59361088490160319  0.59899630765414136
  0.60446428850938827  0.61004037651906839  0.61572226831233667  0.62145031270137396
  0.62728387661679286  0.63315609196075862  0.63900801860264522  0.64492191279281452
  0.65101527944472981  0.65728817112414117  0.66382276435192444  0.67056325720232324
  0.67746633245157373  0.68454843636071894  0.69201725536562830  0.69979424761807885
  0.70788183952790062  0.71639220866237641  0.72533495488302202  0.73501497498304003
  0.74537124027992685  0.75669201348447634  0.76899838451470759  0.78336992023275742
  0.80073885292168467  0.82361740097085778  0.86221407223416813  1.00000000000000000
   1.2644295013025598E-002  -1.0000000000000000     
 T T T T T T T T T T T T T T T T F F F F F F F F F F F F F F F F
  <DiscreteSampler_grid>
  grouped_processes
  1 # 1 for a reference and 2 for a running grid.
  10 # Attribute 'min_bin_probing_points' of the grid.
  1 # Attribute 'grid_mode' of the grid. 1=='default',2=='initialization'
  0.0000000000000000 # Attribute 'small_contrib_threshold' of the grid.
  0.5000000000000000 # Attribute 'damping_power' of the grid.
 # binID   n_entries weight   weight_sqr   abs_weight
    10   10   1.847050464048504E+009   9.483729756786672E+018   1.847050464048504E+009
    16   10   1.847050464048504E+009   9.483729756786672E+018   1.847050464048504E+009
  </DiscreteSampler_grid>
