 -0.00008216978713123  0.00079205385271886  0.00172483996660385  0.00311289263220819
  0.00489996817495224  0.00700214048206345  0.00958841169176034  0.01256024713386784
  0.01587616490282452  0.01962268096728854  0.02367912598688367  0.02800060390250510
  0.03258932489792354  0.03739281912504470  0.04243917924208791  0.04789478101177930
  0.05368115299631777  0.05990434545124506  0.06643212634141610  0.07304451114623109
  0.07971433884821963  0.08653748376075356  0.09369357895038730  0.10123022530997310
  0.10897122738753286  0.11687565945893513  0.12483445927347513  0.13304354414711042
  0.14148553979753281  0.15015372450329983  0.15932943563846297  0.16836971338706366
  0.17787175536074318  0.18750441754783320  0.19716285657665422  0.20746526331320272
  0.21816064829408641  0.22898365885572444  0.23986705562502961  0.25074695919414242
  0.26176366879592811  0.27294013095739311  0.28434454629515832  0.29602961827106916
  0.30798746401024868  0.32023440268504083  0.33252540866965780  0.34447313802946111
  0.35633367092057389  0.36838068592713474  0.38076553821581816  0.39325004339671904
  0.40585117555704320  0.41853290075723004  0.43146934533159370  0.44480743989991511
  0.45848147361413660  0.47233714792155668  0.48630052489962161  0.50020699545796288
  0.51395420348755161  0.52768879311384009  0.54138321548809354  0.55522095596304166
  0.56933166444938876  0.58356654093335680  0.59772316175689266  0.61200287077144677
  0.62625123746437317  0.64030721348328701  0.65444507992106871  0.66874792294413410
  0.68307012976244685  0.69740395343840123  0.71171349000297102  0.72617824150931665
  0.74061088745367332  0.75492388767494401  0.76907177416941497  0.78294064251739215
  0.79672321715737426  0.81060002023003630  0.82438358290344604  0.83817608856009496
  0.85224919081923778  0.86645477367390544  0.88019125325731751  0.89378051987203866
  0.90728236792992767  0.92075563855115106  0.93427247536270475  0.94763050614430533
  0.96074352854016376  0.97380802565735824  0.98689897218475997  1.00000000000000000
 -0.00260566575563317  0.00951930408200491  0.01974389383687675  0.02986252399798482
  0.04051402227334188  0.05128655953367772  0.06154135298227827  0.07147276408621396
  0.08110379479852461  0.09213777597736818  0.10319469468404241  0.11472189841950819
  0.12644767024093653  0.13845572454074734  0.14934836560532144  0.15949484499861752
  0.16940979322149224  0.17958066131408720  0.18955064464664545  0.19942169695271408
  0.20942463193904101  0.21981180288343885  0.23007381307861027  0.23977345560041680
  0.24948440579823575  0.25931330287663418  0.26919944661036088  0.27928514407984989
  0.28966010213677229  0.29989177866593647  0.31035905769106448  0.32062940050527050
  0.33095211820938808  0.34094335518685542  0.35107363532199248  0.36139994230465183
  0.37190133104336232  0.38226491747027069  0.39269546447969134  0.40315790773357441
  0.41388379086036625  0.42459008861028469  0.43559651902394653  0.44659055247663565
  0.45773694254097097  0.46853073363336750  0.47938690518173294  0.49013381368165454
  0.50073731211451167  0.51110456818755967  0.52149364853046232  0.53208810561475084
  0.54261805589661971  0.55294375491532466  0.56350023708326891  0.57474264600001890
  0.58603910053640418  0.59703553670996523  0.60772607114580879  0.61840593946012390
  0.62892226806317997  0.63906219359030725  0.64928205347633949  0.65939512565587655
  0.66932884512307844  0.67905422791214232  0.68870693004826267  0.69868197375070362
  0.70891039884998641  0.71935960067512261  0.72967036121087181  0.73984890816719706
  0.75002570219875553  0.76018158892427257  0.77014549629479923  0.78031744944553560
  0.79092249892992317  0.80175858768928787  0.81287786903675574  0.82419213248192147
  0.83602443415294558  0.84788395987829135  0.85935068975271522  0.87033840180752198
  0.88136790141162413  0.89258612945241200  0.90333297661824707  0.91392585570385132
  0.92431671642886182  0.93466681424476827  0.94554312065321777  0.95656066204088308
  0.96742660639051370  0.97797885909893678  0.98891366957589821  1.00000000000000000
 -0.00273672893515681  0.01795570115569951  0.03311461291968479  0.04601355744588732
  0.05774275305621801  0.06875544277596272  0.07913303619315179  0.08891860543207224
  0.09839240452675002  0.10778197006817572  0.11710328965595265  0.12620629370815645
  0.13501735848502036  0.14365621774950330  0.15247833851843665  0.16153318990118931
  0.17037948258028260  0.17920981387487128  0.18785361212421484  0.19691549358784305
  0.20607347240056176  0.21490310487524172  0.22366833040193329  0.23208652434225552
  0.24030622889972189  0.24843886935033574  0.25631462415801037  0.26401321762149355
  0.27171194380734898  0.27941971761671325  0.28728023689654869  0.29485889998442649
  0.30246769641683335  0.31008803654125366  0.31807625453127775  0.32633566146567650
  0.33428448426076435  0.34190932800439916  0.34941582926151032  0.35707811122401806
  0.36510742882522113  0.37341060578241897  0.38174561945530006  0.39009034746063587
  0.39821015423390699  0.40617289349479646  0.41421326771159506  0.42204844940854219
  0.42994419904352371  0.43762939135813372  0.44557238639232283  0.45342942051723167
  0.46140634331361424  0.46953952403276233  0.47774227870452296  0.48596097150863710
  0.49418996429010487  0.50249584550101900  0.51087470133537971  0.51936996268661628
  0.52825589884749313  0.53734796219400127  0.54619139313178644  0.55491623467915074
  0.56388258073641662  0.57317075723165378  0.58253669061965041  0.59158607331875690
  0.60021332993639265  0.60890521893640959  0.61797338900651577  0.62733509422389178
  0.63699380051686394  0.64701316371010498  0.65731459114684454  0.66802758265883422
  0.67922741710993007  0.69063431019900989  0.70195045369985853  0.71295130919017724
  0.72384189406497090  0.73497350043025211  0.74626811682566563  0.75795689363815733
  0.77004951721175419  0.78280834084839457  0.79630990989195360  0.81037825977993472
  0.82502717010180415  0.84073938845355922  0.85772426290685455  0.87560185032716009
  0.89504145494745591  0.91757743311700779  0.94752146333198217  1.00000000000000000
 -0.02069609227851981  0.13176391504930371  0.17985597548513346  0.21174493303107145
  0.23680437447416239  0.25791260593962756  0.27632143543731236  0.29295844699777612
  0.30884644589832361  0.32359799708880860  0.33750839669863997  0.35092244577157633
  0.36384218130913232  0.37634434186110249  0.38823054002415780  0.39950544630941204
  0.40980648156227539  0.41973872218987829  0.42915584033610360  0.43834288401623139
  0.44679328961091158  0.45508515479786843  0.46341375314710043  0.47151596404039647
  0.47965983171684567  0.48758929105974208  0.49549416598278634  0.50305427089616894
  0.51041650221202983  0.51783268485181067  0.52506716493953987  0.53201139981180623
  0.53865768818266113  0.54501373898455641  0.55119273270577207  0.55734755411709169
  0.56357436303849062  0.56990972572942300  0.57641214074682945  0.58288305720382583
  0.58917393763183046  0.59536480168925043  0.60130230452158273  0.60728219709026887
  0.61342669342413048  0.61969769385644136  0.62586441880789534  0.63174615520074362
  0.63735549441113026  0.64283606142867000  0.64826543409723980  0.65361400692575922
  0.65893627759818352  0.66425681351676613  0.66951388357598063  0.67457673419640685
  0.67946473263978646  0.68419884392109409  0.68902437764490909  0.69406004559187839
  0.69920290373195659  0.70439367807908615  0.70957431814931027  0.71470831207559504
  0.71985973226051392  0.72506292819223050  0.73026667347089602  0.73547463454500950
  0.74064649537441229  0.74583025407634562  0.75094214237962564  0.75610302023314213
  0.76123299674871470  0.76639436419455931  0.77150534154979111  0.77651239623151003
  0.78157892625127479  0.78668786197680152  0.79203347140257963  0.79774420978560612
  0.80359889090197045  0.80951591618256946  0.81555123760943471  0.82177821784044136
  0.82818449976115538  0.83488147575884997  0.84244798102781815  0.85011002675118075
  0.85839274859250103  0.86715303154887957  0.87654935441910387  0.88679882766155593
  0.89887989510614397  0.91541614815715877  0.94145568063153384  1.00000000000000000
   5.7577741867899216E-004  -1.0000000000000000     
 T T T T F F F F F F F F T T T T T T T T F F F F F F F F T T T T
  <DiscreteSampler_grid>
  grouped_processes
  1 # 1 for a reference and 2 for a running grid.
  10 # Attribute 'min_bin_probing_points' of the grid.
  1 # Attribute 'grid_mode' of the grid. 1=='default',2=='initialization'
  0.0000000000000000 # Attribute 'small_contrib_threshold' of the grid.
  0.5000000000000000 # Attribute 'damping_power' of the grid.
 # binID   n_entries weight   weight_sqr   abs_weight
    16   10   4.156780360524783E+008   1.763765907632437E+017   4.156780360524783E+008
    17   10   4.156780360524785E+008   1.763765907632438E+017   4.156780360524785E+008
    19   10   4.156780360524783E+008   1.763765907632437E+017   4.156780360524783E+008
    20   10   4.156780360524785E+008   1.763765907632438E+017   4.156780360524785E+008
    22   10   4.144997418337911E+008   1.753765915592262E+017   4.144997418337911E+008
    23   10   4.144997418337913E+008   1.753765915592263E+017   4.144997418337913E+008
  </DiscreteSampler_grid>
