  0.00000174990758962  0.00000958773013902  0.00001521418067076  0.00002024966472492
  0.00002512515241032  0.00002982009234481  0.00003439236725894  0.00003888990153338
  0.00004336116943073  0.00004791520343505  0.00005254564328766  0.00005720868658314
  0.00006188320167366  0.00006680266915931  0.00007177124021307  0.00007679777217237
  0.00008189439051612  0.00008710671050715  0.00009249902436621  0.00009805110408837
  0.00010375135851394  0.00010951297281597  0.00011539227117230  0.00012136634979246
  0.00012742666264658  0.00013359982665214  0.00013990443048496  0.00014632739558199
  0.00015295870742364  0.00015958070898135  0.00016628233096905  0.00017308461906267
  0.00018000988744765  0.00018709193305507  0.00019425894729134  0.00020187421768173
  0.00020965478952388  0.00021763696733490  0.00022609063261225  0.00023481601390662
  0.00024391136314505  0.00025351597694895  0.00026319081031762  0.00027355654587099
  0.00028402438660682  0.00029506303568253  0.00030656778371412  0.00031855385538812
  0.00033093750583997  0.00034378247578947  0.00035675003487043  0.00037090688724681
  0.00038543003638199  0.00040099232333328  0.00041744386892834  0.00043475644804114
  0.00045313202314602  0.00047243048422209  0.00049277459520268  0.00051425164313476
  0.00053688018217084  0.00056078501136034  0.00058618164238092  0.00061328178157308
  0.00064197142803609  0.00067225020671592  0.00070425877593715  0.00073859781122281
  0.00077589486978344  0.00081593067101217  0.00085931316739844  0.00090664885412561
  0.00095842208315609  0.00101464661789849  0.00107505540478650  0.00114185432630605
  0.00121429139041505  0.00129442180248206  0.00138305605139704  0.00148191448556644
  0.00159510967900056  0.00172467087155373  0.00187314201899745  0.00204591949792542
  0.00224696643834856  0.00247052758819143  0.00272889478840912  0.00302967210717927
  0.00339631023837148  0.00386433814490533  0.00447704941667730  0.00530176457980538
  0.00644111940296568  0.00803230361695553  0.01091423692291283  1.00000000000000000
 -0.00236044358659290  0.00929896131461254  0.01932243235792272  0.02976827813050249
  0.04036505163254563  0.05096808121164597  0.06153970460170003  0.07232682198732795
  0.08300562016194242  0.09367803486546750  0.10450720900148081  0.11499415314672064
  0.12564473026812104  0.13590005181192982  0.14628932356451185  0.15677259565023094
  0.16712805702489228  0.17749085000423886  0.18787073536370122  0.19847322426260744
  0.20914888829221862  0.21959056188232481  0.23004352727088037  0.24046951777468414
  0.25075657001926116  0.26119350029372984  0.27177292546997822  0.28266434380822203
  0.29355491121988370  0.30450134688407349  0.31530013501741827  0.32566906577272114
  0.33585308993166868  0.34596803966161721  0.35625927081948933  0.36671223043201162
  0.37733271695235399  0.38854023405297339  0.39989359936802155  0.41083275459167862
  0.42170949069440861  0.43228555447357725  0.44292782173339906  0.45347488105420564
  0.46392776190505602  0.47415609780059031  0.48454878341268848  0.49483902757061166
  0.50506085513832866  0.51509672387651839  0.52516331552732454  0.53548856875010831
  0.54579347950392232  0.55642580616517656  0.56715100026658649  0.57809413102886664
  0.58898679940028265  0.59981093078743952  0.61055452518230890  0.62111568097726000
  0.63151456015323049  0.64195766406287791  0.65253496679555634  0.66331617315634250
  0.67393181757415410  0.68449742930379542  0.69500032894121166  0.70554175142261288
  0.71606469841972242  0.72657799472597573  0.73716019143415423  0.74748937834669305
  0.75766697375678793  0.76765852145824220  0.77782318214288415  0.78822269479040763
  0.79873992036283481  0.80942515928694458  0.82012230186714474  0.83096725203062460
  0.84173949919811042  0.85262062850216402  0.86325161229370262  0.87397049918419956
  0.88458796916537863  0.89511338559993681  0.90547100156412386  0.91577192767823101
  0.92619446562986507  0.93669230517361723  0.94716358604619233  0.95762637325330013
  0.96800941545575114  0.97840383036280454  0.98908790730622365  1.00000000000000000
 -0.00395868908912085  0.02485470588164605  0.04548875545128565  0.06277462096454395
  0.07830464892789946  0.09218045021540255  0.10517261591718809  0.11753922072033074
  0.12955932735443118  0.14127947030988891  0.15291025195144264  0.16428050810718833
  0.17522368454581677  0.18579648038565669  0.19600517784679700  0.20603523153291475
  0.21577854525922974  0.22531300014625533  0.23463596734805053  0.24376473614665423
  0.25276497255524960  0.26168597361522239  0.27063971561239414  0.27965947290311671
  0.28858389972318704  0.29734961948615402  0.30608651348792548  0.31476333956225683
  0.32345141694595403  0.33206487462111300  0.34075249979800454  0.34945241402670663
  0.35806302033951648  0.36657172251277736  0.37496299193404931  0.38324588868024717
  0.39149358260726752  0.39964847598088865  0.40769841255331291  0.41571593051744876
  0.42363744364753209  0.43143794317941464  0.43918290503504043  0.44689852052468837
  0.45473893675184263  0.46260947559301074  0.47049225385128107  0.47827641117627134
  0.48607625449304381  0.49387095668412262  0.50166089198383657  0.50945927107772726
  0.51732466967750179  0.52527436344854361  0.53341486488498102  0.54154862675388671
  0.54960701828157166  0.55762572437469626  0.56565508446815571  0.57366538509220333
  0.58165369878541784  0.58967916736685766  0.59774277929901642  0.60582594717228333
  0.61395873142553825  0.62210326247199921  0.63021403754282657  0.63823040973812484
  0.64628179207406911  0.65446330407339270  0.66275410564811721  0.67126049813974498
  0.67987268282199520  0.68846957921051843  0.69743736669975065  0.70631769422613622
  0.71548068583478741  0.72458071064653873  0.73394978558024737  0.74331871799299931
  0.75299647604509923  0.76284115937633690  0.77288590200324536  0.78308716208062068
  0.79360920581418237  0.80462137534940759  0.81622272381431715  0.82833711198588433
  0.84105672359603201  0.85422208866517402  0.86841365279175975  0.88406579732453960
  0.90175694012095475  0.92223480233146105  0.95001000520676870  1.00000000000000000
 -0.01902003075553489  0.10889065433706167  0.14559099619051580  0.16774845201944646
  0.18493932719722692  0.19978376219211957  0.21301097556201420  0.22509754274396418
  0.23623367783401966  0.24679283720140882  0.25674301070004862  0.26631832236748781
  0.27539615153375641  0.28411087733354529  0.29249708740115704  0.30048105981803497
  0.30819469104796143  0.31568960765939552  0.32289175043119611  0.32997967831334740
  0.33695344988552034  0.34377973300286818  0.35053031448124611  0.35722312243362692
  0.36380504975637479  0.37032679408276270  0.37676370233770684  0.38308296832036054
  0.38932149717176556  0.39549658161969542  0.40159682253392964  0.40767792894145566
  0.41380906561115854  0.41964099569756486  0.42544554808386870  0.43120843072423271
  0.43700053421012952  0.44278581813800572  0.44853537238900731  0.45427042740353984
  0.45991296722289771  0.46543643117959427  0.47094430669229570  0.47643405352168611
  0.48190926502718656  0.48739884033006997  0.49285189417449476  0.49826253066899334
  0.50368181394114730  0.50917423660061956  0.51474888469511348  0.52032715353319492
  0.52587508644318992  0.53140341977958638  0.53691741407793903  0.54244839220395202
  0.54803526887322696  0.55365743088932906  0.55930573672369743  0.56503398917447933
  0.57075660372013737  0.57645559885555409  0.58217028110755276  0.58790655211773191
  0.59370442685816904  0.59951431144193956  0.60547209535240165  0.61156174090147886
  0.61773312921520662  0.62395772948925565  0.63022065068566835  0.63658064269356263
  0.64309596987138529  0.64980871259493689  0.65677463126581781  0.66370309425649865
  0.67069436380932335  0.67780769402230401  0.68503113435386176  0.69254773901486599
  0.70028513013765292  0.70822551330134664  0.71653254818833889  0.72511285279422855
  0.73420146907160100  0.74381786634160119  0.75377555290354226  0.76426846693397654
  0.77540213862920870  0.78736963738036259  0.80043441096641688  0.81528940746276035
  0.83274350124853558  0.85467581317656927  0.89009578534346057  1.00000000000000000
   2.4795055544646221E-003  -1.0000000000000000     
 F T T F T T T T T T T T F T T F F F F F F F F F F F F F F F F F
  <DiscreteSampler_grid>
  grouped_processes
  1 # 1 for a reference and 2 for a running grid.
  10 # Attribute 'min_bin_probing_points' of the grid.
  1 # Attribute 'grid_mode' of the grid. 1=='default',2=='initialization'
  0.0000000000000000 # Attribute 'small_contrib_threshold' of the grid.
  0.5000000000000000 # Attribute 'damping_power' of the grid.
 # binID   n_entries weight   weight_sqr   abs_weight
    10   10   1.729637972614672E+008   6.403564880240370E+016   1.729637972614672E+008
    16   10   1.763648820160165E+008   6.691741247001933E+016   1.763648820160165E+008
  </DiscreteSampler_grid>
