 -0.00000074322384844  0.00001392341498835  0.00002861821531813  0.00004252738285948
  0.00005634182292455  0.00007022371760961  0.00008461051397714  0.00009961055100515
  0.00011541110658637  0.00013191461177591  0.00014884449742979  0.00016652624438933
  0.00018557037727779  0.00020558596077353  0.00022657663160374  0.00024865651355670
  0.00027164795050780  0.00029583696355705  0.00032086672803444  0.00034716397869843
  0.00037510885364462  0.00040430428348158  0.00043493148285087  0.00046706336234595
  0.00050052262069058  0.00053518376657287  0.00057120624876275  0.00060901108013572
  0.00064902164972127  0.00069106039076749  0.00073595371491537  0.00078264914198355
  0.00083134343035726  0.00088238759956346  0.00093506089398082  0.00098942237216381
  0.00104584136515805  0.00110467807584495  0.00116566873495719  0.00122922035061286
  0.00129504707864003  0.00136355954588339  0.00143430179677312  0.00150778124807128
  0.00158475924087409  0.00166445553593856  0.00174827970239524  0.00183619734423838
  0.00192823902117200  0.00202105652115719  0.00211420471129887  0.00221124299506642
  0.00231509757456149  0.00242518612984064  0.00253797725732269  0.00265370191028672
  0.00277802396532036  0.00290826716547400  0.00304255165602621  0.00318055304873958
  0.00332470520345431  0.00347799051850496  0.00363606292621245  0.00380140197309911
  0.00397498013639865  0.00415858659570801  0.00435930494822652  0.00457796951400313
  0.00480955522400343  0.00505658892731323  0.00530694090214230  0.00558847442144499
  0.00588557372748092  0.00619570485454968  0.00652660233547167  0.00687117153638182
  0.00721519656667853  0.00755915469222783  0.00791491825044753  0.00829706401024315
  0.00874188933988499  0.00923283487601421  0.00974840823648853  0.01022216163684148
  0.01074599261355506  0.01141430619900704  0.01220196084607976  0.01304870538895532
  0.01383360923430589  0.01455525891427498  0.01534001792170180  0.01624934907818200
  0.01753225928775521  0.01964087527760262  0.15660836500662334  1.00000000000000000
 -0.00237227860140106  0.00937647116071116  0.01929672496463073  0.02975378322594392
  0.04009144836105118  0.05047351317158016  0.06084325644046041  0.07140442026173419
  0.08180061317413781  0.09217386933738855  0.10241697569344554  0.11295758731459156
  0.12325514583440678  0.13365425240352902  0.14392663305915279  0.15436646725253161
  0.16494903542903652  0.17561608402000847  0.18625761932232399  0.19682174867828306
  0.20749090167142839  0.21806897305265149  0.22870664529951534  0.23901543013278315
  0.24936198805269633  0.25964223748537651  0.27000362508073300  0.28060457834686592
  0.29096363063498876  0.30125015928551069  0.31149175731027906  0.32183318410645717
  0.33227137756471603  0.34254187333192843  0.35296584947499421  0.36343711949452384
  0.37380048419781609  0.38415274923627318  0.39446508622019494  0.40502590959375234
  0.41564322502917328  0.42642938552380361  0.43730547242048307  0.44820008575567588
  0.45910481678606518  0.46996070279559121  0.48060622776225193  0.49100286645402946
  0.50128136614350871  0.51170466703403017  0.52207639514527593  0.53245976112188931
  0.54276282788798902  0.55340020779110000  0.56405940123280240  0.57470793917127028
  0.58533169591353384  0.59607112256048678  0.60681387746122417  0.61749832714968322
  0.62827863759698388  0.63917463198143143  0.65007277601366098  0.66094257426741654
  0.67162996640568429  0.68215472699103818  0.69273458647887032  0.70328465326239098
  0.71385383396232294  0.72441333089978588  0.73502107942159700  0.74558087300111620
  0.75604050429195269  0.76667266426440273  0.77721006179223251  0.78773182411728482
  0.79813771058924821  0.80848212650308771  0.81903996771631260  0.82971044467731025
  0.84076788329317276  0.85173173955565984  0.86239653439072594  0.87305919463470516
  0.88363040150239447  0.89408421579630970  0.90452860554656533  0.91487350466437756
  0.92546721708268376  0.93600976121017665  0.94672928102616416  0.95731207984877331
  0.96802310341894282  0.97853985476666960  0.98933910806840053  1.00000000000000000
 -0.00463914239205535  0.02532375038338752  0.04616126463380857  0.06342970021340461
  0.07888928302926239  0.09317681869429068  0.10670568468353976  0.11973440604685151
  0.13237693753278260  0.14457742502275270  0.15628654509521578  0.16762361269103485
  0.17869929919370739  0.18961832739084236  0.20036367210444078  0.21089591811613534
  0.22116020740946735  0.23118235527867029  0.24103323994007450  0.25080630791342751
  0.26050869456576287  0.27013388915353015  0.27967311471013778  0.28909229241496753
  0.29840448091450622  0.30760000379033831  0.31666700900813194  0.32568831554442856
  0.33463579969778334  0.34348637483691741  0.35228103385436710  0.36100133275150309
  0.36962781405490813  0.37813355407561394  0.38657781945915426  0.39501973992101075
  0.40347074585543041  0.41190954280542674  0.42029458212691884  0.42865074619467264
  0.43695529177653264  0.44527123320580558  0.45360840710514688  0.46193901062644988
  0.47023251182568665  0.47850482004609673  0.48682178009331184  0.49526345876250744
  0.50376463678353633  0.51218332222612906  0.52043291716558793  0.52870753666714287
  0.53696438429651361  0.54524125560811587  0.55362684730290490  0.56196112535291098
  0.57028905254075934  0.57857670778758918  0.58680072994221444  0.59504827650182635
  0.60340023760795636  0.61181486344630365  0.62017836079683408  0.62840532917892689
  0.63656308317745169  0.64478164225193224  0.65309798978409905  0.66155838645314946
  0.67011152502771054  0.67868854471035545  0.68728739844104403  0.69595444129226314
  0.70476501995298735  0.71377992151632264  0.72297574862605829  0.73227875508403262
  0.74168656972166158  0.75108347116304686  0.76036846459397767  0.76964063251272441
  0.77903942744840071  0.78871702096467289  0.79872132109310201  0.80888018857357091
  0.81919576475585154  0.82974312866320499  0.84066144623357764  0.85196269022796833
  0.86360169469051606  0.87596237822319922  0.88938192914549630  0.90403755709471223
  0.91982916365166156  0.93726758223114071  0.96055088657749832  1.00000000000000000
 -0.02749355584064478  0.13669086284648665  0.17525369776579020  0.19834441397302327
  0.21595574287450048  0.23057776342682834  0.24324180054076275  0.25472958861948175
  0.26494648122332387  0.27451836657476170  0.28327909666364987  0.29172975015482949
  0.29968666461645915  0.30735908727755651  0.31477099782920415  0.32178862925371643
  0.32864749074769400  0.33528766685561762  0.34180881744036457  0.34824982221717349
  0.35456665202630233  0.36068140905736862  0.36661426384409918  0.37244511460795993
  0.37821967013447572  0.38393270679144825  0.38956652987414614  0.39507189359602507
  0.40045063376573881  0.40577351175779536  0.41108138454683152  0.41642286838231390
  0.42177586796788546  0.42708884665929941  0.43227112741803647  0.43735440048019991
  0.44239074363492026  0.44742614887130860  0.45243883666100554  0.45738152164012280
  0.46228312376756936  0.46720392715368575  0.47216237465447286  0.47715029955175586
  0.48213260419066273  0.48709837036063186  0.49204821849835784  0.49701920894183216
  0.50197287593007156  0.50684212438452914  0.51163560446156930  0.51643201494920965
  0.52127801909204075  0.52621466616329737  0.53118465979466667  0.53615260748794236
  0.54115297914803728  0.54620131909064162  0.55126637096962661  0.55631849597917815
  0.56137604926271556  0.56649514343602259  0.57167525108080086  0.57687140734434006
  0.58209740984688929  0.58738727467430640  0.59271645484400970  0.59809982412950591
  0.60353952991734383  0.60909132479653061  0.61475402635094145  0.62046089545466798
  0.62621339747744942  0.63206663429838206  0.63801234837675447  0.64409804873921217
  0.65043946546691278  0.65701933806755386  0.66375603002477668  0.67062878163091133
  0.67767255192058318  0.68482745497289721  0.69225769278785232  0.70001029595047293
  0.70801459652454413  0.71663206900230703  0.72556534935044559  0.73531790373816097
  0.74570660541296974  0.75722769821541980  0.76995354419645845  0.78445966240095988
  0.80167301847259609  0.82429389680528264  0.86251587220712500  1.00000000000000000
   1.2557385886022175E-002  -1.0000000000000000     
 T T T T T T T T T T T T T T T T F F F F F F F F F F F F F F F F
  <DiscreteSampler_grid>
  grouped_processes
  1 # 1 for a reference and 2 for a running grid.
  10 # Attribute 'min_bin_probing_points' of the grid.
  1 # Attribute 'grid_mode' of the grid. 1=='default',2=='initialization'
  0.0000000000000000 # Attribute 'small_contrib_threshold' of the grid.
  0.5000000000000000 # Attribute 'damping_power' of the grid.
 # binID   n_entries weight   weight_sqr   abs_weight
    10   10   1.056282235660254E+009   1.502373254612874E+018   1.056282235660254E+009
    16   10   1.056282235660254E+009   1.502373254612875E+018   1.056282235660254E+009
  </DiscreteSampler_grid>
