 -0.00009940113318111  0.00087074667981813  0.00202407450741416  0.00368013005214323
  0.00589081133878344  0.00855986473178144  0.01162718444404057  0.01525413263667434
  0.01928214976660450  0.02374009077385755  0.02857234431603518  0.03386775322200876
  0.03942384892195347  0.04527024190895132  0.05145759752917874  0.05792092334236511
  0.06457814597825233  0.07144364763562507  0.07850274152236600  0.08599014486637167
  0.09376107699359820  0.10173908527124989  0.10988273817930876  0.11839008083111224
  0.12721312860484210  0.13630748827531008  0.14549383192244458  0.15477095417633016
  0.16408271588307227  0.17369874135525115  0.18349435026190677  0.19334970920609870
  0.20334437879292483  0.21340752354162082  0.22346666560580364  0.23349219726953699
  0.24343495976833052  0.25344274834288166  0.26365809309091887  0.27393374323613406
  0.28423934835447956  0.29453845730984629  0.30473962749233374  0.31535800508626122
  0.32609266010108467  0.33700114233065426  0.34807460317296984  0.35915527461111540
  0.37045821093125503  0.38198507295300427  0.39363290595196221  0.40537566764231436
  0.41716386840764719  0.42870718975526018  0.44013999585082980  0.45162765357274881
  0.46316764034466079  0.47491517165036484  0.48654959509447476  0.49810961871918308
  0.50992188555760376  0.52209252710801279  0.53408465137637107  0.54632326757709715
  0.55865680271448248  0.57111092572854771  0.58357983662251589  0.59604826726908788
  0.60868668041419671  0.62163341214621382  0.63463819474968719  0.64781321851163720
  0.66112213056209723  0.67442268083495893  0.68757291849185720  0.70072548463576356
  0.71406870618855478  0.72786722900803236  0.74190115695705761  0.75589892438751083
  0.76981655090519929  0.78424769108292702  0.79888602545145948  0.81369498427404796
  0.82865484208741047  0.84376010460298934  0.85889021041426850  0.87417799245843453
  0.88926804303824314  0.90420408654200513  0.91960630244081787  0.93541143904319835
  0.95116762844295955  0.96713078543105613  0.98342063024421478  1.00000000000000000
 -0.00200787894056944  0.00945259622583951  0.01901665981174799  0.02953804168826418
  0.03960668378027552  0.04957177146623688  0.05930788135579253  0.07007923551349234
  0.08092473038746509  0.09125809545004732  0.10139104964555198  0.11212194930180878
  0.12321176180015296  0.13393642384081356  0.14466143672656678  0.15590923114077135
  0.16698901976074415  0.17775267549153206  0.18848633625253133  0.19970095784267969
  0.21132273885186353  0.22309830474610493  0.23446366280281172  0.24560313999731170
  0.25689031475997087  0.26815521364913253  0.27896975807207669  0.28953201845531851
  0.30041278238218455  0.31151554132143316  0.32265780081916295  0.33397590849731357
  0.34536984590717384  0.35643871457965154  0.36704130457655010  0.37746580355455556
  0.38802792540289927  0.39843249354593385  0.40836087348294520  0.41818454441109670
  0.42817963800856407  0.43840393865102711  0.44860194519049468  0.45871435058314947
  0.46882063936754592  0.47909120385493587  0.48965224519852274  0.50021863188607429
  0.51066860725869501  0.52098799864913103  0.53122856923006645  0.54135987622244552
  0.55139807885369574  0.56131828730453803  0.57114515265414512  0.58112238664561555
  0.59119910891835137  0.60116688819737552  0.61093831632343787  0.62083382630189476
  0.63095375658543451  0.64143357256189504  0.65220003147419348  0.66311042796627162
  0.67362881541168829  0.68397201702980215  0.69412689673108641  0.70416364390530961
  0.71440243048162089  0.72453612052804883  0.73490160393934811  0.74507143497969042
  0.75533940536791844  0.76532702528389973  0.77533041338538378  0.78590039016281166
  0.79677989147863115  0.80760267643524641  0.81777107765718360  0.82757966107184355
  0.83771423271514156  0.84786457906567925  0.85821070860551196  0.86850176478854990
  0.87876268847392069  0.88910436956933392  0.89967051559906952  0.91082503722089569
  0.92201829536717150  0.93359023270819563  0.94522442239222526  0.95730524131669936
  0.96787218500489502  0.97884092830987890  0.98937945909904645  1.00000000000000000
 -0.00306355947779679  0.02081301175347304  0.03823730213603779  0.05287334133162287
  0.06620207411995367  0.07905483505135828  0.09137289843283014  0.10335666850484587
  0.11484019434892466  0.12602821244034540  0.13690279160644939  0.14789260677457541
  0.15895248796273465  0.16978033663003392  0.18037936390689893  0.19060336328617727
  0.20082213216798844  0.21135118322055535  0.22215920828307203  0.23289916861865709
  0.24335794663999882  0.25367491230116229  0.26377911491852618  0.27340686017118687
  0.28273543011832653  0.29209914761038636  0.30137770753537418  0.31046634192512251
  0.31935015176556747  0.32803358195430810  0.33696003967584420  0.34612829067466772
  0.35530918490208230  0.36453487763400050  0.37380379308747541  0.38322254453838261
  0.39250484945885317  0.40175459582444861  0.41087288219485613  0.42016253453607405
  0.42963347042492250  0.43895160091685870  0.44760090418899751  0.45638470212711874
  0.46552093319084908  0.47505273225920330  0.48388656490142723  0.49250118546619664
  0.50097004418981550  0.50947818545698642  0.51822319182562704  0.52721638533176074
  0.53611776128572253  0.54502816418732225  0.55400059244799882  0.56306839651353846
  0.57238673723321931  0.58171912783903601  0.59097165603057256  0.60019270351725207
  0.60931626351778567  0.61830728887149466  0.62723776644762996  0.63615233093206847
  0.64513740247703666  0.65440144206058448  0.66400860028269371  0.67366874309143565
  0.68314948857976043  0.69253015186711608  0.70176064371015123  0.71093096186423910
  0.71992268208855492  0.72903255566153069  0.73802195183473163  0.74714329124193202
  0.75665411572799357  0.76650040266900732  0.77660214322485277  0.78745456896500299
  0.79872563898618376  0.81050532918929541  0.82157570326136942  0.83263444315076873
  0.84363852186783950  0.85465282509304275  0.86593996852106059  0.87733583417681638
  0.88904624407046062  0.90083307451882477  0.91309946908109363  0.92656760631037083
  0.94086622303230871  0.95585463333977594  0.97459681646802621  1.00000000000000000
 -0.01498058103294614  0.08916089659256218  0.13617902183037461  0.18097228289795841
  0.21350446346678023  0.23444980214392597  0.25173812325850103  0.26716467325571774
  0.28101829317350641  0.29365446938738976  0.30512504808038970  0.31581836045063383
  0.32568082431208967  0.33529312315519710  0.34430894367672343  0.35324978686282110
  0.36260668746417890  0.37191217003274768  0.38086367536393773  0.38941535425890494
  0.39797347828719992  0.40652002202149140  0.41489557623609818  0.42304350794959017
  0.43096580909148546  0.43861055644691976  0.44589126563865206  0.45298974633353872
  0.46001383207708740  0.46649879292053559  0.47313833483774070  0.47981784039135128
  0.48632094406673909  0.49266455044868079  0.49878293115982469  0.50479530033128373
  0.51075961653875734  0.51674939091935213  0.52274991241259483  0.52872432974317540
  0.53451044665105230  0.54014985310349239  0.54590880104871153  0.55173706723093063
  0.55765786943157125  0.56365942921305223  0.56981848386679734  0.57586078762891757
  0.58172739928910278  0.58761616691804797  0.59351519793227481  0.59952991396514277
  0.60563630364202814  0.61155784121469392  0.61744182210861742  0.62323303757612036
  0.62889413044853260  0.63448930596511888  0.64006511471567373  0.64566888447535364
  0.65127491213251765  0.65687266232318586  0.66254301824408812  0.66804084895106797
  0.67329640435794724  0.67845071588578376  0.68355848588210089  0.68874547921162443
  0.69394600203250678  0.69916786984100521  0.70442412726798231  0.70977139287461133
  0.71521437928385723  0.72066361519026834  0.72615904171368806  0.73193734687642842
  0.73808823648402122  0.74428371466096843  0.75037433279606702  0.75656770382500960
  0.76286200393610548  0.76933051274777420  0.77592557890897629  0.78261145397104648
  0.78947494577857147  0.79662205326815394  0.80415995371131332  0.81215819007202672
  0.82080443181641438  0.83028356316221608  0.84110886058943224  0.85343124919921654
  0.86745283892143821  0.88534367905811917  0.91955130969616317  1.00000000000000000
   7.0633367498515258E-004  -1.0000000000000000     
 T T T T F F F F F F F F T T T T F F F F F F F F F F F F F F F F
  <DiscreteSampler_grid>
  grouped_processes
  1 # 1 for a reference and 2 for a running grid.
  10 # Attribute 'min_bin_probing_points' of the grid.
  1 # Attribute 'grid_mode' of the grid. 1=='default',2=='initialization'
  0.0000000000000000 # Attribute 'small_contrib_threshold' of the grid.
  0.5000000000000000 # Attribute 'damping_power' of the grid.
 # binID   n_entries weight   weight_sqr   abs_weight
    10   10   1.632649232735641E+009   2.781215766056855E+018   1.632649232735641E+009
  </DiscreteSampler_grid>
