  0.00000650656771216  0.00001878546965017  0.00003084612911237  0.00004519085608460
  0.00005878422259273  0.00007247605530711  0.00008646660893671  0.00010089442788682
  0.00011580468386270  0.00013105890172711  0.00014661814191461  0.00016250831081948
  0.00017928571028979  0.00019701450257600  0.00021574945210029  0.00023538389343790
  0.00025613177174416  0.00027777540361082  0.00030009518275413  0.00032367533737053
  0.00034841364975165  0.00037446650536508  0.00040209698752843  0.00043034647658474
  0.00045998684856570  0.00049068721316940  0.00052264247271807  0.00055737744147553
  0.00059384970063807  0.00063187098455448  0.00067128999296878  0.00071171040236393
  0.00075357529615974  0.00079691503233645  0.00084241066030607  0.00089069775927881
  0.00094026231695717  0.00099233450323210  0.00104711488867514  0.00110587702988785
  0.00116848081288903  0.00123261235403828  0.00129915273670297  0.00137087275201988
  0.00144749591138249  0.00152813371379621  0.00161339829656608  0.00170157635140229
  0.00179169630490322  0.00188511397658989  0.00198318718222338  0.00208464507033331
  0.00218926236308910  0.00229467550264785  0.00240220777754511  0.00252092985463617
  0.00264817454827159  0.00277933576017365  0.00290847423788902  0.00306303859799192
  0.00321878061967416  0.00338749213919805  0.00356151419914153  0.00374122839285562
  0.00392430704019902  0.00411568926597225  0.00431684152540896  0.00452913058168863
  0.00476762222082150  0.00503842301704320  0.00531445478390613  0.00559998543256268
  0.00588977605765726  0.00619015500442427  0.00650972087031227  0.00684076530147538
  0.00714136235702083  0.00749942193773390  0.00788538975469206  0.00828119705318229
  0.00863733614018433  0.00905870888858462  0.00958842707724003  0.01017071522581323
  0.01070261375258171  0.01149761723612905  0.01245887609627733  0.01339039069827880
  0.01472509471203117  0.01613295295007876  0.01781813203212571  0.01974637150600428
  0.02173384352750253  0.03337432625498397  0.16236135746884148  1.00000000000000000
 -0.00243953419275295  0.00931552204036851  0.01924115942668274  0.02963513089611199
  0.03992651189119368  0.05009096143722779  0.06045706104903731  0.07082530158831299
  0.08109767487074442  0.09130755739427840  0.10129166448138238  0.11176161231552847
  0.12229506633261325  0.13303982463834096  0.14365920178824945  0.15448519633435820
  0.16525722526485040  0.17607729811768072  0.18661841158834006  0.19753752454286089
  0.20845970228835198  0.21920581361395730  0.22983450353869922  0.24032804846625860
  0.25088023896342859  0.26157568846351276  0.27236841728446798  0.28303727474320911
  0.29368061454698036  0.30435077630034141  0.31497851972043500  0.32542103548133872
  0.33581437234514844  0.34616540431033682  0.35662377570899928  0.36713313584323271
  0.37779110476161720  0.38854452185906069  0.39933848033654357  0.41007900259106883
  0.42075457432899771  0.43148118784632356  0.44220473880690225  0.45277241259169770
  0.46323557686047151  0.47350990283109867  0.48381530371843467  0.49387991301919154
  0.50391886178073320  0.51413132500593428  0.52472086819411812  0.53541232793682481
  0.54595069883828173  0.55634963254884395  0.56694659858216756  0.57766319387610687
  0.58803025267867082  0.59825803183097959  0.60859772849920457  0.61914008018922240
  0.62996080499390117  0.64105391893302854  0.65221283224664306  0.66315696720358552
  0.67359799651829799  0.68392803411128933  0.69401826694365387  0.70415342733794450
  0.71423855678742232  0.72446194781487361  0.73477691694621960  0.74532929997613662
  0.75604327286242201  0.76662549200129260  0.77726170634910807  0.78789751707709199
  0.79861369671634752  0.80930535095800271  0.82000050259884660  0.83072331178032677
  0.84119436620627297  0.85166228080485396  0.86199374712093446  0.87273228114504275
  0.88359228904192533  0.89426394185318314  0.90471096821205532  0.91512638587957451
  0.92574594813293365  0.93642584874046675  0.94713795439729243  0.95786944720864831
  0.96858694498779851  0.97920837864992427  0.98963687201872053  1.00000000000000000
 -0.00380992156056463  0.02279024114652947  0.04244300317552768  0.05920612812320077
  0.07436712311209445  0.08848869399190733  0.10189177470086490  0.11466286059803021
  0.12706714362749152  0.13915237857501911  0.15099685177610575  0.16241677463118717
  0.17350878549943294  0.18434635852897016  0.19510963000588372  0.20578241744453588
  0.21633449675535965  0.22674881412394277  0.23708075879388629  0.24725756976809088
  0.25723813054718864  0.26716548904549381  0.27704159804800432  0.28674736495530695
  0.29620553869282751  0.30548675583969803  0.31468881398407278  0.32388086450503850
  0.33307527101530987  0.34229650306818482  0.35148898230470366  0.36055120875411234
  0.36951740094441943  0.37843374802069990  0.38736929256868230  0.39629683025911833
  0.40502177795608835  0.41363312798367985  0.42209276949073143  0.43040484870678186
  0.43873415573476554  0.44707994306947257  0.45543148214005519  0.46375530464090609
  0.47199528686602427  0.48012699016550264  0.48828393905982220  0.49634786646810058
  0.50455225712091523  0.51268313291927736  0.52087387650438544  0.52930571812766236
  0.53782080735655957  0.54643738867803981  0.55492684748610144  0.56325788766013718
  0.57163444366380323  0.58006678657133759  0.58846816580025929  0.59683420409621391
  0.60521662467575821  0.61364192377066595  0.62215916938090121  0.63068650649930103
  0.63912549374680416  0.64755760441465993  0.65604379943654345  0.66463814077942396
  0.67327910624512477  0.68198749933828939  0.69090010743106334  0.69992715631193070
  0.70896842807192451  0.71795945975160913  0.72707279927842194  0.73645186542446062
  0.74603749312987322  0.75552725939295939  0.76478976587847403  0.77435881487986613
  0.78415664524072759  0.79404978834477857  0.80390740885542744  0.81399302457594624
  0.82491664025884737  0.83594306254983441  0.84736351119665487  0.85911049496123482
  0.87117581643820263  0.88357438454949533  0.89645812359205301  0.91010900118575089
  0.92491460867206443  0.94183673331146966  0.96409148506142828  1.00000000000000000
 -0.02011624246419893  0.12186897060217544  0.16010059714268760  0.18364135132312384
  0.20206154361889223  0.21737367988181064  0.23077207992297305  0.24285274972669707
  0.25389965286856386  0.26398711718336904  0.27347373382565271  0.28212740743042131
  0.29059540692342795  0.29847085013780633  0.30621847126969293  0.31371846675594439
  0.32096025001321826  0.32809937082561352  0.33497661389902772  0.34156819203952699
  0.34803667322449255  0.35438765592522659  0.36060977030157476  0.36671311668642970
  0.37282692363068831  0.37885102502318613  0.38478608316406465  0.39062431803829001
  0.39635578221177803  0.40199789604357178  0.40759989956935361  0.41321421080319254
  0.41879862045047617  0.42433435492721516  0.42987007275603151  0.43533294863383831
  0.44078017428509286  0.44621152914367512  0.45158979365539020  0.45693301905081213
  0.46212765158904645  0.46722620188146291  0.47232098718653781  0.47740533266207641
  0.48250139527122865  0.48761314593834343  0.49276860213324308  0.49792604214813752
  0.50305446467434567  0.50811757124876622  0.51316224048367143  0.51821151842893798
  0.52327686098501092  0.52837487348630996  0.53347549814103090  0.53853501841764195
  0.54360652556158784  0.54874874105876104  0.55391193928048932  0.55907686134253676
  0.56425859530163214  0.56954290016963283  0.57487200397326021  0.58023494192866720
  0.58571773587056519  0.59131686245376480  0.59703017136302405  0.60275626156880180
  0.60854092029257656  0.61437824324681600  0.62025353248001946  0.62625620424751038
  0.63237835075789028  0.63861325802349067  0.64492575163992139  0.65130117691019929
  0.65775210732718803  0.66427738193818042  0.67106116555443307  0.67812455642786895
  0.68529020633393878  0.69292837860618361  0.70077138790183291  0.70885803641980161
  0.71753578155918418  0.72646412971210150  0.73605362352695225  0.74588430542290640
  0.75664179419899158  0.76841221402903226  0.78183719469492929  0.79698271175229740
  0.81512939081112379  0.83866492473494691  0.87728472952521885  1.00000000000000000
   2.5433044467880219E-002  -1.0000000000000000     
 T T T T T T T T T T T T T T T T F F F F F F F F F F F F F F F F
  <DiscreteSampler_grid>
  grouped_processes
  1 # 1 for a reference and 2 for a running grid.
  10 # Attribute 'min_bin_probing_points' of the grid.
  1 # Attribute 'grid_mode' of the grid. 1=='default',2=='initialization'
  0.0000000000000000 # Attribute 'small_contrib_threshold' of the grid.
  0.5000000000000000 # Attribute 'damping_power' of the grid.
 # binID   n_entries weight   weight_sqr   abs_weight
    10   10   1.523172591427585E+009   3.170305314267644E+018   1.523172591427585E+009
    16   10   1.523172591427585E+009   3.170305314267644E+018   1.523172591427585E+009
  </DiscreteSampler_grid>
