  0.00000290209316978  0.00001317768019696  0.00002702383150282  0.00004040895759617
  0.00005341421183565  0.00006650225851752  0.00007981344102449  0.00009345834743651
  0.00010761562610200  0.00012220160243946  0.00013682914474452  0.00015161696641022
  0.00016680878124697  0.00018307683490356  0.00020016342322067  0.00021800214483558
  0.00023678652953346  0.00025663949944618  0.00027741367265900  0.00029893971408237
  0.00032156943018249  0.00034509735777885  0.00036967727019691  0.00039583834715074
  0.00042312491315863  0.00045088841681429  0.00047977498010228  0.00051005285776492
  0.00054157392227286  0.00057407348139493  0.00060815099456890  0.00064451406062967
  0.00068295170414770  0.00072277178397087  0.00076488021042860  0.00080837245975604
  0.00085370643352967  0.00090145940991225  0.00095080428288499  0.00100179305564855
  0.00105522190086280  0.00111034386174427  0.00116845584706945  0.00123160510447287
  0.00129658454707978  0.00136394206158390  0.00143329858139297  0.00150680364410189
  0.00158117401754447  0.00166002561304177  0.00174116986307236  0.00182416888912105
  0.00190959119543459  0.00199749978855256  0.00209123730075745  0.00219421183493039
  0.00230248468201532  0.00241449031868745  0.00253347366145396  0.00265792555511630
  0.00278604613014219  0.00291811295430418  0.00305544212106482  0.00318770400914288
  0.00333282184241146  0.00348301666685262  0.00364529099637016  0.00382312934092504
  0.00401229425580605  0.00420845763704246  0.00441323418620361  0.00461966497249185
  0.00484953981213040  0.00510802374336179  0.00538944931075226  0.00568049370923388
  0.00595374238988753  0.00622447120661738  0.00648564838073716  0.00673429546908517
  0.00699553922238574  0.00727221482635386  0.00756548665804454  0.00799067146194909
  0.00851048127742634  0.00927184892431779  0.01024615919480829  0.01125847933776288
  0.01261587616521957  0.01407230077304372  0.01534442029759342  0.01686781666664030
  0.01893071236546814  0.02503582040937388  0.16836326850897682  1.00000000000000000
 -0.00242933817886733  0.00947030481185227  0.01945672356477872  0.02982144228198561
  0.04020386273657317  0.05065792716336579  0.06111451260016473  0.07224301145141347
  0.08355164614075147  0.09471148497217691  0.10587806431838445  0.11691626739328259
  0.12773495441883265  0.13826354788054734  0.14876772777252456  0.15946423869770018
  0.17029620334867415  0.18117026745837669  0.19208759739698589  0.20285942686869043
  0.21351606418044600  0.22402567883907068  0.23439286213250879  0.24471821921198872
  0.25488843454453208  0.26484508106373567  0.27462645611391268  0.28460899782946208
  0.29488439368282543  0.30545814862081555  0.31582481516055888  0.32612288426407521
  0.33645051894525874  0.34700506765901296  0.35747814578733944  0.36790885557552233
  0.37846024891947289  0.38892708969727247  0.39950595349838858  0.40989305424562145
  0.42038301106226544  0.43069006193512899  0.44117982468595990  0.45184520045748644
  0.46263930149080013  0.47323095704111162  0.48394459026543374  0.49452929564155168
  0.50504587768388820  0.51549952849454528  0.52597434411495358  0.53640399714314013
  0.54676478057278932  0.55714484705173772  0.56782889945812154  0.57851857299844955
  0.58931444187360349  0.60002087924798897  0.61068349343433914  0.62143182904559902
  0.63234020056002427  0.64309163054973062  0.65366017370365481  0.66389145647009651
  0.67404522276146661  0.68403891910050219  0.69437133863540845  0.70492548624682994
  0.71557036780309091  0.72599104236193446  0.73646997323755203  0.74686828926810056
  0.75728419384970047  0.76777689135344018  0.77834866045257256  0.78893514958978850
  0.79920446901346431  0.80947816545056051  0.81974629702405766  0.83008391828790573
  0.84048197617490250  0.85082618341299876  0.86123114851431215  0.87167130444027185
  0.88242650760577679  0.89312591212972026  0.90376367201222729  0.91423453160540336
  0.92480994385028514  0.93533754748508791  0.94593810286587687  0.95649029454647927
  0.96741148026098056  0.97841095561556868  0.98934625814163857  1.00000000000000000
 -0.00373008533680097  0.02240161065262186  0.04180349316742041  0.05849609656989781
  0.07368360905507280  0.08781977575018739  0.10115948240433330  0.11381046571457730
  0.12602311494903479  0.13785362299331555  0.14953378178728746  0.16110391363187554
  0.17235903802604299  0.18323689039489918  0.19395553353988762  0.20457362923388189
  0.21502106517875746  0.22529141014685242  0.23541205713256400  0.24539889971207876
  0.25522491848164797  0.26493465610031591  0.27466647885160528  0.28418904704907516
  0.29365296117606682  0.30292140578635829  0.31221987227846343  0.32139734762685240
  0.33053612928230197  0.33946370761600309  0.34832309623646684  0.35710716283898020
  0.36582910535712287  0.37457946700659339  0.38332829341895447  0.39209794487261135
  0.40092632605160300  0.40975280039001843  0.41848548975141742  0.42706276795878056
  0.43549695826085150  0.44386056880630181  0.45221672414220659  0.46059432960446250
  0.46895881139902107  0.47740683419004692  0.48582114452301250  0.49430004210389611
  0.50279325459638891  0.51124057690382751  0.51975753416744852  0.52823963919835981
  0.53671887295271825  0.54512553089952576  0.55350244866010201  0.56194182833166251
  0.57038310869299980  0.57882588367689969  0.58720390637353481  0.59555763191256383
  0.60396309115481184  0.61241408487325621  0.62086236395820016  0.62935138927389567
  0.63791311094832237  0.64657632852116731  0.65540524668114764  0.66428196696224873
  0.67305223898982225  0.68181163207377748  0.69065368210690403  0.69955603187782800
  0.70851987222363211  0.71754049861862146  0.72673519244235840  0.73602945200648795
  0.74539669616597382  0.75475765659899408  0.76421693905448551  0.77363478075474590
  0.78303564916745094  0.79249767741630028  0.80247337061391022  0.81276433717018803
  0.82334820563557565  0.83390278901342640  0.84471850340213905  0.85571078758363250
  0.86739665008004074  0.87989972996798971  0.89328650178108560  0.90736357832942982
  0.92238632846508106  0.93967272608227426  0.96329713752722157  1.00000000000000000
 -0.01996808912512444  0.12152225157415342  0.15994920896530415  0.18332135047771655
  0.20153374525848844  0.21653153722123647  0.22967463717357325  0.24133054198908013
  0.25242509454656620  0.26250037679686644  0.27219402901188933  0.28111551921174327
  0.28961698028175631  0.29769646199317057  0.30545249993846985  0.31316351315679619
  0.32044010492711678  0.32761031803599272  0.33454218635898036  0.34122511874034900
  0.34782395871907895  0.35427136823809885  0.36057889254302100  0.36674466352418472
  0.37284587511079603  0.37886391825257548  0.38482618838285387  0.39073586820484674
  0.39655194964083507  0.40226026170453483  0.40789579699778233  0.41347234394579901
  0.41895771100045986  0.42436460057322051  0.42978583723018338  0.43514890909102483
  0.44050744684757681  0.44586494273885030  0.45120130532056874  0.45653267105939443
  0.46182512366172385  0.46709380471692269  0.47234113115831627  0.47755582469473706
  0.48276346565359213  0.48799645473848396  0.49319906623470139  0.49835032749746977
  0.50343532252146506  0.50846683476791787  0.51355437386281477  0.51866576477076021
  0.52382230840664390  0.52900093716049001  0.53420101610847903  0.53942345841247508
  0.54468793652582648  0.54997240621525723  0.55519235232239650  0.56038741713800355
  0.56565810345274026  0.57104086000838561  0.57646537942342313  0.58198708542033895
  0.58742875188657240  0.59289511571740339  0.59839196079892321  0.60397607234774553
  0.60969286003317669  0.61551173307258877  0.62136006999199678  0.62725288796736989
  0.63325242896755751  0.63930533802449041  0.64544987483176230  0.65199277642152065
  0.65865704008307924  0.66544698807144698  0.67239519375853984  0.67951268990517910
  0.68685569756277076  0.69450331564648404  0.70243198862183598  0.71058264539622784
  0.71918523493902420  0.72783862404724331  0.73728060019007924  0.74720578772096580
  0.75814232830220840  0.76998539074466121  0.78331299317400116  0.79849126315598329
  0.81653244572655004  0.83965389158879411  0.87827730167695672  1.00000000000000000
   2.5112815604910126E-002  -1.0000000000000000     
 T T T T T T T T T T T T T T T T F F F F F F F F F F F F F F F F
  <DiscreteSampler_grid>
  grouped_processes
  1 # 1 for a reference and 2 for a running grid.
  10 # Attribute 'min_bin_probing_points' of the grid.
  1 # Attribute 'grid_mode' of the grid. 1=='default',2=='initialization'
  0.0000000000000000 # Attribute 'small_contrib_threshold' of the grid.
  0.5000000000000000 # Attribute 'damping_power' of the grid.
 # binID   n_entries weight   weight_sqr   abs_weight
    10   10   3.452207479699084E+009   2.541688971424228E+019   3.452207479699084E+009
    16   10   3.452207479699084E+009   2.541688971424230E+019   3.452207479699084E+009
  </DiscreteSampler_grid>
