 -0.00000035178562994  0.00001171901991790  0.00002615523697151  0.00003876086589001
  0.00005133470231583  0.00006383398931817  0.00007679025739062  0.00009037092786391
  0.00010448115429772  0.00011899815349991  0.00013383409256473  0.00014897354258666
  0.00016463211452094  0.00018109526916783  0.00019832118916663  0.00021668807672195
  0.00023604572189105  0.00025621849877324  0.00027740495810378  0.00029967476661830
  0.00032304978460346  0.00034767232569656  0.00037360572646758  0.00040066589286535
  0.00042888167710203  0.00045826502299647  0.00048960476798445  0.00052169315600088
  0.00055713620572798  0.00059351662312905  0.00063110676941922  0.00066999253964576
  0.00071043639248457  0.00075256758518272  0.00079623792738918  0.00084099217188908
  0.00088737900187326  0.00093699565634211  0.00098809211529665  0.00104122439376061
  0.00110084922130040  0.00116314682225492  0.00122727482963287  0.00129415249454965
  0.00136335898793033  0.00143382978818469  0.00150739908880908  0.00158322983483465
  0.00166562982692528  0.00175388625032636  0.00184613756573985  0.00194062342034120
  0.00204234541580283  0.00214759272128145  0.00225224755926821  0.00235939527317207
  0.00247525940438553  0.00259916325996227  0.00273628576809871  0.00287056360274647
  0.00302037120511845  0.00317729117681240  0.00333943976701131  0.00351022219375132
  0.00368289025811209  0.00385526206254985  0.00404401002729379  0.00425742643344781
  0.00447084654324323  0.00468217487804681  0.00488615437455082  0.00508315897926817
  0.00527550600838513  0.00549612483086030  0.00571840321253628  0.00595340794407865
  0.00621023170944944  0.00649766745781605  0.00685223852606067  0.00725779298001096
  0.00765767557514908  0.00806767781221315  0.00855081181826506  0.00914127838641366
  0.00987323328573157  0.01120700432938168  0.01290706842038548  0.01456156530494393
  0.01619710238998285  0.01842843418123118  0.02040872114717709  0.02287421139229580
  0.02695620339320199  0.03023960638108445  0.17355286237044526  1.00000000000000000
 -0.00236816903733080  0.00939843400168225  0.01952227710885327  0.03013477466275910
  0.04065764421017156  0.05137202731226152  0.06175501427140335  0.07219933528861620
  0.08241152377951083  0.09281021684623580  0.10317614388092133  0.11384384724176108
  0.12453474069078747  0.13512708938404500  0.14554459175622136  0.15604945906538642
  0.16652798309958342  0.17700066057027758  0.18722542018975155  0.19734875301954055
  0.20758575728600948  0.21785020835200924  0.22811887334032296  0.23820759700723135
  0.24831897764912728  0.25853425808871577  0.26896186034387037  0.27963993830307854
  0.29035871115886297  0.30093864850567686  0.31129533889899252  0.32160031330822980
  0.33187922819426713  0.34228054809490388  0.35283111347732188  0.36353013383179522
  0.37437145679915945  0.38521368955973789  0.39614517962857809  0.40701335415000972
  0.41783701711939658  0.42852009617288489  0.43925654542898790  0.44997348355500411
  0.46052876363386580  0.47091702614516046  0.48145867843067280  0.49188209768379765
  0.50222194244355722  0.51248315908701980  0.52294816064170146  0.53365397178811158
  0.54422842861620491  0.55472667700731171  0.56508213344862901  0.57544385968400724
  0.58586527270807054  0.59650232057364216  0.60720202556006597  0.61797764579053227
  0.62866665608535377  0.63921325747327018  0.64987095409975149  0.66044773381004684
  0.67109999141916976  0.68158018464647641  0.69202096987399053  0.70269078121022077
  0.71351023070561770  0.72440973225921068  0.73520769129123664  0.74620623510314510
  0.75741363557594155  0.76850809867371517  0.77925607722421530  0.78980457482201927
  0.80045371274459265  0.81104126452051450  0.82155365020451854  0.83194167456513546
  0.84211985766534792  0.85229828713894629  0.86243172153229630  0.87265481064234518
  0.88293234715993640  0.89343215179374935  0.90415138612841739  0.91500176002451261
  0.92563087346464812  0.93626074747918986  0.94677554161604116  0.95748072832359088
  0.96812425892401577  0.97875965563021183  0.98926993218230730  1.00000000000000000
 -0.00375216978136632  0.02290558939717444  0.04254449385550194  0.05913563404110922
  0.07392831226995769  0.08767801309164243  0.10071790785256605  0.11333126496733031
  0.12556272228172780  0.13746261843088525  0.14909529739913299  0.16050488873648897
  0.17159725732621439  0.18231797518527118  0.19282907636458391  0.20329682680018457
  0.21360700581057837  0.22383839688224832  0.23389450023619418  0.24377428986436114
  0.25357543161157409  0.26338987209912201  0.27325628163038296  0.28308085940854794
  0.29284070806525725  0.30243115823630407  0.31195919972862957  0.32126073863514626
  0.33043757816257086  0.33944795824628149  0.34828188798375698  0.35708255632983837
  0.36585263913101440  0.37457551897310931  0.38324409609182492  0.39191210567780832
  0.40071710220467521  0.40965877737718259  0.41859417147227207  0.42741644297944376
  0.43607622074292046  0.44459785423328541  0.45299249462905100  0.46125505449129744
  0.46951149128390202  0.47777792457661905  0.48624171323516996  0.49463406707288088
  0.50297682705498792  0.51117415436211810  0.51941886792989611  0.52746776096703341
  0.53542418872953068  0.54346523649211964  0.55160152780665705  0.55983824098325607
  0.56814949878514998  0.57656054822923952  0.58508643664168880  0.59380969164805353
  0.60263704729830647  0.61140312960088983  0.62006447864655234  0.62857363804000543
  0.63691802237005624  0.64522458927054616  0.65365400705926302  0.66225500371285195
  0.67095369989727605  0.67987589733301379  0.68871352649797202  0.69759474293019264
  0.70632234210403133  0.71537689919195857  0.72469988171915256  0.73408607316206753
  0.74337692181285830  0.75253688143233843  0.76173810647968354  0.77101221516539742
  0.78046942335511793  0.79026557750951598  0.80037776501424285  0.81088060830675424
  0.82152117603653196  0.83239149352273001  0.84370883228289162  0.85554407140040301
  0.86795418125712875  0.88069139773516714  0.89362832462716346  0.90704586918560270
  0.92175207965376815  0.93953171911690891  0.96405301452449654  1.00000000000000000
 -0.02015025037431021  0.12125872898537211  0.16050685604099688  0.18382209415672279
  0.20186704830586871  0.21692021207523005  0.23011941719874629  0.24208483079566065
  0.25308384669121459  0.26315922548347165  0.27275493307917487  0.28169653958209795
  0.29046431866725614  0.29842746613294902  0.30613423900449271  0.31359407792296740
  0.32076320443435169  0.32785646206037705  0.33480719088747940  0.34157158554119876
  0.34818557641201486  0.35461582927975022  0.36089111908278787  0.36708992393434253
  0.37322853629585090  0.37923334491334532  0.38511359885904062  0.39093244305662722
  0.39670525120912592  0.40243731231294494  0.40816040931030617  0.41385414621049083
  0.41949017264556060  0.42504253914284817  0.43055282805972783  0.43593564845244787
  0.44122253403196016  0.44648637599301616  0.45174904056024773  0.45704329901845814
  0.46229361988961376  0.46751227265225143  0.47273454653324337  0.47793047427832736
  0.48308043163032310  0.48817354950392955  0.49327051688652357  0.49835841717446522
  0.50349269279590991  0.50857753674797979  0.51365812154715207  0.51874438030691561
  0.52383187911493923  0.52893860340087873  0.53402405129418984  0.53908892886550008
  0.54419925941529956  0.54936258288702011  0.55456727497759639  0.55979588308931927
  0.56507314445854639  0.57037663481932677  0.57567943864570892  0.58104826151133959
  0.58653203920749575  0.59209567793787310  0.59771578521997526  0.60339329741469883
  0.60910217035959657  0.61482422948025550  0.62056624276214223  0.62643602628004857
  0.63255043934770705  0.63872300705351204  0.64497780815121919  0.65133374018326962
  0.65786177254488776  0.66447436971394291  0.67133122241536625  0.67839712581107714
  0.68562032917389926  0.69329647697813823  0.70122499365698943  0.70940676862118490
  0.71805989796809244  0.72700604108950351  0.73668181411280131  0.74682892446773874
  0.75793363143081871  0.76984373413641660  0.78306095028927991  0.79804104676264365
  0.81620282572834135  0.83977218712067292  0.87845483803202862  1.00000000000000000
   2.5235122610177373E-002  -1.0000000000000000     
 T T T T T T T T T T T T T T T T F F F F F F F F F F F F F F F F
  <DiscreteSampler_grid>
  grouped_processes
  1 # 1 for a reference and 2 for a running grid.
  10 # Attribute 'min_bin_probing_points' of the grid.
  1 # Attribute 'grid_mode' of the grid. 1=='default',2=='initialization'
  0.0000000000000000 # Attribute 'small_contrib_threshold' of the grid.
  0.5000000000000000 # Attribute 'damping_power' of the grid.
 # binID   n_entries weight   weight_sqr   abs_weight
    10   10   2.948012078101823E+009   1.358138519499185E+019   2.948012078101823E+009
    16   10   2.948012078101823E+009   1.358138519499185E+019   2.948012078101823E+009
  </DiscreteSampler_grid>
