  0.00000282573874680  0.00000957230424528  0.00001511490682524  0.00002011854745521
  0.00002476589649724  0.00002932478553926  0.00003399539073797  0.00003869809060389
  0.00004347685740206  0.00004830507667454  0.00005316341561295  0.00005805690066703
  0.00006298693321766  0.00006792064219527  0.00007289985913146  0.00007795341300371
  0.00008312583977369  0.00008841368374659  0.00009382953615804  0.00009939782219650
  0.00010511156899412  0.00011091511290179  0.00011680368006827  0.00012288929804467
  0.00012903040608006  0.00013530675210354  0.00014170035119180  0.00014820728067994
  0.00015485677558189  0.00016160184367067  0.00016841025364477  0.00017537545485969
  0.00018252178947193  0.00018979895238726  0.00019706967619418  0.00020480814656047
  0.00021245992018028  0.00022054106535030  0.00022891567133891  0.00023753045610753
  0.00024655537201092  0.00025576934507141  0.00026543231477973  0.00027553672539304
  0.00028602867783387  0.00029692807697781  0.00030832453189578  0.00032005995628600
  0.00033256856963370  0.00034567502878025  0.00035935737745514  0.00037394795344002
  0.00038907778782350  0.00040497060151073  0.00042167217214272  0.00043879690019223
  0.00045697596359070  0.00047598014481897  0.00049645569624150  0.00051812623962755
  0.00054070448337995  0.00056454035063516  0.00058970394777956  0.00061718471961019
  0.00064588977091968  0.00067644629582352  0.00070887688366220  0.00074402634566104
  0.00078183839361841  0.00082235870934342  0.00086524245741104  0.00091073655509073
  0.00096059652217422  0.00101477496402977  0.00107474511512878  0.00113952120119791
  0.00121136558686892  0.00129255965322723  0.00138462810462445  0.00149132702027995
  0.00160884641372020  0.00174102724624082  0.00189367014586022  0.00206953648106658
  0.00227378359448323  0.00251764041058690  0.00280465222081553  0.00314186733244954
  0.00355139854142504  0.00408081847886968  0.00475509243426431  0.00570295746947024
  0.00741186969724154  0.00995443786854550  0.46641285613776240  1.00000000000000000
 -0.00253312059435925  0.00970114069522547  0.01997455920083404  0.03080425044648775
  0.04150380544871047  0.05238930726012605  0.06333337378285783  0.07430908048999832
  0.08527079117337739  0.09632711105472881  0.10736710726670727  0.11832270781915553
  0.12909752845130079  0.13985927363142509  0.15052861213800922  0.16125125346984220
  0.17176425927268141  0.18230161068055131  0.19262558733951934  0.20289135451503476
  0.21317701712955217  0.22360919147724326  0.23411837021891682  0.24469829460855708
  0.25534088918204995  0.26611496367515558  0.27658769430908831  0.28705954636213338
  0.29736317709813109  0.30764554268383187  0.31773508687304125  0.32793841012515590
  0.33819576529779372  0.34872797531172700  0.35925430629076188  0.36972317757576784
  0.38010790674623468  0.39086228149231145  0.40172653636410455  0.41257164959646708
  0.42336234417893220  0.43412703483497611  0.44486896771537005  0.45555558545533287
  0.46614632232469638  0.47674075249873837  0.48719285396692891  0.49770975544988050
  0.50834311964379586  0.51877515587147371  0.52919018783009675  0.53941713348300191
  0.54969476948586726  0.55980892561743967  0.56989319054964427  0.58002398518561993
  0.59027760079168134  0.60057985327089614  0.61112637463833408  0.62179514241213563
  0.63235323610842797  0.64277536587334538  0.65319497081906019  0.66387537794893514
  0.67448182079941177  0.68516992324758830  0.69587545038532050  0.70650193350627444
  0.71721269396451504  0.72780064147936285  0.73843036456891609  0.74888897645793640
  0.75953105041662439  0.77008686925494696  0.78093054637458992  0.79156764161699611
  0.80230052607348745  0.81290089481962946  0.82310652557433017  0.83319778781208331
  0.84315107479894069  0.85330663541977025  0.86409024992190109  0.87492294104770674
  0.88592502129201056  0.89660734194180747  0.90731414393097920  0.91782196251473946
  0.92814950679117947  0.93848177945476807  0.94891791268361281  0.95941218185414601
  0.96978943487051672  0.98004026748211226  0.99008264766355092  1.00000000000000000
 -0.00395099070633135  0.02500425637233047  0.04602363483148805  0.06335592445005485
  0.07876488372311428  0.09277973143200205  0.10604230585054791  0.11886419153354746
  0.13114846765827373  0.14294711304451588  0.15440320284702716  0.16553845797439429
  0.17644241731510132  0.18707185972372506  0.19747969120676795  0.20756199271048295
  0.21750292494782594  0.22723012918145391  0.23679546460103010  0.24622882360167211
  0.25555751430195861  0.26478487035254822  0.27375161150685434  0.28253590288665142
  0.29134499600155678  0.30018376665717322  0.30904491358180330  0.31767382722480619
  0.32617753253646431  0.33458678801625080  0.34301311719444283  0.35141161950603950
  0.35956456217329374  0.36761109094265682  0.37561653852278781  0.38350971860368965
  0.39131050935705952  0.39898821464884388  0.40654059504691259  0.41412854884234901
  0.42196715276695373  0.42999664256766257  0.43807298469002215  0.44614930182326934
  0.45419260846204301  0.46227489421476259  0.47031848190939196  0.47832514271177051
  0.48605405094151138  0.49377301161760129  0.50151212732864026  0.50922583082547701
  0.51695057853723902  0.52460037438642271  0.53224600192215288  0.53996875260545507
  0.54793757123718645  0.55595313865046780  0.56395167051462314  0.57218023210861213
  0.58051250854340963  0.58883311227120794  0.59712554234298343  0.60524442730414674
  0.61322373988358947  0.62120633821636340  0.62918699511725806  0.63720136438826858
  0.64535997224883557  0.65371594240066155  0.66216941723153744  0.67056290019626241
  0.67893232579612095  0.68736411881339388  0.69614891143773827  0.70510221953611152
  0.71417647458616396  0.72322173450102811  0.73251162788220703  0.74212054597873489
  0.75184315739760743  0.76179001319856965  0.77195380148302184  0.78249253534792240
  0.79330799681534792  0.80454486553177462  0.81625730369234495  0.82844402079539858
  0.84135272541662887  0.85505471367964747  0.86993849784864086  0.88617653786963568
  0.90398730695892426  0.92427373656583722  0.95166747740170277  1.00000000000000000
 -0.01877239424894463  0.10920450659449284  0.14513671299879616  0.16734157641841377
  0.18478785344332757  0.19961758719480094  0.21282643439275800  0.22499973182260216
  0.23614413593004768  0.24665289654886488  0.25640593508724918  0.26575613686780075
  0.27443528199258360  0.28270702837458006  0.29076430246464835  0.29863272883926967
  0.30633976722928991  0.31390714886583088  0.32122705339724378  0.32842888471328729
  0.33548955001519770  0.34245539293329136  0.34932205053409593  0.35608757221394921
  0.36268881234886108  0.36924812556332304  0.37564572659110063  0.38189708882415058
  0.38808752880438607  0.39421393650352338  0.40026235553232847  0.40627651060361680
  0.41231328342992574  0.41828447285647763  0.42417809767975301  0.42999133848313381
  0.43580441763029376  0.44152985348448887  0.44718478260286093  0.45284809504692625
  0.45848508785479658  0.46415253074269130  0.46987505357150666  0.47561797624228908
  0.48133759863670111  0.48697315620735510  0.49251034084434731  0.49799698767932749
  0.50347235471153773  0.50905528211654871  0.51466219160833837  0.52027307812703039
  0.52583979113066370  0.53138824708799293  0.53695160383180618  0.54256297246382335
  0.54821782379201534  0.55385738715364508  0.55948581088548999  0.56515753968950655
  0.57083767004634467  0.57652849289368846  0.58223700388478206  0.58804746657378393
  0.59399649822080403  0.60010737853712337  0.60624565710657208  0.61240690244701490
  0.61855669610746356  0.62473879343389249  0.63100767038309258  0.63735662527724390
  0.64376163775756867  0.65027283793370816  0.65696438952358738  0.66377299518902422
  0.67084632196474703  0.67809829219277540  0.68546660430809625  0.69311289769585904
  0.70093064867035659  0.70889289868442429  0.71700971012992831  0.72536150708215141
  0.73416778470275901  0.74355871603994539  0.75341695082428839  0.76385304306032453
  0.77494549934104040  0.78697680010363447  0.80027060266112471  0.81516815971340761
  0.83241616077840619  0.85450939832051576  0.89056826739525496  1.00000000000000000
   2.4933647060863410E-003  -1.0000000000000000     
 F T T F T T T T T T T T F T T F F F F F F F F F F F F F F F F F
  <DiscreteSampler_grid>
  grouped_processes
  1 # 1 for a reference and 2 for a running grid.
  10 # Attribute 'min_bin_probing_points' of the grid.
  1 # Attribute 'grid_mode' of the grid. 1=='default',2=='initialization'
  0.0000000000000000 # Attribute 'small_contrib_threshold' of the grid.
  0.5000000000000000 # Attribute 'damping_power' of the grid.
 # binID   n_entries weight   weight_sqr   abs_weight
    10   10   1.937054194550454E+008   7.903799473652304E+016   1.937054194550454E+008
    16   10   1.971305954830475E+008   8.359999804883670E+016   1.971305954830475E+008
  </DiscreteSampler_grid>
