 -0.00000016013090503  0.00001426000516190  0.00002659305910090  0.00003969353867156
  0.00005276411754641  0.00006581754067187  0.00007914527516866  0.00009291276855097
  0.00010710647567678  0.00012164577005801  0.00013647175704742  0.00015170083399249
  0.00016758585331652  0.00018419115140129  0.00020146822737070  0.00021985894197452
  0.00023923994745014  0.00025969251636434  0.00028152156960236  0.00030432390594718
  0.00032818212796025  0.00035318124583024  0.00037898052498074  0.00040568363538268
  0.00043336738702989  0.00046228886746553  0.00049323147613226  0.00052609427855617
  0.00055997779617349  0.00059550626506807  0.00063283440030018  0.00067137202291785
  0.00071191236014924  0.00075409198255076  0.00079850525396841  0.00084515999050791
  0.00089324474843974  0.00094376608275261  0.00099687211211444  0.00105259357289187
  0.00111076125163845  0.00117030952600704  0.00123107265971042  0.00129421465501522
  0.00136092300533664  0.00143237377549681  0.00150708175441821  0.00158638041749829
  0.00166996955965351  0.00175469559963107  0.00184218067566822  0.00193077244789968
  0.00202518251085455  0.00213087157608748  0.00223932218652105  0.00235120233285756
  0.00246708291305580  0.00258376386108103  0.00271207253020277  0.00284554150551716
  0.00298852256955314  0.00313764163270755  0.00329238197218343  0.00345501163116834
  0.00362623149904116  0.00379986188279736  0.00397144615710970  0.00416045379237055
  0.00437653415990429  0.00461454584630452  0.00487037094458470  0.00511821180641482
  0.00536962814215530  0.00564940443482010  0.00593600103928499  0.00627461248416012
  0.00667560606014041  0.00713871137242765  0.00763880757956904  0.00807711021599789
  0.00861174365846726  0.00918820100987916  0.00981883895578049  0.01050950251499104
  0.01125023046720850  0.01204648478739467  0.01326412006114030  0.01429554593313309
  0.01513305769200966  0.01632447994495000  0.01796146584573436  0.02009801490318089
  0.02329680852607846  0.02734188596432375  0.36363828195526399  1.00000000000000000
 -0.00240399137456915  0.00954981871730087  0.01950850575508601  0.03007371485710521
  0.04057173281858184  0.05098412747245827  0.06142200932695594  0.07180199679307711
  0.08236143426832918  0.09275817250146162  0.10325779248773811  0.11353164279351392
  0.12388010170320728  0.13424781654360096  0.14486439523626149  0.15524857364495179
  0.16577934717217088  0.17641024050184601  0.18714170500473609  0.19794855726893293
  0.20896440232792557  0.21989882985271852  0.23075950331695561  0.24124222049284497
  0.25170090961945973  0.26202542753231911  0.27255148686687664  0.28301688429721095
  0.29348558712195616  0.30426094433379908  0.31491941054280054  0.32546511961518881
  0.33618111206087609  0.34741135754720104  0.35854147511878776  0.36932369517821539
  0.38007982332407830  0.39077942390791437  0.40126022475217427  0.41154510244095743
  0.42207868529768527  0.43260823562543183  0.44301351156299668  0.45337297550228900
  0.46390409208377670  0.47461644543685999  0.48536300149429612  0.49604224170602296
  0.50694177052303702  0.51794509350594164  0.52918280140856300  0.54049653639649775
  0.55151416936095543  0.56243011436913815  0.57282021068976574  0.58299471082482379
  0.59305989394879943  0.60323191629546857  0.61336397496918094  0.62368111699755069
  0.63425146208188465  0.64506924777286612  0.65575757921427125  0.66647358063012851
  0.67705334574872611  0.68750924482807207  0.69768013592558387  0.70775805133651848
  0.71789759374941475  0.72834103709430875  0.73890001733913635  0.74951016624094868
  0.76011125152327519  0.77072086779072280  0.78107476410184951  0.79150150921470663
  0.80186586294881623  0.81219074941216707  0.82234449799999243  0.83258076088647737
  0.84307168462014137  0.85353822280196945  0.86404929173577794  0.87458731603467377
  0.88504900669825148  0.89556620545050858  0.90623855569614331  0.91685975779863227
  0.92714539300081200  0.93722070513523004  0.94748407991546046  0.95797193096556699
  0.96847735443521643  0.97892094796366058  0.98943991815069332  1.00000000000000000
 -0.00370393404365204  0.02254766229227356  0.04178998016668769  0.05818144574836651
  0.07321782454463346  0.08752431799135155  0.10115899227713522  0.11385962285344291
  0.12600079117675014  0.13778931629231120  0.14937594705763815  0.16056743694031300
  0.17163147368947637  0.18248571458807722  0.19299068340890049  0.20314903849003474
  0.21319267864132940  0.22315592602404291  0.23311296025846567  0.24290668693408235
  0.25274492570817142  0.26253055386155610  0.27212916581220836  0.28165759088324577
  0.29109629494246686  0.30052822341886204  0.30989482185092687  0.31905312807584629
  0.32800762247027460  0.33684747966337508  0.34569017536202651  0.35459210609316533
  0.36343366379380032  0.37222433427927093  0.38105580512625231  0.38993853271365642
  0.39865548701093440  0.40720036905617790  0.41572203514990747  0.42425896001039798
  0.43281512054534221  0.44131202462390295  0.44971848822382898  0.45812794885510644
  0.46660137515212174  0.47509213296251041  0.48348534419146411  0.49178526704387276
  0.50005706905309644  0.50847377064192179  0.51690680233647202  0.52535399460144649
  0.53373530581918927  0.54212796097550842  0.55076458399140638  0.55938661294528891
  0.56797676981951462  0.57650428253423902  0.58504511227731959  0.59356913050008775
  0.60219519948447320  0.61072239856058630  0.61906871656103546  0.62733945011793502
  0.63559106607190918  0.64399016414093002  0.65260202723892047  0.66136354000717956
  0.67029453697130159  0.67938382896054894  0.68854556624419783  0.69770765267444579
  0.70681680663591484  0.71596994523504964  0.72527352616391094  0.73459211829623716
  0.74394536436927050  0.75327646960438477  0.76267764386729409  0.77242373244542428
  0.78242702187001245  0.79241762812651539  0.80257127997616029  0.81276760438580231
  0.82339989971699157  0.83427445751719576  0.84546916134186767  0.85687598549678590
  0.86878046266022568  0.88137391089194039  0.89469150189519808  0.90903364441238732
  0.92482812535587977  0.94317202693988977  0.96659605099086343  1.00000000000000000
 -0.02024191383112885  0.12112016549593208  0.16010639372414681  0.18360316401872045
  0.20157154476952366  0.21653738926139360  0.22978670637857243  0.24187443179290663
  0.25301490344474969  0.26321529508775587  0.27278264873809382  0.28145522930611155
  0.28981994317717391  0.29776173781464538  0.30563752708217251  0.31331114934504734
  0.32080834775299438  0.32807361776049754  0.33514363141258197  0.34188529183096844
  0.34843838199984373  0.35489896629403189  0.36107264317720905  0.36725960046024647
  0.37334481277316206  0.37928953389338049  0.38521713403507307  0.39110434296180729
  0.39690876833978500  0.40258873737741246  0.40820213856564164  0.41377834950590692
  0.41929630698583820  0.42473384888867444  0.43007667346203171  0.43538437497275823
  0.44060497654210096  0.44580038279575412  0.45102799169215713  0.45628287010440416
  0.46154921309286595  0.46679758751015432  0.47200958333288989  0.47717794266647595
  0.48231036306386244  0.48741772638947339  0.49251826012265260  0.49764394014265095
  0.50275064226301935  0.50786875632562545  0.51300609190005475  0.51812408628994333
  0.52323103753510936  0.52826476563220692  0.53333424708476729  0.53844140880902880
  0.54359475567007243  0.54880718849982790  0.55402368367626764  0.55921324424981911
  0.56447294198329223  0.56982992455140791  0.57527865965034497  0.58073044818451602
  0.58632545739015784  0.59197567753892755  0.59757788870076800  0.60321328685006270
  0.60897782394016953  0.61486746625892463  0.62082393575251271  0.62681121150806396
  0.63287326546331346  0.63907460764559287  0.64542750024694906  0.65189873288612754
  0.65846867865310432  0.66513804100725682  0.67204239236051944  0.67914356400231901
  0.68630900532497163  0.69385285580546974  0.70164098651423401  0.70972489924132476
  0.71819904530905410  0.72691197938590701  0.73631847545776075  0.74619389165282202
  0.75686194556231834  0.76868877577922701  0.78201999200839289  0.79732283739717280
  0.81567755418780508  0.83938509062683719  0.87822965886328996  1.00000000000000000
   2.5195793327728987E-002  -1.0000000000000000     
 T T T T T T T T T T T T T T T T F F F F F F F F F F F F F F F F
  <DiscreteSampler_grid>
  grouped_processes
  1 # 1 for a reference and 2 for a running grid.
  10 # Attribute 'min_bin_probing_points' of the grid.
  1 # Attribute 'grid_mode' of the grid. 1=='default',2=='initialization'
  0.0000000000000000 # Attribute 'small_contrib_threshold' of the grid.
  0.5000000000000000 # Attribute 'damping_power' of the grid.
 # binID   n_entries weight   weight_sqr   abs_weight
    10   10   1.376836710029814E+009   2.476403354642409E+018   1.376836710029814E+009
    16   10   1.376836710029814E+009   2.476403354642409E+018   1.376836710029814E+009
  </DiscreteSampler_grid>
