 -0.00000064586689203  0.00001342828194595  0.00002884069967598  0.00004265888666373
  0.00005636412144622  0.00007023740338424  0.00008461742259324  0.00009973774191922
  0.00011567603239290  0.00013234809643417  0.00014958888062306  0.00016762846595276
  0.00018688962309015  0.00020717574489635  0.00022872989819849  0.00025122552569845
  0.00027479092880478  0.00029970858477287  0.00032578092046321  0.00035297453489579
  0.00038159957622761  0.00041100203523202  0.00044200024728521  0.00047485296004532
  0.00050943923682817  0.00054562804407428  0.00058334487493170  0.00062272995767184
  0.00066340916449809  0.00070561266181340  0.00074918860633259  0.00079527086530114
  0.00084298042281275  0.00089174538101409  0.00094123459328126  0.00099353963934907
  0.00104894133357533  0.00110679218312654  0.00116663547700770  0.00122862895233106
  0.00129338916898678  0.00136149101306436  0.00143325861939227  0.00151020025578062
  0.00159109567775664  0.00167275006885100  0.00175495273921582  0.00183994773787694
  0.00192667276480212  0.00201745961414376  0.00211225792863363  0.00221666124450608
  0.00232398336911248  0.00243316301605277  0.00254092331354405  0.00264924874065925
  0.00276827534218571  0.00289489404801032  0.00302979439331539  0.00317793915001683
  0.00333221079700993  0.00348899781068061  0.00364434449397718  0.00380456124346211
  0.00397576287214557  0.00415041165926733  0.00433289797228597  0.00452676232549167
  0.00473398882963881  0.00495958652263522  0.00519813299065987  0.00544390096275133
  0.00571585529157558  0.00604447155574632  0.00628794356201958  0.00659403608080732
  0.00695305326815424  0.00735167613171952  0.00773476452756955  0.00809036279996865
  0.00844877230982295  0.00887290558500073  0.00935519377220644  0.00980485173108125
  0.01032153245425520  0.01088429622124135  0.01149890670261140  0.01236219686386050
  0.01359831741234268  0.01480204764485736  0.01590015907879141  0.01696926169105566
  0.01879032245049676  0.02626034114669165  0.27867163900876374  1.00000000000000000
 -0.00246575255887627  0.00961575568885669  0.01989602062607819  0.03041974410878371
  0.04100454223295357  0.05147306688274537  0.06199184015779537  0.07250473590740455
  0.08315220552289038  0.09361631183513709  0.10408058069949321  0.11461289676918585
  0.12512573619431391  0.13563829052188428  0.14627803706531536  0.15699516316883136
  0.16771602798593921  0.17842098986282087  0.18917970801496153  0.19994636629932061
  0.21056528100339506  0.22110223144413305  0.23166654294604666  0.24212227805939088
  0.25269815223929770  0.26323522845429331  0.27384088814792051  0.28437889327196902
  0.29504333302592956  0.30583380872979465  0.31668068575476060  0.32760291789498136
  0.33819766560948111  0.34881424105939141  0.35936466151410029  0.36999180518528979
  0.38050301700967665  0.39093461834693727  0.40138613266704704  0.41180561815563038
  0.42224181560312729  0.43277639615787139  0.44331028558237734  0.45359904791158911
  0.46372425142614115  0.47392859021228800  0.48447879574461966  0.49519205467061828
  0.50582836264381303  0.51620409814534973  0.52679572006073061  0.53721459553212492
  0.54755460358103469  0.55780538398005408  0.56819823258086122  0.57873982162853177
  0.58924900852369955  0.59971232227671434  0.61008708032208359  0.62039731736625781
  0.63078806583961378  0.64135117629334715  0.65192968712224231  0.66265203249416571
  0.67329813280344586  0.68386826926927102  0.69448648191676410  0.70520046892415433
  0.71601664378488161  0.72678752630575705  0.73739782256275910  0.74792106831880301
  0.75825603450180568  0.76867894018803706  0.77910461001810738  0.78956911456843260
  0.80007862477459157  0.81073769327619716  0.82148166518784915  0.83214669299654587
  0.84272512657287735  0.85321139490975151  0.86362602258994925  0.87401805296973600
  0.88454862653951893  0.89528091576115276  0.90587615351452899  0.91635409113437105
  0.92651480408418763  0.93678095930802319  0.94728117326272143  0.95779346023515799
  0.96839907074351805  0.97879688254684916  0.98951048694389898  1.00000000000000000
 -0.00457282194414458  0.02562772555591641  0.04666886210118177  0.06419713621035909
  0.08011791218146919  0.09491416246386339  0.10877800830399717  0.12189354083382309
  0.13430252207729307  0.14620195007155984  0.15777285902305901  0.16907131644912080
  0.18014485117402426  0.19102706656021012  0.20175408952414228  0.21229015199846241
  0.22263665462922297  0.23280070533960298  0.24275727361306679  0.25252249724125664
  0.26206420379214784  0.27139207993744680  0.28056281909291486  0.28966295937838743
  0.29877065177467121  0.30785774253950465  0.31689880248598740  0.32592125591107318
  0.33490798566117913  0.34390252271812721  0.35286314351806392  0.36173950906146796
  0.37057029488607296  0.37934504080284959  0.38803275595259523  0.39665995535339255
  0.40517560687071813  0.41366860863451627  0.42210511239760562  0.43046764314862873
  0.43873151744096878  0.44684905898294003  0.45499446584876024  0.46310541081475276
  0.47122553122660327  0.47935357744423479  0.48750972723204861  0.49567931621204986
  0.50384122692290112  0.51203738397596155  0.52015432539324458  0.52832485464524248
  0.53661860029113961  0.54483260224092711  0.55298542645690751  0.56113305913876799
  0.56928700679699529  0.57736112482365198  0.58539781703868632  0.59343445311460674
  0.60155157290858186  0.60981511424069412  0.61816091693353870  0.62651365833182293
  0.63486670477927076  0.64324402483145171  0.65164526305073345  0.66012331787420520
  0.66870413028439057  0.67741175642185059  0.68619716372858663  0.69500019492207199
  0.70385294931144893  0.71274935133401862  0.72170927436425314  0.73062577049261535
  0.73953741325800693  0.74862752341919958  0.75791033947531161  0.76733778249681517
  0.77683318356538156  0.78636295556666502  0.79598870700980173  0.80575265995759371
  0.81587390168897256  0.82654831449819954  0.83775302325625123  0.84940124800865247
  0.86159722020509388  0.87448576281292201  0.88811862621827697  0.90256234139858993
  0.91815710142817653  0.93592977317105608  0.95999838436787610  1.00000000000000000
 -0.02746241004804178  0.13643998674023616  0.17538508797313873  0.19834360778723742
  0.21590729130483188  0.23044528665235625  0.24307699776102906  0.25444918318184162
  0.26480012456460444  0.27457886849364360  0.28353689207443300  0.29222049890984741
  0.30020963457343652  0.30796029736634922  0.31548731831957127  0.32274338065673680
  0.32985254866899677  0.33667061002473370  0.34327149627479558  0.34974821852005344
  0.35608305266596219  0.36222581158569650  0.36827528695080863  0.37424740025091852
  0.38002951883781722  0.38568981936778191  0.39128501842515406  0.39679866033054606
  0.40222840202446469  0.40758527476066070  0.41288211458097601  0.41812039436618570
  0.42330011299586717  0.42840955151586751  0.43349620969701952  0.43854948323989962
  0.44357732949401707  0.44861040445777478  0.45365033093044571  0.45868860508283849
  0.46368964926690215  0.46865454671235801  0.47363132658451179  0.47857962450865127
  0.48347655402007217  0.48831598318050351  0.49307676810719003  0.49789235029366263
  0.50262909446579385  0.50743186301329646  0.51222647051836001  0.51705963421115209
  0.52192893607215973  0.52683994890436092  0.53177360311989441  0.53669073114233878
  0.54160144060666293  0.54654793041988614  0.55155882655313204  0.55659742358229436
  0.56165447258867951  0.56678954448790830  0.57199375144039777  0.57720445349176286
  0.58242730032145873  0.58769781545650635  0.59297783156279205  0.59828606891821057
  0.60364521722334818  0.60906515565841524  0.61459146155043276  0.62021885322427095
  0.62594404603995935  0.63182566160901299  0.63779408724572995  0.64387908682663109
  0.65010545013832088  0.65652622034782493  0.66307916732826899  0.66982686643803502
  0.67687630663542864  0.68404736323313020  0.69168351167010378  0.69960980850387888
  0.70770525163141940  0.71630245057942699  0.72524145370870163  0.73503453546804409
  0.74548938554374500  0.75695217450443875  0.76954810125639850  0.78403871018842108
  0.80146204832275170  0.82409444305553847  0.86271243571380640  1.00000000000000000
   1.2598336694870902E-002  -1.0000000000000000     
 T T T T T T T T T T T T T T T T F F F F F F F F F F F F F F F F
  <DiscreteSampler_grid>
  grouped_processes
  1 # 1 for a reference and 2 for a running grid.
  10 # Attribute 'min_bin_probing_points' of the grid.
  1 # Attribute 'grid_mode' of the grid. 1=='default',2=='initialization'
  0.0000000000000000 # Attribute 'small_contrib_threshold' of the grid.
  0.5000000000000000 # Attribute 'damping_power' of the grid.
 # binID   n_entries weight   weight_sqr   abs_weight
    10   10   1.064211772278514E+009   1.664372268482787E+018   1.064211772278514E+009
    16   10   1.064211772278515E+009   1.664372268482787E+018   1.064211772278515E+009
  </DiscreteSampler_grid>
