 -0.00000088957619874  0.00001522803038275  0.00002991259706509  0.00004445608450485
  0.00005874823483889  0.00007354746506389  0.00008923759701068  0.00010575793410324
  0.00012291526682270  0.00014074141901810  0.00015922530002631  0.00017873657309779
  0.00019938465268470  0.00022125071549760  0.00024436502083026  0.00026896260101211
  0.00029477210901214  0.00032178419734702  0.00034998059255804  0.00037951441562685
  0.00041052182180411  0.00044323321324353  0.00047750504512288  0.00051325126695527
  0.00055111660200478  0.00059082608965138  0.00063224268978800  0.00067562444315515
  0.00072050368855703  0.00076784219577034  0.00081700950410932  0.00086911295614824
  0.00092376516862777  0.00098094765147728  0.00104047311493058  0.00110261757033336
  0.00116736740722357  0.00123351025519120  0.00130178210428039  0.00137356357105586
  0.00144884361603638  0.00152621454059552  0.00160651560648240  0.00169103140800763
  0.00177947943729392  0.00186969414457385  0.00196329655465631  0.00206489956155043
  0.00217522253542518  0.00228982230045378  0.00240915369972463  0.00253453495208209
  0.00266534316936970  0.00280048731718573  0.00293949481252024  0.00308632285736120
  0.00323674068854497  0.00338478658272501  0.00353731907260417  0.00370398383177387
  0.00388980963478413  0.00409330777946727  0.00430898431930567  0.00454070369828982
  0.00478789551688876  0.00501662461490544  0.00526146419574865  0.00550734643323293
  0.00576125640247548  0.00602742486839232  0.00631719239439086  0.00663600957840482
  0.00696474314263558  0.00730391813448947  0.00765480948224178  0.00803272421553638
  0.00848699618255380  0.00904836884930131  0.00970535929683011  0.01043169934426373
  0.01118333072893060  0.01188870689569020  0.01310981162478864  0.01469352445425336
  0.01633859131108931  0.01780536518584049  0.01930778049802756  0.02350246726052573
  0.02823039429762547  0.03071363977170299  0.03241785555808938  0.03521372717034499
  0.17669756826775090  0.31818140936515676  0.46377750148142050  1.00000000000000000
 -0.00245303361500128  0.00950544680974550  0.01944671495093241  0.02962157651864370
  0.03980154146694266  0.05051718192332331  0.06130562944714552  0.07209640742083555
  0.08283328955310965  0.09355051897220718  0.10413919075316139  0.11473048147811672
  0.12531441066559809  0.13598838437852401  0.14663364477652255  0.15730766488174047
  0.16791052160500516  0.17829743106891280  0.18863507179930064  0.19891710040271893
  0.20946020029431192  0.22002671591315329  0.23060922021392466  0.24110329765407187
  0.25166673427229158  0.26233446436654634  0.27308681665442841  0.28375275588418603
  0.29443980183984569  0.30515215460432121  0.31586828239817882  0.32632756806173230
  0.33661049493017181  0.34684159829806704  0.35721875559728089  0.36771933819819086
  0.37822012183210835  0.38870676396670667  0.39919543571020538  0.40965096786842231
  0.42018289704633555  0.43065609685808404  0.44102440251827146  0.45131657407012149
  0.46171778752883558  0.47217205856571320  0.48272409751685358  0.49333655644285695
  0.50399790586598725  0.51466940874399181  0.52530658819828469  0.53594134349894984
  0.54667070415452845  0.55718417368197137  0.56769789057908937  0.57808223811096027
  0.58882318872871708  0.59967458631471771  0.61066956356092794  0.62159893990113402
  0.63238621584877663  0.64309267773668966  0.65363707575111574  0.66416231669567583
  0.67465465827957161  0.68518671468291614  0.69581993424004629  0.70640441621327965
  0.71697314836816817  0.72756161389189389  0.73829044157794554  0.74899434968841139
  0.75941865329893021  0.76967339132156254  0.77991357572989972  0.79028016517606281
  0.80075754582342074  0.81135731139060452  0.82211962652552095  0.83276230298815279
  0.84308668774906592  0.85361443898647005  0.86412057535031939  0.87456083416645936
  0.88479434972501347  0.89508625735123737  0.90555626219516661  0.91588902703057240
  0.92642929457205425  0.93672268394030622  0.94752477245057576  0.95804153624016142
  0.96864128014399653  0.97904150000192791  0.98954382235657645  1.00000000000000000
 -0.00477948335857013  0.02604955970029916  0.04693982333798498  0.06400097640467989
  0.07933211398648615  0.09361660904338262  0.10717329593784983  0.12015365622398155
  0.13264147623909242  0.14467380903259283  0.15629619728473265  0.16763244853531992
  0.17879375668592970  0.18985545290528755  0.20080283512563574  0.21147122426352175
  0.22175184647116053  0.23171687608019234  0.24146674076196992  0.25105883789324906
  0.26051241285154952  0.26989959973703492  0.27926988335312991  0.28855314310543567
  0.29778515733947603  0.30695669037679596  0.31605609519116529  0.32512818522056747
  0.33418425379156236  0.34323185401272255  0.35222130598755141  0.36110931856013423
  0.36993244241693995  0.37866612569508962  0.38730359553454452  0.39591749455699060
  0.40451800198255472  0.41307285475875632  0.42151310950035370  0.42987614416852382
  0.43828111333036124  0.44672527634232806  0.45514603554729166  0.46346275963135208
  0.47165876121638395  0.47982702169941804  0.48807246097183049  0.49641273882390091
  0.50466817034259737  0.51300531953825135  0.52131023770102891  0.52979759284348660
  0.53826138635150533  0.54663922440062107  0.55497093179343071  0.56321095023284473
  0.57139926609841019  0.57964059974153548  0.58796790493128714  0.59633004802486200
  0.60467323277553653  0.61294483108724374  0.62117437643506679  0.62938099748226894
  0.63761708575299991  0.64589392903578202  0.65423379250330560  0.66261515728232701
  0.67108938462025181  0.67966230939049099  0.68824156491656230  0.69688283299939402
  0.70562874565562794  0.71443731379399178  0.72328594081351949  0.73222556197186783
  0.74124481599092429  0.75039390417141738  0.75971164415178194  0.76924467473384872
  0.77902850072330521  0.78898026383690134  0.79908773457891136  0.80931758134270693
  0.81978600041108718  0.83064199368317204  0.84187182779616310  0.85340059991695549
  0.86520028719211528  0.87764150691442777  0.89082219700449117  0.90441371739799348
  0.91896092496347148  0.93647032179836509  0.96148491113440970  1.00000000000000000
 -0.02826506303871603  0.13687037329354779  0.17600336260968880  0.19890456255046537
  0.21641546171036846  0.23096253401499434  0.24329076231455951  0.25447605575024573
  0.26466135199047391  0.27439610540527515  0.28336973038260926  0.29202290143996229
  0.30014143104060020  0.30795898532110927  0.31539685092258168  0.32249191577713066
  0.32935916286862882  0.33606344577378927  0.34257707347497107  0.34894485441443512
  0.35514404044228559  0.36115120716782523  0.36708350178571908  0.37296161899628222
  0.37871525973862358  0.38442776928635708  0.39012352104040027  0.39578346022144989
  0.40136125714898663  0.40684396594369193  0.41223763553176579  0.41754262591636837
  0.42279547473323198  0.42801698043231140  0.43319611340652275  0.43829659245832547
  0.44331131764868964  0.44833190975059511  0.45338935392178320  0.45844282386610724
  0.46346366801124794  0.46844754156521179  0.47341927249837845  0.47836831647667805
  0.48328145710138470  0.48816312902286929  0.49302394118635556  0.49785610669545238
  0.50273276899915997  0.50766512149908571  0.51248032140035216  0.51729415194411854
  0.52209487973693169  0.52693473147003533  0.53176850897308003  0.53662865587688890
  0.54157227137618413  0.54663101258599878  0.55174260880452430  0.55684615941029592
  0.56193460398523754  0.56704544956195535  0.57222308782099518  0.57745593633645398
  0.58273495552101873  0.58809486908284647  0.59351464128293618  0.59895180152997096
  0.60437242563169802  0.60969399531405111  0.61509616297563530  0.62061174160935639
  0.62643987667777934  0.63236294345538235  0.63837918930335935  0.64449101448439439
  0.65067764309698595  0.65701714746713480  0.66347579391181011  0.67017918700929435
  0.67711082819851753  0.68425721522092697  0.69178000003547302  0.69958243177197244
  0.70760610334353358  0.71616637644997272  0.72509184753500666  0.73467815031353989
  0.74499040751067869  0.75629509453529553  0.76893502899333943  0.78336248462977787
  0.80047883416480192  0.82312566386183605  0.86152132525328284  1.00000000000000000
   1.2685368128653299E-002  -1.0000000000000000     
 T T T T T T T T T T T T T T T T F F F F F F F F F F F F F F F F
  <DiscreteSampler_grid>
  grouped_processes
  1 # 1 for a reference and 2 for a running grid.
  10 # Attribute 'min_bin_probing_points' of the grid.
  1 # Attribute 'grid_mode' of the grid. 1=='default',2=='initialization'
  0.0000000000000000 # Attribute 'small_contrib_threshold' of the grid.
  0.5000000000000000 # Attribute 'damping_power' of the grid.
 # binID   n_entries weight   weight_sqr   abs_weight
    10   10   3.413976132644489E+009   4.616138768162241E+019   3.413976132644489E+009
    16   10   3.413976132644490E+009   4.616138768162243E+019   3.413976132644490E+009
  </DiscreteSampler_grid>
