  0.00000127147392457  0.00001141708005138  0.00002487956612184  0.00003801397475881
  0.00005076913502178  0.00006337285845251  0.00007643875722175  0.00009014255155828
  0.00010440834254301  0.00011913171848610  0.00013408695386983  0.00014922259124055
  0.00016473326301558  0.00018111777144853  0.00019832808840014  0.00021634032345587
  0.00023523288679660  0.00025501983233569  0.00027594520083683  0.00029773813002151
  0.00032048569312236  0.00034408474482240  0.00036850942685722  0.00039461096126834
  0.00042198021087548  0.00045163646109421  0.00048249068983832  0.00051472585967716
  0.00054886225170684  0.00058400571699076  0.00062016770840908  0.00065757891337307
  0.00069639056785758  0.00073614839013812  0.00077776764604039  0.00082278921050130
  0.00087057126045789  0.00092094537005089  0.00097384676511677  0.00102979480006530
  0.00108951038240184  0.00115210504863043  0.00121722374533221  0.00128368685817453
  0.00135040083219302  0.00141731500095968  0.00148547143473675  0.00155791811710182
  0.00163696001627525  0.00172332145178788  0.00181463880199266  0.00190592202524654
  0.00199740051320654  0.00209056023800060  0.00218623904025395  0.00228777637032128
  0.00239288456562570  0.00250562869453712  0.00261826074440850  0.00273906024211389
  0.00286994623029682  0.00301268480007497  0.00317135189503251  0.00333850334208771
  0.00350753991599428  0.00367278977859555  0.00383851161328456  0.00401644215826391
  0.00420370353471368  0.00438995547058035  0.00457691052641505  0.00477014176466826
  0.00498625436318228  0.00521397213459340  0.00545084325793699  0.00570635311953540
  0.00602055468367126  0.00639335338856651  0.00678869965273618  0.00722552854678153
  0.00771121303864383  0.00815837457024239  0.00860170691870310  0.00913228504980347
  0.00976477128692795  0.01089100700117978  0.01168742131627614  0.01242461776782306
  0.01311532046082919  0.01390255831985906  0.01496182877018757  0.01737251237892751
  0.02197998871593183  0.02661804097843241  0.28718196630777193  1.00000000000000000
 -0.00273971781861192  0.00993781352939352  0.02072371544890752  0.03120781140571959
  0.04214763158043722  0.05316085194204677  0.06391851218614905  0.07428030483069673
  0.08479017952647071  0.09554486419362626  0.10619392935819930  0.11627109504623867
  0.12629202205580445  0.13651633755216849  0.14679587722511817  0.15726928932165979
  0.16782708845859626  0.17844700650419951  0.18884583929034321  0.19893323906363031
  0.20910283444939889  0.21916772416658858  0.22946694445017721  0.23991691300132267
  0.25029411372454841  0.26073069007254296  0.27129212257807467  0.28221822134642044
  0.29285130744328436  0.30327969969780177  0.31355927135672929  0.32402899852972367
  0.33462341069563639  0.34537366680894233  0.35618934055340845  0.36694016429867277
  0.37756158147608282  0.38834177523153685  0.39917725537486681  0.40993078425856211
  0.42068511339983267  0.43135669257114834  0.44192633973737622  0.45204513165210081
  0.46232606087797840  0.47251459406702573  0.48257017366200505  0.49255771339747162
  0.50281777080508805  0.51337911061066477  0.52387187894660392  0.53439059840509517
  0.54503093015237924  0.55561222005493116  0.56623902943189297  0.57679730404855889
  0.58728979684365168  0.59778511690987834  0.60848714451840191  0.61947014746120732
  0.63019255486107395  0.64082071487693870  0.65129481250187971  0.66189458469123008
  0.67225620671939890  0.68276765428847175  0.69323274745077001  0.70424725834435642
  0.71505523905000778  0.72597866902538954  0.73668051908031740  0.74735049496827588
  0.75783186005227932  0.76835521579520039  0.77906586432737968  0.78962974863647040
  0.80006127719856457  0.81040137992382899  0.82079973152004193  0.83119444697238887
  0.84145940597362168  0.85191102929529983  0.86245360744250588  0.87311572061325593
  0.88371205528867802  0.89436123971295933  0.90509855823863961  0.91557897123862542
  0.92610988678673067  0.93643805686273429  0.94697727962323608  0.95750746501285044
  0.96834314793384146  0.97903732135518540  0.98963236425047996  1.00000000000000000
 -0.00385975028402537  0.02296041941197572  0.04251910302775101  0.05922702495734938
  0.07426568527493121  0.08822990833367163  0.10165081301460555  0.11466736943140088
  0.12718598590728783  0.13917677244081805  0.15081122533939015  0.16205498697627149
  0.17287595380994300  0.18337806122665429  0.19386342575855992  0.20423157560898045
  0.21445081995074619  0.22447279862386893  0.23430521621934819  0.24412293925240680
  0.25384297013200735  0.26346887784117506  0.27308951322000419  0.28244746713619157
  0.29178507715849467  0.30085833577728777  0.30996973269869837  0.31917002320041521
  0.32843822970155417  0.33763559132331966  0.34679347237097879  0.35586852274023328
  0.36486122414356242  0.37377899237880463  0.38261609329692547  0.39138269033920697
  0.40010379641031846  0.40879661298221670  0.41750224428074167  0.42624340493639645
  0.43493781897765837  0.44354102358008518  0.45208413490496824  0.46067212816160125
  0.46918461776177012  0.47761975540457380  0.48587053835908878  0.49410816013341324
  0.50226099305077476  0.51055486275083550  0.51876141709490875  0.52729490032398252
  0.53572543055804844  0.54435375290032706  0.55309879704957554  0.56186090539742739
  0.57063213840750870  0.57941132606078261  0.58818315329198856  0.59699206553932682
  0.60580959363780651  0.61448801247861085  0.62309780148664495  0.63176648689981763
  0.64047994918129991  0.64924362565843097  0.65791569283082285  0.66652876785471804
  0.67512508678969818  0.68370042488553362  0.69238988481572616  0.70124402556366194
  0.71017246480678986  0.71926485436273113  0.72853053525072331  0.73796929550113299
  0.74736696425359517  0.75666682730374202  0.76604312261273222  0.77537919134904210
  0.78483741117255001  0.79447673346018599  0.80454965678379819  0.81484526082468511
  0.82518171541042495  0.83589483411309906  0.84677223346327601  0.85794326713093993
  0.86919372633812986  0.88086257455779171  0.89302997930024153  0.90635108472335613
  0.92166746462690263  0.93961866292423590  0.96315253026187386  1.00000000000000000
 -0.02016848179136669  0.12181736269024476  0.16043157729827565  0.18368890382171413
  0.20179784192576780  0.21710142001639737  0.23050933551359865  0.24228947722344135
  0.25320943552043651  0.26318145693533496  0.27271523423496602  0.28143399198091107
  0.29000592909861483  0.29804610137439547  0.30577791627550599  0.31331701151072272
  0.32048610768976549  0.32750453221833853  0.33433806057612375  0.34101712112404742
  0.34762453285189054  0.35414542672318317  0.36048303862830111  0.36670127242604966
  0.37284319164984725  0.37886218617317591  0.38475677572587907  0.39055822400444523
  0.39631786788788381  0.40207990326003074  0.40784309113830863  0.41356610023553037
  0.41921244671930191  0.42475986437601609  0.43034859880947696  0.43591998833959733
  0.44140413075509538  0.44679506328487550  0.45211672608846043  0.45740271025353152
  0.46258480917668404  0.46771319006632128  0.47284102994151134  0.47791526585455008
  0.48294612765615891  0.48802386390366015  0.49314064207625358  0.49829908446703713
  0.50347903217389234  0.50860165578087868  0.51369638931579364  0.51882324703637661
  0.52399566142650500  0.52919954389705282  0.53444686880523951  0.53972094941588322
  0.54497857317430332  0.55024918962771041  0.55550596272665431  0.56079127499815129
  0.56608267823342029  0.57142020682408767  0.57670891101140631  0.58203637435741784
  0.58742736434563714  0.59290490387429895  0.59844870575631726  0.60406999154727015
  0.60978624168113804  0.61555183602725427  0.62132592161888622  0.62719597503792801
  0.63339168157775028  0.63963726988367020  0.64607735984482895  0.65267076943330693
  0.65931999614665493  0.66604826330560452  0.67297040846424561  0.68004764093025816
  0.68733773267182185  0.69494321017174665  0.70270999034265258  0.71073230828561818
  0.71914500430321271  0.72783627092967407  0.73734598601102408  0.74717888737925586
  0.75800487830694652  0.76976688240835878  0.78314704902654031  0.79836128357892877
  0.81630036490008617  0.83951277008706982  0.87819153861350252  1.00000000000000000
   2.5112665118749121E-002  -1.0000000000000000     
 T T T T T T T T T T T T T T T T F F F F F F F F F F F F F F F F
  <DiscreteSampler_grid>
  grouped_processes
  1 # 1 for a reference and 2 for a running grid.
  10 # Attribute 'min_bin_probing_points' of the grid.
  1 # Attribute 'grid_mode' of the grid. 1=='default',2=='initialization'
  0.0000000000000000 # Attribute 'small_contrib_threshold' of the grid.
  0.5000000000000000 # Attribute 'damping_power' of the grid.
 # binID   n_entries weight   weight_sqr   abs_weight
    10   10   1.704724981872990E+009   5.032237628785053E+018   1.704724981872990E+009
    16   10   1.704724981872990E+009   5.032237628785052E+018   1.704724981872990E+009
  </DiscreteSampler_grid>
