 -0.00000021932826096  0.00000675120321979  0.00001229768712539  0.00001727307482994
  0.00002201081090765  0.00002660819236784  0.00003114070719705  0.00003575211697930
  0.00004032754971801  0.00004483955237296  0.00004936906762202  0.00005397647733519
  0.00005870346637249  0.00006358231268787  0.00006876507768599  0.00007403268318896
  0.00007934569189143  0.00008471448095683  0.00009016343126570  0.00009571385310123
  0.00010138869814526  0.00010718006782229  0.00011307817799326  0.00011909924015274
  0.00012522641612219  0.00013144446002622  0.00013775873347410  0.00014419412872798
  0.00015076624723500  0.00015744740779591  0.00016422804945427  0.00017113325083475
  0.00017823789998353  0.00018564867887051  0.00019308470915032  0.00020104284600093
  0.00020918117772421  0.00021756793495046  0.00022623061055806  0.00023509206779901
  0.00024428889736259  0.00025383972261972  0.00026366924098690  0.00027411435433298
  0.00028488301095951  0.00029612499251404  0.00030778339481826  0.00031991009584057
  0.00033238068259979  0.00034542999827629  0.00035897472929695  0.00037354850249420
  0.00038871938671243  0.00040491746231691  0.00042198623808682  0.00043969023399640
  0.00045845722165696  0.00047766216649028  0.00049840452657181  0.00052023043273187
  0.00054313342115761  0.00056724458718175  0.00059258146628710  0.00061996623237052
  0.00064939932596615  0.00068129702781279  0.00071480180037492  0.00075052681053348
  0.00078841330827636  0.00082962942577047  0.00087455696035690  0.00092375624927717
  0.00097671610793173  0.00103345413831041  0.00109552588116984  0.00116394895067606
  0.00124282893015811  0.00132696157364298  0.00142836036856394  0.00153734284328728
  0.00165999527346176  0.00179938336073118  0.00195464261621295  0.00213901337591139
  0.00235302032669461  0.00260306497676434  0.00290509344080913  0.00327063900967923
  0.00368790635165045  0.00420205312332624  0.00490304167146264  0.00598307462791207
  0.00756444085652594  0.00962742986789714  0.26916068207564092  1.00000000000000000
 -0.00219538228704604  0.00941311905797275  0.01939932126215425  0.02991696755967490
  0.04043586196959092  0.05093434621885554  0.06171164930248960  0.07223294701218315
  0.08269152887811732  0.09287622919107168  0.10320522584362436  0.11356307828604742
  0.12374682907502441  0.13415962870327383  0.14454498068590668  0.15528095325114605
  0.16577653704094675  0.17639557692062058  0.18702704337702519  0.19775972799654232
  0.20835688328023824  0.21844345616544009  0.22862351756392371  0.23894383702746008
  0.24927385419177919  0.25960238410418146  0.26985072508590929  0.28073773794778012
  0.29188587446691927  0.30296474995669342  0.31412034815844686  0.32493150535755716
  0.33574340631235938  0.34626009029785482  0.35683620525833182  0.36744020279217804
  0.37801453216512548  0.38861376460637792  0.39921171552944740  0.40957135042753656
  0.41996408072503200  0.43051251808002228  0.44122810879760771  0.45191306562298039
  0.46243787754149196  0.47297364461384950  0.48347631915563688  0.49394900594665342
  0.50438955535743746  0.51473426478894768  0.52519164042031352  0.53575898690134649
  0.54620282505869611  0.55648647275914387  0.56689759748329838  0.57783210591633571
  0.58869743797202945  0.59962335308129455  0.61068642412388108  0.62175878152618724
  0.63233930913856318  0.64294258952758798  0.65336052526097255  0.66412112780626875
  0.67466618042532078  0.68537570675396176  0.69604356598434480  0.70703499965892491
  0.71794479248511223  0.72880092823050524  0.73925176238212953  0.74977469115973805
  0.76019390777227380  0.77070575697930854  0.78104323570659673  0.79147365541609915
  0.80213928241164278  0.81280150163953380  0.82321629564284660  0.83354756313513667
  0.84393148689752262  0.85434060945014911  0.86438002429028904  0.87448103594221238
  0.88469386026666685  0.89496040728748683  0.90513470896524939  0.91511276928323726
  0.92578438430262455  0.93636477214586089  0.94700078917547836  0.95758915662027977
  0.96851532234647009  0.97929881700758870  0.98971236246209826  1.00000000000000000
 -0.00384612639132671  0.02425168468737378  0.04476968021891682  0.06220181518667137
  0.07798182735237337  0.09243731179427671  0.10610290878865562  0.11918594752089035
  0.13161368141228083  0.14346087474928970  0.15483295310109085  0.16588610730692094
  0.17673082731396358  0.18738872872432361  0.19784737365777610  0.20795617463656407
  0.21769421309116976  0.22729018364960452  0.23691362471770694  0.24662626551537309
  0.25613768466733822  0.26542403219480648  0.27459964249195051  0.28373404913149347
  0.29283939519391972  0.30190873626859521  0.31093585483290037  0.31992682534992850
  0.32870970881464096  0.33728993157451609  0.34568146592778154  0.35395683744487239
  0.36220966177035208  0.37040562058852089  0.37844618898029647  0.38631977617332841
  0.39409685236961894  0.40180584950622289  0.40943717708134170  0.41707401294868984
  0.42469525323870355  0.43228394590752145  0.43994231535760725  0.44784186814941151
  0.45578226359479207  0.46367452735950604  0.47147898738572880  0.47921572282437142
  0.48717884419978708  0.49509306491538208  0.50309401768346340  0.51113693289024176
  0.51918203577192445  0.52726558397377121  0.53538831452170221  0.54336270620728810
  0.55116952529382901  0.55904003246270106  0.56694208487758124  0.57482335718353450
  0.58270386408991115  0.59051830272147832  0.59836276620063289  0.60627782784219042
  0.61422033036952373  0.62224092012117427  0.63037529866151920  0.63856649290580614
  0.64675239592077127  0.65489216894587832  0.66309243192145151  0.67137290663068372
  0.67960474917191738  0.68790345129108055  0.69626737727020593  0.70464598907796094
  0.71351485222321376  0.72249396993471104  0.73170385652993619  0.74106448922769497
  0.75058320075014839  0.76044989724029011  0.77067947801937597  0.78128966921469600
  0.79229628226879323  0.80358231710847550  0.81525702773024944  0.82726504227793107
  0.83980668962893901  0.85281949452835681  0.86713686453049454  0.88284984650567944
  0.90068501960913461  0.92159816220216206  0.94981394434738420  1.00000000000000000
 -0.01897794878461765  0.10876466374867147  0.14522525530010622  0.16766910098115348
  0.18495069555538884  0.19968099389015120  0.21269975617311926  0.22443978911455156
  0.23531560173043059  0.24565758979335217  0.25555103788463451  0.26503342033811095
  0.27409579758955788  0.28291173998846597  0.29137390191692458  0.29947621089477361
  0.30731797001392508  0.31498246253395001  0.32245054870343587  0.32974489613025643
  0.33681067079269650  0.34362591339146109  0.35029070309101051  0.35686462184405660
  0.36339571561741996  0.36987709975770861  0.37623482396768748  0.38246397935866466
  0.38864182398372382  0.39478013995016920  0.40079399193973275  0.40665054985918792
  0.41243059919818725  0.41812013185650376  0.42384283303528641  0.42952664316319661
  0.43524600292804305  0.44096275206778923  0.44664605240674188  0.45225787919902899
  0.45790810870231741  0.46360031931598683  0.46933589483113830  0.47508361862937631
  0.48075693867671671  0.48636155716334145  0.49191921756625057  0.49747587539152527
  0.50299552644802492  0.50862403360404218  0.51426163035620309  0.51988470247365182
  0.52546877238353507  0.53100893185179787  0.53659976113791519  0.54220199627635290
  0.54777265511423445  0.55336289958846774  0.55893822439098106  0.56456567894772725
  0.57025597943848094  0.57600815649804249  0.58185554176932963  0.58774287895714317
  0.59360193198922362  0.59944732998933947  0.60546717596121280  0.61164673664426639
  0.61791372213541662  0.62423863769568122  0.63063234781336452  0.63708218170727982
  0.64358941194889396  0.65020875826376912  0.65695719198393310  0.66383739539947340
  0.67082227450242049  0.67797916831102067  0.68520866713872486  0.69274748025620192
  0.70052659014152829  0.70851813277406261  0.71685821196600963  0.72545544125786665
  0.73437596861834309  0.74370735656407427  0.75350728358586827  0.76400038896500033
  0.77512859200162432  0.78728949720267682  0.80058478042793468  0.81561236284347716
  0.83303844977355035  0.85523443662461918  0.89161963956019819  1.00000000000000000
   2.5018979775857501E-003  -1.0000000000000000     
 F T T F T T T T T T T T F T T F F F F F F F F F F F F F F F F F
  <DiscreteSampler_grid>
  grouped_processes
  1 # 1 for a reference and 2 for a running grid.
  10 # Attribute 'min_bin_probing_points' of the grid.
  1 # Attribute 'grid_mode' of the grid. 1=='default',2=='initialization'
  0.0000000000000000 # Attribute 'small_contrib_threshold' of the grid.
  0.5000000000000000 # Attribute 'damping_power' of the grid.
 # binID   n_entries weight   weight_sqr   abs_weight
    10   10   1.767133188818353E+008   9.561692524264541E+016   1.767133188818353E+008
    16   10   1.756931088123722E+008   9.553488152371490E+016   1.756931088123722E+008
  </DiscreteSampler_grid>
