 -0.00000099965280496  0.00001066364877306  0.00002550355476523  0.00003770657400694
  0.00005012304005572  0.00006218253908685  0.00007440712700028  0.00008710690528766
  0.00010031348198347  0.00011396558008721  0.00012781723774902  0.00014179414855441
  0.00015600746557274  0.00017093994045026  0.00018694619717668  0.00020377339847936
  0.00022143776043716  0.00023985726561126  0.00025904984435925  0.00027911748393190
  0.00029975047312213  0.00032119098416787  0.00034346730345643  0.00036696985240968
  0.00039157133516236  0.00041683519012496  0.00044322819073678  0.00047086409202098
  0.00049989744201509  0.00053058734393451  0.00056247652190493  0.00059594967190721
  0.00063011339400467  0.00066618757285676  0.00070311860245726  0.00074142049990555
  0.00078147194669981  0.00082400078649794  0.00086921804752958  0.00091622933679997
  0.00096372690201115  0.00101488217845796  0.00106593613281424  0.00112350616770054
  0.00118275781080319  0.00124281671655536  0.00130355359302491  0.00136732695091633
  0.00143529688011641  0.00151291575037410  0.00159309579031304  0.00167463728509817
  0.00175524024694929  0.00183549430684365  0.00191944377113584  0.00200908840618597
  0.00210551425343483  0.00221092923227308  0.00231732973755631  0.00242844676387939
  0.00254213946469495  0.00265497006839127  0.00277728820121189  0.00290847770332602
  0.00306193912926157  0.00323685631537961  0.00341880299555455  0.00360544078923128
  0.00379091184147227  0.00397764037607503  0.00417080184194116  0.00436793441259583
  0.00457527229958678  0.00484249792168087  0.00508376185298011  0.00534198581118782
  0.00559109651877087  0.00583509145154478  0.00609037268836010  0.00637878231085104
  0.00672957904144102  0.00714064444036342  0.00752358174326888  0.00793456364570698
  0.00840728119584811  0.00904202559262120  0.00987909162573059  0.01080798430059148
  0.01182821183605949  0.01296515108264617  0.01453700952740921  0.01609039366584106
  0.01751907579140748  0.03564849168239852  0.15396470840561188  1.00000000000000000
 -0.00246558958380839  0.00945245998729151  0.01936491396273521  0.02972410590934365
  0.04012527392515293  0.05069641755172440  0.06125991791062547  0.07161410467725006
  0.08208944140576610  0.09250209714530605  0.10312924183636252  0.11363262358803988
  0.12411773251485757  0.13443148929349608  0.14484936725035133  0.15541326958926568
  0.16556611350722517  0.17608343773236243  0.18662401217781149  0.19764091791669020
  0.20850646957336971  0.21915457660084975  0.22982288622086480  0.24002699235830455
  0.25048555953230112  0.26103724999599520  0.27163567434119412  0.28224820419598495
  0.29317222516390784  0.30427509344631742  0.31529553979328900  0.32594768286418252
  0.33683705350370713  0.34774534509802729  0.35870979047538765  0.36947945281717093
  0.38008578669282628  0.39065933951820742  0.40114451026463144  0.41153714854850720
  0.42198092628382816  0.43224849617494610  0.44253719595378677  0.45282564185810448
  0.46312595953538677  0.47353266857528742  0.48387646991214078  0.49430841105970680
  0.50469809945354938  0.51515563989346302  0.52574294365496688  0.53635801751001677
  0.54673669187338514  0.55699721413900449  0.56755856878653499  0.57837841526771405
  0.58913984696058808  0.59983665680248832  0.61063506021337388  0.62148717310673107
  0.63223572276382789  0.64274547518616776  0.65332294184228590  0.66390229476121998
  0.67449083764594264  0.68526005505407017  0.69587609785023608  0.70665093569396875
  0.71743298724117632  0.72784291438695625  0.73809600683639076  0.74823870127455749
  0.75870702396999390  0.76920233619944878  0.77966729159506765  0.79043902934239740
  0.80104654149050947  0.81177858812980874  0.82243144052936301  0.83320337002122047
  0.84365990738059249  0.85396562100202200  0.86424557207311437  0.87441683181511276
  0.88485409541169624  0.89517104079931042  0.90592127187286442  0.91666008381503195
  0.92750044183738867  0.93838985798034746  0.94889460682830162  0.95934271764118906
  0.96952125039026382  0.97978956723183486  0.98997904125910186  1.00000000000000000
 -0.00385469157970957  0.02338521984361345  0.04316117749694431  0.06000054048996536
  0.07529476889247919  0.08947205291754978  0.10283043468659499  0.11561904265733157
  0.12782721752084142  0.13963333213707055  0.15115977876115233  0.16242915948798764
  0.17331651226894029  0.18389626066746548  0.19427568335931211  0.20437350841842364
  0.21433341524352423  0.22417784325735554  0.23402264050117921  0.24393317995943534
  0.25374863214604171  0.26344434467780381  0.27301990803566845  0.28249527386073209
  0.29191910695085410  0.30105868356191678  0.31020875488757021  0.31943969463354366
  0.32869975718414224  0.33778042428101307  0.34681529968139113  0.35585170926510662
  0.36486263860817164  0.37381785105644333  0.38270167379051750  0.39154160507972968
  0.40038221640513733  0.40927092800963660  0.41815359303417693  0.42694511973384075
  0.43565470079227603  0.44425197254651033  0.45283791482953001  0.46141365369918519
  0.46988116218305825  0.47828754659449513  0.48666708952291465  0.49509758131163306
  0.50370042661043968  0.51213715190246867  0.52059501962291299  0.52895109682650177
  0.53747167480515023  0.54593565187316506  0.55440722659149122  0.56278123622757059
  0.57110490254266622  0.57945657566522701  0.58780505747814837  0.59613342531930835
  0.60447022864132238  0.61285815268298893  0.62129081050562029  0.62983530413975031
  0.63846565757967932  0.64717315236961348  0.65610508602970929  0.66517517919861546
  0.67443633269615177  0.68376981876323473  0.69310799393344125  0.70224159057531665
  0.71124283488280671  0.72001406891929676  0.72885291285457865  0.73784309684556870
  0.74698636858367196  0.75626634345594079  0.76554537991265914  0.77493486903649134
  0.78435566663424083  0.79386673339996672  0.80354912524189948  0.81354574657529999
  0.82407117896056048  0.83501201573495731  0.84627118150631753  0.85771791458741042
  0.86956471382308775  0.88188191485602341  0.89477719333499051  0.90843226051815229
  0.92316628899814601  0.93991629764544449  0.96234787031407698  1.00000000000000000
 -0.01971174138443323  0.12032121707916402  0.15902808577383723  0.18253644866775318
  0.20099052484634516  0.21643645029977182  0.22995918898806916  0.24167630177280217
  0.25252315225831623  0.26251199017523796  0.27215108631708473  0.28108104959280095
  0.28969846614178946  0.29793397284090622  0.30583006285714487  0.31353793193086960
  0.32068829410330718  0.32783923593013353  0.33479928541626891  0.34159104428072351
  0.34819916757828512  0.35456563483739711  0.36080495179011957  0.36692858575097725
  0.37305017169020938  0.37903553297070869  0.38489223955966584  0.39066891322254277
  0.39638441245082850  0.40205988976548690  0.40772448356996399  0.41335664948758760
  0.41887832627567972  0.42433939304996998  0.42974901272174787  0.43512212399531031
  0.44037466506992129  0.44554252193622162  0.45071832550032692  0.45591952936274505
  0.46112638362251773  0.46634380239456263  0.47155270496145602  0.47669881008398746
  0.48178511675083063  0.48688245732872160  0.49196603664103927  0.49707519899314451
  0.50216828255831059  0.50732592789280184  0.51245178305882177  0.51760957047726264
  0.52276525616238456  0.52794311835952423  0.53315333309783386  0.53840833888198880
  0.54370113237446027  0.54897262250253942  0.55420535350156142  0.55944615123767127
  0.56469201829147131  0.56999895347668428  0.57536504575469694  0.58071663860995182
  0.58612646759876086  0.59150883523212838  0.59692781592417010  0.60243935499816970
  0.60804763740880285  0.61377990714270847  0.61963395299950796  0.62562012183606408
  0.63183152742659920  0.63812327368810895  0.64440437418157304  0.65081295805175510
  0.65734024667075952  0.66402036862965752  0.67102990835792187  0.67835096399858286
  0.68571494346922846  0.69329186617402783  0.70116383008136762  0.70930496064496118
  0.71814673677315144  0.72711620731784532  0.73683650604610917  0.74709317900805072
  0.75830068388448624  0.77032514103249106  0.78370142408376142  0.79879086308897107
  0.81692382460409596  0.84056050682376926  0.88051385304292118  1.00000000000000000
   2.5111598200501812E-002  -1.0000000000000000     
 T T T T T T T T T T T T T T T T F F F F F F F F F F F F F F F F
  <DiscreteSampler_grid>
  grouped_processes
  1 # 1 for a reference and 2 for a running grid.
  10 # Attribute 'min_bin_probing_points' of the grid.
  1 # Attribute 'grid_mode' of the grid. 1=='default',2=='initialization'
  0.0000000000000000 # Attribute 'small_contrib_threshold' of the grid.
  0.5000000000000000 # Attribute 'damping_power' of the grid.
 # binID   n_entries weight   weight_sqr   abs_weight
    10   10   1.002008684172550E+009   1.172144134372995E+018   1.002008684172550E+009
    16   10   1.002008684172550E+009   1.172144134372995E+018   1.002008684172550E+009
  </DiscreteSampler_grid>
