 -0.00009732729064196  0.00085900288403562  0.00198269330638808  0.00363162528017276
  0.00579524796920086  0.00852405133987430  0.01161581710873970  0.01531264265829052
  0.01942853896310870  0.02384209684428502  0.02868545140843692  0.03384247399116748
  0.03938682117135296  0.04537103934087740  0.05171382885006951  0.05827262129459357
  0.06503505966741308  0.07223450648397887  0.07956896647054551  0.08704965900353107
  0.09466906211561438  0.10242988966734531  0.11030034006868832  0.11834007499377532
  0.12673501591215258  0.13538316199476183  0.14426809911535443  0.15332569843584273
  0.16253033528550387  0.17219638578911964  0.18226200293935785  0.19246745242927285
  0.20261931719201787  0.21277026046271894  0.22305640880009367  0.23353198883585682
  0.24417259203694963  0.25481921640919630  0.26535577515535352  0.27598162334425069
  0.28668798469310380  0.29745555888199332  0.30801617581621654  0.31842222723339564
  0.32912579728344782  0.33995751947396152  0.35077891662367416  0.36167481095914517
  0.37247417774897373  0.38335044461640522  0.39444155792512570  0.40568100925146056
  0.41698484188032270  0.42821204397289803  0.43978208642378286  0.45127796115990659
  0.46290291509252579  0.47509247939738686  0.48733683464000943  0.49940138860318251
  0.51138744124185909  0.52330933002437263  0.53530718288857559  0.54769884945062697
  0.56028547080604674  0.57309561176861346  0.58600765344734751  0.59889690045801214
  0.61179375617200393  0.62475124894730061  0.63774620830752737  0.65097299626891081
  0.66443077437377296  0.67807418117978935  0.69189591579855336  0.70568274556299493
  0.71941847728913455  0.73316327668825454  0.74686006480749445  0.76043851597082679
  0.77398599598755469  0.78770176743451381  0.80148634187157408  0.81531718885269355
  0.82907955735753724  0.84279358448899622  0.85779294542677542  0.87296757970789907
  0.88786649685798003  0.90274913517470834  0.91803115139130098  0.93345351793660736
  0.94980743481351693  0.96645902995617261  0.98319947944647068  1.00000000000000000
 -0.00241263083813597  0.00980172420486405  0.01941516261401124  0.02943772896164952
  0.03954741513122427  0.05003170842271654  0.06089262446218985  0.07171143362783619
  0.08234227535409129  0.09266259160125048  0.10286418740867651  0.11309094385642478
  0.12302773475859576  0.13263668833482406  0.14200017706303342  0.15184824041052047
  0.16234615601708360  0.17321032916114265  0.18406211541835610  0.19486823234170225
  0.20582942279779104  0.21672884697137429  0.22775115931398282  0.23880502208066418
  0.24962502674300766  0.26041709814985414  0.27108675342484495  0.28168285430408513
  0.29213537059563577  0.30274613399529832  0.31304353782483557  0.32313222749319964
  0.33327137313459515  0.34401929394611663  0.35490484968522118  0.36568519447033854
  0.37645097426248403  0.38760998142431125  0.39886440800148149  0.40973929749049781
  0.42064388673456049  0.43140994146442124  0.44207229304260104  0.45278153696190820
  0.46352609168506642  0.47461652258548681  0.48562222665109950  0.49623157304713972
  0.50631890633843524  0.51622587162160327  0.52638727289150866  0.53687145413439841
  0.54704559014205001  0.55711382345503346  0.56737458091205328  0.57781361608493698
  0.58842082402557394  0.59899932211703799  0.60919782349863627  0.61880514577706724
  0.62826698037049000  0.63779236460190591  0.64729977534846872  0.65684324984871068
  0.66651489718221868  0.67673454298251101  0.68740001888691571  0.69833064712193615
  0.70971684303694149  0.72159948164292431  0.73333163803894275  0.74432103146441408
  0.75518061346424359  0.76608506658137654  0.77646312858642497  0.78622902865479527
  0.79606495598784888  0.80614915033309742  0.81617569530237022  0.82613877065440444
  0.83660887282608776  0.84817762781549511  0.85928684100319608  0.86984364287175686
  0.88048131007917874  0.89148689255574265  0.90268588963564134  0.91400160903067285
  0.92568387417655762  0.93700881965376848  0.94766334856367940  0.95823013963227777
  0.96884058832606801  0.97979203126244196  0.99015922041878501  1.00000000000000000
 -0.00369717264958288  0.02220945818941662  0.04141725346325244  0.05863899045496131
  0.07390304628149622  0.08773322568195338  0.10067450870535853  0.11244319167010090
  0.12361634335640813  0.13507410281735438  0.14685792862573052  0.15835742331190270
  0.16954170046125089  0.18055335009314899  0.19171769712533882  0.20308060881706788
  0.21403476293755869  0.22447603401609229  0.23495354648440761  0.24551380277035856
  0.25566622544547807  0.26552416219229130  0.27561728392950097  0.28593805642423292
  0.29619904606170844  0.30633640576396848  0.31620970685843935  0.32610169050058957
  0.33572574636577290  0.34517628635963166  0.35438831921659097  0.36334480025546473
  0.37212973834636759  0.38093693237163601  0.38971020022783431  0.39845737323631281
  0.40725695354807823  0.41630653812914586  0.42568813906158892  0.43511793785103853
  0.44430427380829995  0.45356757281655463  0.46264012429183399  0.47148479920456043
  0.48009125651409329  0.48850995951510034  0.49697301751595069  0.50545437623975609
  0.51422445444832887  0.52303602666950089  0.53165303292718102  0.54006769326483250
  0.54831107645893362  0.55652381338681689  0.56479012236655146  0.57308766337006178
  0.58138615954071604  0.58970679862994979  0.59795195333999551  0.60620918646156585
  0.61468448488321670  0.62335948362255977  0.63226626323991253  0.64118249520629700
  0.65037707864131411  0.66000305220712663  0.66970466298461817  0.67924969357491050
  0.68878692294676769  0.69813703525705872  0.70741392230669775  0.71683383397552514
  0.72648486730441553  0.73696394094631368  0.74770114358297302  0.75816751928616488
  0.76856117421953629  0.77905710578781651  0.78987374390344578  0.80079900492493739
  0.81198414542492459  0.82331966845007687  0.83494332754642719  0.84595593380269751
  0.85677534836288516  0.86718432944980917  0.87750426284152927  0.88795078689706941
  0.89929027490042313  0.91164104474219210  0.92394712197988660  0.93615581034804984
  0.94902382427761101  0.96276874123419276  0.97908235858531978  1.00000000000000000
 -0.01522870173190343  0.10474966339081104  0.17692119438014087  0.21934941014406195
  0.24780463198370636  0.27087025540657084  0.29045741603111008  0.30754564872647766
  0.32325768892499745  0.33783845807730090  0.35121587796911397  0.36391144690243521
  0.37598662867797505  0.38724301657548760  0.39779348563997191  0.40799142460692839
  0.41794768682917582  0.42767557847928034  0.43712283103466093  0.44631294299571983
  0.45522230872170572  0.46376173823620648  0.47203834941489092  0.48025125655985901
  0.48825080096429452  0.49606600947981505  0.50367197755127058  0.51122405627415590
  0.51868913024582441  0.52617330064402557  0.53353290332469161  0.54080431082399394
  0.54811523525904193  0.55548585688885566  0.56285964498855734  0.57016727144999835
  0.57737302148383607  0.58436283174540249  0.59076271357847199  0.59720096432660652
  0.60363762162487045  0.61005580971647866  0.61652838741064708  0.62309038480040935
  0.62934132453118730  0.63534525410522724  0.64120710238899414  0.64690338790548085
  0.65244648140521977  0.65794773688131813  0.66352049379776767  0.66906926131340161
  0.67456848069819741  0.67989119902343731  0.68511229096293158  0.69017683733125346
  0.69509835056445446  0.69999382139879784  0.70487031754955398  0.70977874853026013
  0.71472645072349683  0.71959393443426900  0.72444683500383933  0.72925217617032667
  0.73405319611761477  0.73889583249287527  0.74372086788144043  0.74858452034054457
  0.75356726773488147  0.75864833471387116  0.76379605252467064  0.76891301492820330
  0.77393368554742703  0.77896952873891023  0.78400788403766919  0.78913372534839399
  0.79439855602832188  0.79965601319436563  0.80490500104107832  0.81019106734912827
  0.81557293808672249  0.82107845387228284  0.82673743870188543  0.83251459961608165
  0.83844797693478834  0.84464851305119093  0.85127164664007715  0.85851396185408890
  0.86612842116082212  0.87397445208961488  0.88264540997819219  0.89253540460510594
  0.90457054382611835  0.92052809764668375  0.94638953326541753  1.00000000000000000
   9.3703021311094821E-004  -1.0000000000000000     
 T T T T F F F F F F F F T T T T F F F F F F F F F F F F F F F F
  <DiscreteSampler_grid>
  grouped_processes
  1 # 1 for a reference and 2 for a running grid.
  10 # Attribute 'min_bin_probing_points' of the grid.
  1 # Attribute 'grid_mode' of the grid. 1=='default',2=='initialization'
  0.0000000000000000 # Attribute 'small_contrib_threshold' of the grid.
  0.5000000000000000 # Attribute 'damping_power' of the grid.
 # binID   n_entries weight   weight_sqr   abs_weight
    10   10   1.268895192822579E+010   1.283700483930506E+021   1.268895192822579E+010
  </DiscreteSampler_grid>
