  0.00000189525897882  0.00001437830657462  0.00002895043555742  0.00004260301707527
  0.00005627418747899  0.00007020817668288  0.00008474597438447  0.00010006748713195
  0.00011601887935136  0.00013256479978905  0.00014970373419084  0.00016759602475751
  0.00018660750734292  0.00020682794427590  0.00022799460047420  0.00025008732515380
  0.00027327435000856  0.00029735795494263  0.00032266939762151  0.00034921060089614
  0.00037708690503861  0.00040640377928106  0.00043711145147970  0.00046959037275855
  0.00050350859121348  0.00053885038615303  0.00057539512385910  0.00061339771923149
  0.00065309719830447  0.00069427225683456  0.00073717008080532  0.00078146138047429
  0.00082824488121699  0.00087696933970554  0.00092863998403573  0.00098351738224804
  0.00104072641832218  0.00109986070104386  0.00116036082724654  0.00122225966546915
  0.00128740798185955  0.00135613996815105  0.00142952742012185  0.00150663797278332
  0.00158623719617008  0.00166895327742621  0.00175745087300201  0.00184638879299431
  0.00194131716783889  0.00203294270451536  0.00212610665820866  0.00222163817132462
  0.00231859045630498  0.00242094022117901  0.00252896552424692  0.00264019752007573
  0.00276422945591443  0.00288845364451286  0.00302326690695897  0.00316835489294838
  0.00331886617393239  0.00347423343420232  0.00363894341305577  0.00381118570380186
  0.00399308752788851  0.00418109945459838  0.00437424295839106  0.00458252756801754
  0.00480184917058704  0.00502018928858454  0.00524032177904633  0.00546617907660114
  0.00570461962257557  0.00597418146199816  0.00626496043243493  0.00657037765959869
  0.00690155091117218  0.00723361436562077  0.00760018783003169  0.00803795341746224
  0.00855583488973401  0.00905347296082712  0.00951527020817193  0.00991744145329796
  0.01032978210943173  0.01086638711919374  0.01155823624300492  0.01238651155072780
  0.01333476365854552  0.01416173615220054  0.01506485377346858  0.01603190563719061
  0.01702018631241869  0.01843421438558886  0.20348386539565622  1.00000000000000000
 -0.00236256971630921  0.00932043065727061  0.01919612771522801  0.02987203743002897
  0.04048252819541630  0.05098597946597008  0.06168106284209082  0.07199990708935980
  0.08247343476986879  0.09280572841738056  0.10312101397669589  0.11338620748057515
  0.12350733278500758  0.13408488353431355  0.14479234045202466  0.15538271199878265
  0.16603152375396552  0.17668661293651558  0.18755605704741932  0.19817670371939894
  0.20885489016683492  0.21938304709680384  0.22975446774109676  0.24014642889847390
  0.25039790526136513  0.26088562774121604  0.27131727421140373  0.28181844291171798
  0.29248768450073864  0.30324993240870618  0.31428820687464926  0.32522337214647179
  0.33611732637492076  0.34670644229508996  0.35718363930503227  0.36754380131370001
  0.37787875970454365  0.38832570220901519  0.39868680148659152  0.40907171815850296
  0.41952125596729734  0.43013212409043922  0.44077381888029959  0.45142383405225994
  0.46202041863972654  0.47256347370566376  0.48313046338678539  0.49380662582760781
  0.50444385152970983  0.51503345564318925  0.52569656571595635  0.53620495400750456
  0.54679845388881465  0.55727545088824137  0.56776413945455362  0.57807660079738121
  0.58839158765990573  0.59898675356496722  0.60961923413181229  0.62028121038960649
  0.63061257171535512  0.64095638260498478  0.65141214335567821  0.66207088717153939
  0.67277750188020669  0.68343955643416543  0.69415563142539538  0.70468779280679594
  0.71529864000574794  0.72593040132375231  0.73645391179862962  0.74691927491909182
  0.75740874618121057  0.76775336198288069  0.77804410867843632  0.78817597083993751
  0.79854380248892221  0.80902900360876195  0.81959597023628494  0.83025258364358034
  0.84071773235748026  0.85128689138574165  0.86189327308397057  0.87247195539536182
  0.88285572041426852  0.89316889098119012  0.90367396730711702  0.91450382389707130
  0.92511801883333689  0.93565293751073519  0.94620376800703809  0.95706778321005848
  0.96769801778695330  0.97853755455324287  0.98913795891308143  1.00000000000000000
 -0.00447501832936583  0.02513040954230634  0.04621818152816088  0.06368127146338082
  0.07931605646501369  0.09371232799021532  0.10728173898140723  0.12020060126125780
  0.13250658437800120  0.14435117094852715  0.15591745560713138  0.16721691895723700
  0.17824786870508363  0.18906636142695016  0.19974537206152829  0.21026022323905136
  0.22061932913369189  0.23082057647107684  0.24084788162152959  0.25072955895544630
  0.26044392252971393  0.27008298788410223  0.27963241518179344  0.28910777841137086
  0.29843064845201822  0.30759802058218239  0.31675472904428337  0.32586964446263428
  0.33486017285531511  0.34372143944435496  0.35251001670668763  0.36125866261885614
  0.36995288514108532  0.37857828759037515  0.38715024293731481  0.39567006647953568
  0.40411187502199841  0.41247410076660818  0.42082026491234398  0.42916605859963158
  0.43755494149761803  0.44593266395479286  0.45424194067328588  0.46252016459729933
  0.47077003051015498  0.47897902045718865  0.48710134169249797  0.49521106291336320
  0.50337947900754088  0.51156508903766351  0.51984928175706568  0.52807471397141237
  0.53635811873604977  0.54464908834795200  0.55307675265793776  0.56147288539754014
  0.56981169341651705  0.57804448313226742  0.58631258710470646  0.59460485545857045
  0.60295409687018309  0.61127269631007197  0.61963291735571735  0.62805078735865982
  0.63650222076637974  0.64495163188334026  0.65344488088981467  0.66199847749349583
  0.67066715288066270  0.67950068772891081  0.68840742617203254  0.69730181184823059
  0.70613565206109719  0.71493452791355216  0.72381707681387331  0.73283191365488520
  0.74193249714903675  0.75107547582109357  0.76028499528014437  0.76961627074720018
  0.77909465225382735  0.78869277269575966  0.79838791417480703  0.80828961567081858
  0.81853440207859629  0.82918791750033793  0.84030642732285954  0.85192546227771493
  0.86402412306085941  0.87663518834131371  0.89003475572442292  0.90457284326075360
  0.92054370349394266  0.93878613000084898  0.96226029749564124  1.00000000000000000
 -0.02834003562115643  0.13676171848303145  0.17549883982066333  0.19865513238334842
  0.21637557301029731  0.23100673436209543  0.24354419150280954  0.25479326776555355
  0.26495481809106564  0.27461385672869576  0.28351817074032715  0.29216309823859143
  0.30023372999564085  0.30798346846585073  0.31543715556277280  0.32262820980073237
  0.32967808430925455  0.33639833078776166  0.34288543718386139  0.34921621862071806
  0.35544469829249808  0.36149805055911782  0.36745416459952301  0.37332922843765598
  0.37913505136413189  0.38491634323475959  0.39063838033588616  0.39629355742820460
  0.40181847011859761  0.40725222194328808  0.41265025979013764  0.41798879883832019
  0.42327303784776166  0.42851223311678610  0.43372684867187195  0.43889968078635372
  0.44397617952226259  0.44897527898651102  0.45394232807536050  0.45889805439147358
  0.46387572145129685  0.46886407051192985  0.47383350061906770  0.47879815521480612
  0.48374452533834594  0.48862459552986010  0.49354913907041448  0.49844272976434884
  0.50329005885087319  0.50810640521726336  0.51291642977494778  0.51778010370634409
  0.52267131453207794  0.52759228280022996  0.53247975136497072  0.53733713497469415
  0.54223121161080634  0.54717802464124987  0.55214301247046804  0.55711200213949186
  0.56212198646217493  0.56722170082372170  0.57240565537709176  0.57758552578993205
  0.58274018424755591  0.58802164491461184  0.59336576850867206  0.59877418338536192
  0.60425709701110708  0.60980906142818914  0.61542740169683896  0.62105295423451945
  0.62675476946207431  0.63258086575230255  0.63851108748984609  0.64462276806488583
  0.65091083070199096  0.65732937399842706  0.66378221265461557  0.67045362268923636
  0.67744968578461018  0.68467312857431606  0.69235044595900808  0.70027886047717702
  0.70851578138005811  0.71712798838206548  0.72612096046993890  0.73577209288017664
  0.74607840414040427  0.75741970834571093  0.76992094859248494  0.78425434103248948
  0.80136554314102160  0.82397366353550072  0.86268193443981978  1.00000000000000000
   1.2606285320788811E-002  -1.0000000000000000     
 T T T T T T T T T T T T T T T T F F F F F F F F F F F F F F F F
  <DiscreteSampler_grid>
  grouped_processes
  1 # 1 for a reference and 2 for a running grid.
  10 # Attribute 'min_bin_probing_points' of the grid.
  1 # Attribute 'grid_mode' of the grid. 1=='default',2=='initialization'
  0.0000000000000000 # Attribute 'small_contrib_threshold' of the grid.
  0.5000000000000000 # Attribute 'damping_power' of the grid.
 # binID   n_entries weight   weight_sqr   abs_weight
    10   10   1.532417315495384E+009   4.189689324903014E+018   1.532417315495384E+009
    16   10   1.532417315495384E+009   4.189689324903016E+018   1.532417315495384E+009
  </DiscreteSampler_grid>
