  0.00000041902763930  0.00001083803161347  0.00002460623833250  0.00003672675674936
  0.00004877824641950  0.00006064853701498  0.00007271258476377  0.00008504865432513
  0.00009773879491585  0.00011092349445411  0.00012450327292325  0.00013831348997893
  0.00015240925377830  0.00016708493300471  0.00018245804025954  0.00019852979818447
  0.00021552450336822  0.00023352797100431  0.00025242979894975  0.00027254010878889
  0.00029339990719536  0.00031524166109596  0.00033807747613991  0.00036160998000241
  0.00038600603776193  0.00041096658838293  0.00043693549375192  0.00046386885410371
  0.00049195866735321  0.00052117514570492  0.00055158229544221  0.00058399801606411
  0.00061789815898317  0.00065348871939831  0.00068953318482285  0.00072729455966988
  0.00076589771390150  0.00080620666059289  0.00084757511676792  0.00089026140272147
  0.00093589442457747  0.00098251263969054  0.00103335584847281  0.00108547583244967
  0.00114115484109816  0.00119888146129277  0.00125926242540153  0.00132300486396742
  0.00138877572242219  0.00145768381569554  0.00152801962615837  0.00159974622062020
  0.00167527400992264  0.00175441364702522  0.00183970326983222  0.00193019442246320
  0.00202434801731706  0.00212423467887966  0.00222795111606128  0.00233424019074557
  0.00244309349279242  0.00255444010708487  0.00267299269422708  0.00280341016805939
  0.00294889335799506  0.00310289433275916  0.00326107680499421  0.00341619373404161
  0.00357481799558100  0.00373769541489091  0.00391178400036673  0.00410157380209306
  0.00430307264891637  0.00451265182195218  0.00473170669336361  0.00497330229364733
  0.00519952898613416  0.00544004060550292  0.00570245332332329  0.00596427910552452
  0.00627124679474763  0.00661834229137611  0.00700363514683568  0.00747656928436321
  0.00823487709096914  0.00886208091203616  0.00936897303385987  0.00984783659768329
  0.01036097551124117  0.01104448008867867  0.01214925340629081  0.01336888943402442
  0.01482470752154927  0.01855619461098466  0.28459638719706598  1.00000000000000000
 -0.00254353317097975  0.00976006659365046  0.01980520921271597  0.02989779019578750
  0.04015514140717409  0.05098259761696372  0.06193459200159472  0.07286644955157279
  0.08375272923208066  0.09480158273429562  0.10581654620915416  0.11683392845678466
  0.12751013239826869  0.13802781883963502  0.14845153655480856  0.15907776308145508
  0.16960381579346234  0.18016452446505626  0.19073435328342328  0.20142342663442120
  0.21204358721388730  0.22257126954183645  0.23316711351309727  0.24371591346623453
  0.25423030570621125  0.26477502094966676  0.27518998418365781  0.28547889754900624
  0.29567223444601476  0.30606927683921215  0.31643850114028133  0.32675581722158598
  0.33721181673835077  0.34784775306101068  0.35851788841163390  0.36921563184199779
  0.38006400719920896  0.39092376179275101  0.40160642157230331  0.41227009367079692
  0.42288096092793104  0.43349620247441117  0.44408431718938923  0.45475933530214752
  0.46550820307112911  0.47622341434925136  0.48674717670274376  0.49723525826197229
  0.50800227745956483  0.51890251700148216  0.52959978454453149  0.54009181142965079
  0.55066408340466677  0.56137945164537462  0.57208454557298560  0.58274107967171929
  0.59332113379776996  0.60399917689042837  0.61461433174639102  0.62513460426750078
  0.63557237576107384  0.64597743117400253  0.65639479122999689  0.66671363151320362
  0.67703257587267918  0.68729762652068915  0.69746222942023872  0.70751298594765200
  0.71754711134336124  0.72760803320029799  0.73773769458939142  0.74785057936178101
  0.75818120638608333  0.76853780915858350  0.77891484579605175  0.78930501403983466
  0.79975416613836581  0.81026369513743135  0.82065349123152942  0.83125012931446585
  0.84206275309909873  0.85289125427891122  0.86334060313907790  0.87373208781268419
  0.88413769742651704  0.89453488711114570  0.90493132922511599  0.91523853786007525
  0.92589895380810783  0.93655007374917487  0.94702746402189197  0.95769125061718174
  0.96839759129377689  0.97911026450807603  0.98959921574471321  1.00000000000000000
 -0.00399379124792692  0.02298991250786896  0.04270230757458177  0.05933842363346552
  0.07426697663991670  0.08819409950415356  0.10151278346747675  0.11451579149660658
  0.12724478991315194  0.13968718367111910  0.15152387101654718  0.16289587202159880
  0.17383667224670302  0.18457551246255238  0.19503421065909865  0.20545611735350294
  0.21573850085441670  0.22590606551381501  0.23593663596402359  0.24596207389745173
  0.25574209282440064  0.26550522531618431  0.27523872767521596  0.28487770905041548
  0.29427363021513081  0.30345204767294293  0.31265594819364972  0.32205647151421385
  0.33155929733660383  0.34106977316208648  0.35048060108368961  0.35965872105285934
  0.36865066344339104  0.37754990511822839  0.38646953717726340  0.39537864268295736
  0.40405939498369381  0.41257962774799561  0.42097494739902908  0.42935243666301720
  0.43765023528245606  0.44576588350342267  0.45378076475170753  0.46191632470963578
  0.47027215155914642  0.47853801574100624  0.48681456942872037  0.49506483536947765
  0.50354012068184784  0.51218070540173655  0.52086828552429842  0.52933803028294768
  0.53784134934251926  0.54611052777655855  0.55428464587865345  0.56253049614140493
  0.57086336066533472  0.57932344531819402  0.58777708913870008  0.59617663112303798
  0.60457657336949688  0.61315699245061084  0.62183447953923043  0.63073059063168757
  0.63977718029788710  0.64872357274730041  0.65751972702905293  0.66630829108142975
  0.67515061297184142  0.68399276313820712  0.69275304878003841  0.70145112713606961
  0.71022458713745007  0.71916601219315457  0.72819981863961736  0.73724340625148532
  0.74643270892326175  0.75591211360989918  0.76563330323814471  0.77545103557285566
  0.78544635659817741  0.79557122622662035  0.80576421386996255  0.81610674235268976
  0.82664026301925686  0.83745428161428359  0.84841306150279761  0.85969189017209113
  0.87145145188209405  0.88371785110304357  0.89686857604281733  0.91093840127173809
  0.92616348508828950  0.94310605861410923  0.96516625399885436  1.00000000000000000
 -0.01971161107102560  0.12052233392246126  0.15926368565545215  0.18260212228031444
  0.20089676618364335  0.21631460471662797  0.22975225656936568  0.24158270944859442
  0.25249577826683967  0.26226859201328723  0.27172774965856050  0.28039843614310789
  0.28907370691721068  0.29712424928431236  0.30492086870592361  0.31241369506238759
  0.31972388422611236  0.32685840106540187  0.33386356367706932  0.34058702219615122
  0.34712510142582614  0.35356820570646835  0.35980934411266680  0.36596792399138639
  0.37212657075606587  0.37805946838257165  0.38388304562716546  0.38968150075259811
  0.39541240580087611  0.40106225014912256  0.40664695849081950  0.41218920035654161
  0.41772038649305693  0.42324341478861538  0.42870650886160960  0.43408963169160775
  0.43933121502822819  0.44457573127461325  0.44984899113964349  0.45509034293918327
  0.46026711592288411  0.46537560928635624  0.47048376966803901  0.47558210160740921
  0.48064674586967787  0.48571006172473352  0.49074877647409854  0.49582464584281327
  0.50096004055187604  0.50607764124231613  0.51125791121830511  0.51637487393745674
  0.52159055506726704  0.52681066402906718  0.53201611425760253  0.53723337992298237
  0.54250739729388886  0.54783122582364852  0.55316771154439959  0.55850878593719255
  0.56386909267263008  0.56930944558774266  0.57483989606934305  0.58036869094525523
  0.58590819687020401  0.59144444557505915  0.59690263524103659  0.60244959157410372
  0.60812666458013931  0.61397165423603961  0.61993986160693670  0.62598775764586889
  0.63213492497607715  0.63837159821374656  0.64472509619928919  0.65127136249525819
  0.65794266584303074  0.66467261397139088  0.67162717038161401  0.67872084389388709
  0.68595708547758383  0.69350223446558579  0.70128015704754854  0.70928570806204116
  0.71777542208301948  0.72651606662289536  0.73601878703565049  0.74608511476101447
  0.75725155648757270  0.76935599162359158  0.78260628485680772  0.79776185424531099
  0.81600823680014312  0.83984757397464949  0.87916153677267783  1.00000000000000000
   2.5267266677733973E-002  -1.0000000000000000     
 T T T T T T T T T T T T T T T T F F F F F F F F F F F F F F F F
  <DiscreteSampler_grid>
  grouped_processes
  1 # 1 for a reference and 2 for a running grid.
  10 # Attribute 'min_bin_probing_points' of the grid.
  1 # Attribute 'grid_mode' of the grid. 1=='default',2=='initialization'
  0.0000000000000000 # Attribute 'small_contrib_threshold' of the grid.
  0.5000000000000000 # Attribute 'damping_power' of the grid.
 # binID   n_entries weight   weight_sqr   abs_weight
    10   10   9.956780946531661E+008   1.224486672630866E+018   9.956780946531661E+008
    16   10   9.956780946531661E+008   1.224486672630865E+018   9.956780946531661E+008
  </DiscreteSampler_grid>
