  0.00000173194707936  0.00001552877374946  0.00002895323712173  0.00004291088959254
  0.00005678566046986  0.00007123008508636  0.00008640555159467  0.00010231947855028
  0.00011891542222476  0.00013620410654567  0.00015408051800807  0.00017301752748535
  0.00019301168907153  0.00021397276147956  0.00023617392479645  0.00025936380966878
  0.00028363892959094  0.00030949090895532  0.00033660958326629  0.00036503411307450
  0.00039499255478399  0.00042639538603923  0.00045960641665364  0.00049405747212688
  0.00052982897077182  0.00056746440045256  0.00060639123051367  0.00064671319932963
  0.00068905515037957  0.00073280474026621  0.00077860833795132  0.00082601649139790
  0.00087611876762194  0.00092923988559586  0.00098476041717251  0.00104362842306252
  0.00110515774867972  0.00116853517215881  0.00123345915880709  0.00130070420222743
  0.00137096542529883  0.00144386457268018  0.00151941989381388  0.00159859931082112
  0.00168129445159743  0.00176517507884621  0.00185278850668487  0.00194581637003323
  0.00204590460891659  0.00214918236558026  0.00225614403884675  0.00236783296225148
  0.00248192311960344  0.00259648013012455  0.00271408025210140  0.00283566590530277
  0.00296218231873648  0.00309281329277837  0.00322076070788055  0.00336493669502768
  0.00351832425795416  0.00369490273399696  0.00387686881632404  0.00405431395171002
  0.00423122468285238  0.00441352378591389  0.00460403562606171  0.00480032136982015
  0.00499972448988405  0.00519972775462987  0.00540136524582116  0.00561794145496953
  0.00584281747922384  0.00609724513368714  0.00639468742860536  0.00674095636066603
  0.00713510241377994  0.00753158422727984  0.00789740557139438  0.00824829907014397
  0.00860380487298707  0.00900405887566735  0.00954470839019217  0.01018890743652353
  0.01097753619912332  0.01205543045809986  0.01343484320876453  0.01416191685878246
  0.01475386455552979  0.01511580175437499  0.01682190406111563  0.02051316145731988
  0.02508262582629007  0.03172101266640717  0.08264804150674158  1.00000000000000000
 -0.00233308833155068  0.00934716265817863  0.01952689011662254  0.03005987408084268
  0.04061031775068135  0.05113912438589407  0.06158932682175648  0.07207315763916297
  0.08270226896371162  0.09334264008930321  0.10398005561451101  0.11451622552440550
  0.12502381057393652  0.13570032115670896  0.14610394452180334  0.15657614199908587
  0.16689689957792170  0.17750020828113075  0.18775281277728800  0.19794197656127249
  0.20807130703337301  0.21853967341756733  0.22917089502727125  0.23979476273926814
  0.25038001120092657  0.26106489759587381  0.27174591160278422  0.28247053726656779
  0.29311135568251695  0.30378826473077269  0.31434877098315345  0.32488824727560600
  0.33536586376699218  0.34567259566919256  0.35591605065637333  0.36617068692195515
  0.37655960178324793  0.38705876765340569  0.39763529490320948  0.40831143018629124
  0.41897930788162707  0.42955626067967412  0.44022110753204374  0.45096589372416374
  0.46167795779039261  0.47211961522152046  0.48252550520616877  0.49297271493924238
  0.50344727369219044  0.51397125178366221  0.52455249727521636  0.53535260493503001
  0.54600171738274816  0.55657567070845304  0.56719907935168845  0.57800053002838481
  0.58880696586895276  0.59930722080003185  0.60979517094835733  0.62034590216134688
  0.63110160961093142  0.64181728172588060  0.65247500046509543  0.66310966437355812
  0.67347308264749584  0.68401312910560530  0.69447599277889838  0.70496567767683949
  0.71521477492594410  0.72547207620107368  0.73603129953263902  0.74665012622193450
  0.75740074181013772  0.76800139656572797  0.77837496023268993  0.78861205802218681
  0.79915015565109448  0.80987179531482489  0.82060844415472556  0.83124303368700159
  0.84182212025600212  0.85241683510528532  0.86300152290688492  0.87355248845747391
  0.88371959314234994  0.89401446475261115  0.90451912828704972  0.91514534612583653
  0.92549314079067502  0.93592448414328222  0.94650778326411766  0.95713069006124951
  0.96783521522283000  0.97844643456416891  0.98921700030041992  1.00000000000000000
 -0.00476977191526208  0.02567405736544862  0.04693365842661024  0.06440024085069398
  0.07989818569977501  0.09431915734530166  0.10802572385398143  0.12106253137825049
  0.13350706803894202  0.14557882995032098  0.15734329712212761  0.16881573744305445
  0.17999780941804194  0.19095074427195385  0.20174540855277653  0.21238606839460319
  0.22282374768720262  0.23301104449789414  0.24298434853316131  0.25283131724440688
  0.26253514144674334  0.27211303374309265  0.28167399163520662  0.29114849517431129
  0.30046555336890274  0.30959480061339234  0.31851184547634115  0.32734195069774757
  0.33615230957222814  0.34489917248808150  0.35361070635875297  0.36231989932099012
  0.37101482533996610  0.37979651387432106  0.38861056709717606  0.39732106565961256
  0.40595621283824046  0.41453749194946643  0.42308401441318388  0.43158377909907142
  0.44001737051495787  0.44839227253789438  0.45670828193751717  0.46501985543984370
  0.47329670308992244  0.48147924368900558  0.48969072842799621  0.49786457533978906
  0.50613737706514117  0.51442654840249291  0.52269264390915215  0.53097480373695061
  0.53939550591471264  0.54779305721715443  0.55620361246104100  0.56450847890335520
  0.57280574172167842  0.58108637139850017  0.58934428541046846  0.59765602122067263
  0.60601034284738864  0.61429050772121341  0.62246155035691653  0.63063724417544931
  0.63885159368040179  0.64719758738189626  0.65575638061395680  0.66448488160346719
  0.67334513907894600  0.68229265917778203  0.69123386264858577  0.70008517875169229
  0.70886927444032433  0.71769012288908407  0.72670088651238363  0.73601872920472611
  0.74546688176325770  0.75492735783866927  0.76437869799946390  0.77386306858023779
  0.78338427960480439  0.79308641107411471  0.80291356701445171  0.81286118047938571
  0.82300961877911927  0.83343413418368373  0.84422227800393146  0.85546612181677584
  0.86723510503411483  0.87953119415465220  0.89246567604717197  0.90652238336687951
  0.92194630833506219  0.94011593747000366  0.96394237500382174  1.00000000000000000
 -0.02823696956581205  0.13735114287545502  0.17596742770094417  0.19894475922108223
  0.21652432102921160  0.23116137492828812  0.24387673655807476  0.25522604438496044
  0.26544911122563508  0.27511856725522238  0.28400857283285558  0.29263297384812426
  0.30062544364432808  0.30837220222927758  0.31560053646422248  0.32254452187933158
  0.32939725931682678  0.33621048841834822  0.34282080724783293  0.34930330491441647
  0.35562064332106746  0.36182597983516446  0.36785318178906967  0.37375084063884007
  0.37947928501160522  0.38511483787530904  0.39075947064339173  0.39638920024511842
  0.40192870134955033  0.40738044398130108  0.41275946525888291  0.41806704007472500
  0.42331308279331575  0.42855306246639063  0.43376262284305389  0.43893419688606372
  0.44403624701648281  0.44909349189501468  0.45413039129064142  0.45910781092533548
  0.46401346222642054  0.46889252425855865  0.47378853206205263  0.47866046633692089
  0.48350533865946027  0.48832019840019625  0.49310478826552756  0.49789717397603617
  0.50267337013276736  0.50752536459543784  0.51233161163843166  0.51719415385479295
  0.52211847066735506  0.52704299029417501  0.53195604850141642  0.53686719128369276
  0.54179451457942873  0.54667974746424342  0.55154095929804092  0.55637149669722252
  0.56128363315642849  0.56634217706149548  0.57148575483651098  0.57672207473978998
  0.58204259404677583  0.58740865006106235  0.59279495703457075  0.59822278386094174
  0.60371116111413536  0.60921577414462746  0.61477655574721934  0.62045015807838599
  0.62620341509904620  0.63216731849870733  0.63806492609514442  0.64408609890055812
  0.65031773447236674  0.65678780040595397  0.66337242102993021  0.67013440953331627
  0.67713282719498524  0.68433178355204705  0.69187839487134595  0.69977891783627588
  0.70801496036064393  0.71665966431697636  0.72558203145223066  0.73523506257560145
  0.74542682940283322  0.75680402232309307  0.76922883864365366  0.78376600006873598
  0.80104703244845055  0.82376136907359998  0.86160707003298775  1.00000000000000000
   1.2651806294181004E-002  -1.0000000000000000     
 T T T T T T T T T T T T T T T T F F F F F F F F F F F F F F F F
  <DiscreteSampler_grid>
  grouped_processes
  1 # 1 for a reference and 2 for a running grid.
  10 # Attribute 'min_bin_probing_points' of the grid.
  1 # Attribute 'grid_mode' of the grid. 1=='default',2=='initialization'
  0.0000000000000000 # Attribute 'small_contrib_threshold' of the grid.
  0.5000000000000000 # Attribute 'damping_power' of the grid.
 # binID   n_entries weight   weight_sqr   abs_weight
    10   10   1.130262754631093E+009   1.856151700185320E+018   1.130262754631093E+009
    16   10   1.130262754631093E+009   1.856151700185319E+018   1.130262754631093E+009
  </DiscreteSampler_grid>
