 -0.00000064784920260  0.00001056390453377  0.00002516066789443  0.00003816305470018
  0.00005089042624437  0.00006339581968615  0.00007610325739345  0.00008927809061157
  0.00010293162812184  0.00011696170563157  0.00013134755489332  0.00014573630349737
  0.00016030463802304  0.00017548023830743  0.00019170446661113  0.00020886590611414
  0.00022660080449736  0.00024540897961821  0.00026478049719676  0.00028470039837436
  0.00030582209296776  0.00032797556972929  0.00035157329902926  0.00037611902440657
  0.00040180136531829  0.00042895876734759  0.00045705156922559  0.00048638436108071
  0.00051673691759319  0.00054903643368560  0.00058284732291842  0.00061750619327023
  0.00065361572594966  0.00069077590053269  0.00073048622849081  0.00077212022618938
  0.00081514614578771  0.00086028467552727  0.00090760272786582  0.00095678390714991
  0.00100742048518907  0.00105914740051392  0.00111504479083252  0.00117491335734344
  0.00123846580177383  0.00130476355034559  0.00137267225079327  0.00144305822724723
  0.00151638365166589  0.00159462438636357  0.00167943222535718  0.00177493905742694
  0.00186935658072928  0.00196484673394110  0.00206670036096009  0.00217959654066822
  0.00229923567881465  0.00242171818137455  0.00254483963809456  0.00266801951160867
  0.00279340085663123  0.00292499527039148  0.00306382033398978  0.00320771899496345
  0.00335772344392898  0.00351545222541833  0.00368442087364313  0.00386944011814691
  0.00405680101711864  0.00424907368812873  0.00445055004594273  0.00462848127554117
  0.00480397880783372  0.00498700974014069  0.00517191364198936  0.00537188283149557
  0.00560150241757749  0.00585002477908764  0.00611168311563258  0.00639463487409724
  0.00671361301735597  0.00708143243594578  0.00754900680598149  0.00794885175664554
  0.00838473658225227  0.00886019141176153  0.00929801004949610  0.00969502909620152
  0.01008047945322712  0.01058414084385926  0.01121300734441524  0.01196481158269926
  0.01349902121872338  0.01552346101132286  0.08133054332318325  1.00000000000000000
 -0.00237905965852990  0.00920147048330487  0.01910782555459876  0.02955146019874389
  0.03995082788015197  0.05040349760424603  0.06076990142284382  0.07125351422325600
  0.08164118245919096  0.09190198007738334  0.10212792291831796  0.11248662161701987
  0.12308810702893322  0.13379157039614611  0.14459960644303760  0.15536344669197305
  0.16600861339384787  0.17649278714818287  0.18692259885622278  0.19748166292924604
  0.20813480225749864  0.21882748896512436  0.22953566036801748  0.24040036912814949
  0.25127148593800369  0.26189871327249792  0.27249178354579739  0.28315659280980721
  0.29376484129287039  0.30411606459176793  0.31447485946021275  0.32511798079068732
  0.33581435705691348  0.34625460530039487  0.35666748546861571  0.36730252045583778
  0.37802333637142355  0.38895498052345584  0.39965694268654400  0.41012176578007714
  0.42041345384176193  0.43099170689042571  0.44172724485160220  0.45242332064452195
  0.46292257438303658  0.47332939358986176  0.48377443339472925  0.49386690929879024
  0.50382549998977777  0.51381203413556664  0.52406342696602692  0.53444865423650767
  0.54473425015482457  0.55542656699077031  0.56594404070193649  0.57641953806910362
  0.58675433304200619  0.59745545543867784  0.60798226925264520  0.61854168518018349
  0.62903038263157907  0.63964608463393613  0.65016052922778844  0.66075191460770333
  0.67131899106231474  0.68198128826280646  0.69269228813894768  0.70357662903417750
  0.71436085431835761  0.72506645289441751  0.73557905580060945  0.74594549294725243
  0.75648191815378574  0.76696903202500888  0.77753044850372066  0.78809253360481690
  0.79898984511040572  0.80973097361807456  0.82020886186056374  0.83058256829814125
  0.84107045408518077  0.85189570271714576  0.86247379599924634  0.87316771729322129
  0.88335827235967501  0.89345385620917683  0.90387128940071859  0.91444671362228513
  0.92540774431134853  0.93611928924106369  0.94693419875340357  0.95766118194042549
  0.96816908075845920  0.97878278932458618  0.98938763542714392  1.00000000000000000
 -0.00346474337042412  0.02344206318855329  0.04292549730719716  0.05924026710917007
  0.07392084450365852  0.08759309394215106  0.10060068357275284  0.11291812862315961
  0.12484913467277065  0.13661883248535248  0.14810825303469655  0.15896125044959597
  0.16965028618692027  0.18026259421401897  0.19078284543529289  0.20107953130558653
  0.21119215642200326  0.22123482273359449  0.23111779854358988  0.24099685733478707
  0.25076616382442285  0.26051393200358786  0.27013243588969105  0.27964721526308678
  0.28904129725776501  0.29833023836600203  0.30756940346720318  0.31671192444338064
  0.32586411764416173  0.33500122268361976  0.34425625394738324  0.35347278360602569
  0.36274112046378321  0.37200704917915278  0.38112689143345341  0.39004656607849991
  0.39876078865481768  0.40731691263705672  0.41580388490803344  0.42423679536964171
  0.43261550511205310  0.44102599648983604  0.44942899941886921  0.45783468082522361
  0.46624225329572444  0.47458671573643862  0.48297154086857880  0.49129671856249713
  0.49975973703757554  0.50817537353438613  0.51673739325559787  0.52529723783246962
  0.53383348738465930  0.54235441409197427  0.55083638454292572  0.55925291318141646
  0.56761333409116843  0.57594113912153544  0.58439855716582390  0.59295054873283914
  0.60151526512380515  0.61016537759538203  0.61879507731642958  0.62755711540316828
  0.63644473872026897  0.64526475769433345  0.65406682350279255  0.66284868463687785
  0.67169235295456764  0.68057506163268544  0.68949952897469291  0.69855795219040706
  0.70779900800706286  0.71714423540131911  0.72656026234048987  0.73592171897676495
  0.74542401333135577  0.75504164494680737  0.76469695786354308  0.77464944140839620
  0.78460066920882854  0.79478342987049533  0.80500771423455764  0.81543533040363947
  0.82589442943902158  0.83641171292043592  0.84751783476445208  0.85882369646657308
  0.87060712448120026  0.88253541439313077  0.89520760073746197  0.90896425762736521
  0.92442811279069037  0.94257628403835647  0.96612633612580390  1.00000000000000000
 -0.02006860897409124  0.12022504636109441  0.15912914104092396  0.18280193062601488
  0.20133236257889614  0.21693785093034457  0.23054200409214035  0.24245278532267855
  0.25336706765412997  0.26303118688035954  0.27237995181749353  0.28089618328547805
  0.28944486931645985  0.29749578758617790  0.30540008688618481  0.31303547670675369
  0.32023091437714041  0.32722866893835462  0.33405679581728187  0.34065098401295835
  0.34709893339003528  0.35338961252110351  0.35946831606462770  0.36546676567593905
  0.37134452240559207  0.37725835050183731  0.38318365644286401  0.38907520115358990
  0.39486570879072391  0.40051636007111185  0.40608016751634401  0.41163187386625727
  0.41717254286159622  0.42271701698283620  0.42822918687084266  0.43373691368600076
  0.43914719679407316  0.44451756177717094  0.44987822311540637  0.45526568742529966
  0.46064251635960485  0.46601147050014585  0.47134283707322211  0.47662452453415949
  0.48189745615632862  0.48712850096337806  0.49234266474152055  0.49752073333344737
  0.50260494417816759  0.50770942961329224  0.51280287140751091  0.51787948565082298
  0.52297309305329176  0.52810738327707252  0.53328017390573479  0.53849896036605138
  0.54379383574696605  0.54917214906633927  0.55457916177710775  0.55999540351488764
  0.56540925840276590  0.57085488775155169  0.57631782042788804  0.58185148976545842
  0.58745637513099924  0.59309821047895561  0.59876658749297196  0.60446407286068227
  0.61021110202132833  0.61603276831444664  0.62192812444743306  0.62796351420068919
  0.63421812410884315  0.64047909744223863  0.64679417911039783  0.65318662450000065
  0.65970110526127179  0.66638798277346734  0.67338571547945847  0.68059523506572472
  0.68788612268457638  0.69539495847237276  0.70299080401594227  0.71092523827335352
  0.71942227807938364  0.72812496235815571  0.73777263103885549  0.74767612678584072
  0.75857067268702305  0.77027841069217518  0.78341463306560621  0.79838379576585328
  0.81650318006055311  0.83975364183995282  0.87867784828190054  1.00000000000000000
   2.5208904073179449E-002  -1.0000000000000000     
 T T T T T T T T T T T T T T T T F F F F F F F F F F F F F F F F
  <DiscreteSampler_grid>
  grouped_processes
  1 # 1 for a reference and 2 for a running grid.
  10 # Attribute 'min_bin_probing_points' of the grid.
  1 # Attribute 'grid_mode' of the grid. 1=='default',2=='initialization'
  0.0000000000000000 # Attribute 'small_contrib_threshold' of the grid.
  0.5000000000000000 # Attribute 'damping_power' of the grid.
 # binID   n_entries weight   weight_sqr   abs_weight
    10   10   9.470999841469711E+008   1.204147384251285E+018   9.470999841469711E+008
    16   10   9.470999841469710E+008   1.204147384251285E+018   9.470999841469710E+008
  </DiscreteSampler_grid>
