  0.00000214048909861  0.00001052148174403  0.00002265538442853  0.00003437753988955
  0.00004598485668429  0.00005750881652569  0.00006901150101816  0.00008075996486402
  0.00009302934256651  0.00010554591266399  0.00011840187547670  0.00013165050144983
  0.00014511915164271  0.00015899157830667  0.00017354745615159  0.00018861127533455
  0.00020407155581103  0.00022013495399633  0.00023699930970479  0.00025447887980600
  0.00027277676401630  0.00029191341038226  0.00031176386416587  0.00033220950645096
  0.00035316285536076  0.00037463888745488  0.00039734200979661  0.00042134072827372
  0.00044608430524986  0.00047201347261397  0.00049902960346123  0.00052650286863597
  0.00055475778108185  0.00058438243942725  0.00061507555038093  0.00064705360717332
  0.00068046066975326  0.00071513374864420  0.00075208503455644  0.00078960396354498
  0.00082731887549975  0.00086529103832119  0.00090583971911098  0.00094678587342473
  0.00099141114194826  0.00103511299106485  0.00108111016252577  0.00112942189147019
  0.00117823528804153  0.00123029669446306  0.00128479342585018  0.00134155097720448
  0.00140126425635851  0.00146399901357504  0.00152871265319971  0.00159440495812939
  0.00166133949793312  0.00172809601433186  0.00179794594201222  0.00186813840831157
  0.00194803147100338  0.00203659966104381  0.00213267746926074  0.00222793924902187
  0.00231985766887391  0.00241410547697037  0.00251564534635810  0.00262551495126449
  0.00274384375227364  0.00286679203478618  0.00299998445342070  0.00315186519399777
  0.00330780116619098  0.00346754891918910  0.00362990033016964  0.00379344736675898
  0.00396308014432657  0.00414961995069957  0.00434118317141437  0.00458191002489539
  0.00488885659727661  0.00525047101590077  0.00561256741850717  0.00596164740770356
  0.00649007289175874  0.00695472275626953  0.00745883380844936  0.00787047676035569
  0.00874074174647704  0.00995247541990459  0.01142958747960306  0.01232759373372030
  0.01325712693444066  0.01425837835037223  0.09129617389816415  1.00000000000000000
 -0.00234279652675400  0.00996611966240907  0.02017176886811971  0.03096395870093492
  0.04151807022508887  0.05182712296416756  0.06211120410760767  0.07260883620073899
  0.08312262105948907  0.09390027593336581  0.10454267987220198  0.11503596600596692
  0.12541554123936352  0.13556755788825803  0.14583188884022186  0.15640164636923257
  0.16720469425921308  0.17828467594815081  0.18870921221660730  0.19922608713835330
  0.20957838117886196  0.21997377877731539  0.23012491271619948  0.24046120406888699
  0.25071223151398003  0.26091564712139742  0.27091265185927316  0.28105810374598628
  0.29131139850289184  0.30159523234372354  0.31143992729053599  0.32121976393360907
  0.33056931745121509  0.34024104099807617  0.34992564197558768  0.36003278617591739
  0.37029273180827360  0.38101667533409983  0.39189579666395097  0.40296926661353261
  0.41372911892232711  0.42399757072167438  0.43404301859890720  0.44474822883134046
  0.45577073860618977  0.46672934400286736  0.47758810435801685  0.48861404315537615
  0.49954971841820406  0.50992325907408875  0.52013376418174873  0.53017677880177949
  0.54022845616272319  0.55093313645067299  0.56215831845917119  0.57330791718999818
  0.58410482221761506  0.59450661398054983  0.60513689262333203  0.61574606719172942
  0.62632804471251757  0.63676151985339868  0.64712762578695215  0.65766931844055998
  0.66838909509080424  0.67913135342399367  0.68983666769870522  0.70051563804361505
  0.71124647362059568  0.72205501605629341  0.73296214085387901  0.74389807807596764
  0.75481298602891000  0.76542198076146717  0.77587676054179522  0.78630455144769895
  0.79699144164153912  0.80775616128435945  0.81869160182175549  0.82952539085718635
  0.84041269814209529  0.85111377237664287  0.86155633966332346  0.87199466591239327
  0.88219527252908581  0.89248846212456678  0.90287786178074370  0.91341132638099143
  0.92435494279292896  0.93553257762984654  0.94680894302109986  0.95808484799662952
  0.96881946075956227  0.97964418940124121  0.98980313832864553  1.00000000000000000
 -0.00347276362956680  0.02214533964869261  0.04106039466742396  0.05742117841859237
  0.07247772140314943  0.08663381480755797  0.10010547581885548  0.11300164389130252
  0.12530706343096013  0.13710828433658992  0.14860964143371599  0.15963880982879344
  0.17052656848157940  0.18130208460026248  0.19186649452982729  0.20208816757313022
  0.21237347054209840  0.22265776037218840  0.23268919030826157  0.24247759243514022
  0.25212180589256034  0.26181035884819720  0.27126605189051123  0.28045080720292365
  0.28939645690353810  0.29842172737344369  0.30755946972629128  0.31687479801618040
  0.32616769732491724  0.33555709550085255  0.34533749569159167  0.35509391074565144
  0.36487681736330135  0.37459451701716884  0.38396629979856378  0.39326896868333805
  0.40240374694230807  0.41132111196516558  0.42016849993817079  0.42905240966067659
  0.43799708482353883  0.44687558669685878  0.45552736251613951  0.46407978912299763
  0.47262642053201565  0.48114545868177905  0.48918031562817671  0.49718104152298082
  0.50518227881246280  0.51322897937979961  0.52135535867246408  0.52929680176984839
  0.53720136915560612  0.54514479653049530  0.55319464171585619  0.56138148817244837
  0.56986489123981765  0.57848856688067729  0.58724388196167610  0.59600807557190161
  0.60472468515606703  0.61354294712501001  0.62238986949415032  0.63114604685545328
  0.63991147132023773  0.64874584737161001  0.65760701585684145  0.66645048135900520
  0.67514380739607627  0.68396412970250053  0.69312485004489910  0.70256863337930109
  0.71195128802424423  0.72088849320870330  0.72966015102961024  0.73859535900641982
  0.74792199905347467  0.75719171048473477  0.76637613273763538  0.77567477996822443
  0.78520778683613479  0.79469347834501114  0.80418328247580018  0.81378656046979014
  0.82445123336507276  0.83549518694092240  0.84687606158671269  0.85771761116484857
  0.86910634517733421  0.88156003326643029  0.89469436264856128  0.90824885553370804
  0.92302515502411953  0.94086452184328262  0.96515307479738721  1.00000000000000000
 -0.02031525818041377  0.12109644506550163  0.15930789591555283  0.18271861923485655
  0.20085460786280598  0.21598485884965168  0.22914950229688913  0.24103175284190412
  0.25189903862984558  0.26184202710239896  0.27128152130067507  0.28010397966297357
  0.28889363673349866  0.29705468105287119  0.30508892032283075  0.31278792309842240
  0.32016901602870512  0.32725309634676786  0.33413326719066760  0.34053790554280294
  0.34669087688155237  0.35274669121545371  0.35881272114647145  0.36499580658789799
  0.37114197214941702  0.37710900496287270  0.38291813951997139  0.38869987400030176
  0.39451115352426763  0.40026136090331160  0.40594959642981687  0.41168298773986317
  0.41732197976497837  0.42271797694369084  0.42797977169791152  0.43327847857071111
  0.43865326666463733  0.44404093565942354  0.44933639129533587  0.45458519111542256
  0.45977319513609971  0.46488004728040344  0.46991954294471477  0.47488924356623835
  0.47985934288982823  0.48499770115355711  0.49013945687811000  0.49526633176340618
  0.50046149513726446  0.50571623192949777  0.51097616755649478  0.51630423412455584
  0.52170529331642379  0.52714612582481768  0.53257255565167982  0.53793217203959931
  0.54325386914882701  0.54863027523399033  0.55395113811210273  0.55922995381786000
  0.56453380552121579  0.56988523244823952  0.57531707349005901  0.58085907908236289
  0.58652279885176362  0.59228500295096032  0.59810845381728550  0.60396871593606638
  0.60982724665692589  0.61561466376306284  0.62135124251058116  0.62711068552177018
  0.63309286695694988  0.63921525329975570  0.64537822808848988  0.65171337014579622
  0.65815802492531394  0.66484657232560795  0.67183380055993314  0.67895773805078696
  0.68635795686224033  0.69397135094726925  0.70178559147496489  0.70975538984201170
  0.71839412885812526  0.72737761806124457  0.73730096423502645  0.74715592993576241
  0.75762508551431018  0.76893723465919006  0.78216128318862399  0.79732363472073375
  0.81577495256067944  0.83994205870980576  0.87810282836966358  1.00000000000000000
  0.11527678084712524       -1.0000000000000000     
 T T T T T T T T T T T T T T T T F F F F F F F F F F F F F F F F
  <DiscreteSampler_grid>
  grouped_processes
  1 # 1 for a reference and 2 for a running grid.
  10 # Attribute 'min_bin_probing_points' of the grid.
  1 # Attribute 'grid_mode' of the grid. 1=='default',2=='initialization'
  0.0000000000000000 # Attribute 'small_contrib_threshold' of the grid.
  0.5000000000000000 # Attribute 'damping_power' of the grid.
 # binID   n_entries weight   weight_sqr   abs_weight
    10   10   2.386891640701334E+009   1.029632755070790E+019   2.386891640701334E+009
    16   10   2.386891640701334E+009   1.029632755070790E+019   2.386891640701334E+009
  </DiscreteSampler_grid>
