 -0.00008213865074483  0.00086537512607540  0.00199614470696019  0.00360729125175101
  0.00575467885427495  0.00837630873638405  0.01148986869667950  0.01507079589353569
  0.01917132751205401  0.02358902254510944  0.02811542147287584  0.03283688876057699
  0.03793981254568589  0.04363579703873360  0.04947587971327666  0.05571234922356284
  0.06236492921822821  0.06910584053993751  0.07580550477845929  0.08289452068006410
  0.09032251003821343  0.09792369348800802  0.10565713429275467  0.11348321913517539
  0.12150144427513548  0.12994715433306522  0.13868034743944455  0.14744429504002141
  0.15617299897891529  0.16487984486181223  0.17341465032890294  0.18233361427133984
  0.19180019883104424  0.20130304022762999  0.21085462662540189  0.22070970025278883
  0.23080194895357906  0.24108907670946261  0.25158178741568776  0.26219549633996497
  0.27281233577706515  0.28363295855407916  0.29466075401040648  0.30556901075586040
  0.31630583392919565  0.32707860573791414  0.33837766169841060  0.34998934643485186
  0.36174607031205652  0.37365856969902184  0.38558984988132078  0.39749962797875349
  0.40933554245945930  0.42100656622373334  0.43241360444234750  0.44357763292708802
  0.45492999976386933  0.46643981201256585  0.47779722211412046  0.48930169373536431
  0.50108966918504261  0.51305752481365396  0.52508854024956086  0.53711023268660418
  0.54909560162742355  0.56161808537589863  0.57413093092245959  0.58649036313937886
  0.59926844010609648  0.61248645844591298  0.62571570559819634  0.63887812967925406
  0.65243921437430552  0.66625234830502744  0.68031347920889307  0.69445991938162033
  0.70848538930480065  0.72279138886928118  0.73757597493247695  0.75228790342342744
  0.76697733412259483  0.78210415290855106  0.79772013734724456  0.81292613924966994
  0.82789301012191918  0.84294428569328850  0.85800722194821810  0.87325902874423755
  0.88848318214571409  0.90376177480732411  0.91934225849096507  0.93513509633241954
  0.95121146903373954  0.96745219019087014  0.98375467663355398  1.00000000000000000
 -0.00216296002355346  0.00926147572678706  0.01904382611851983  0.02901110385355854
  0.03925328701651368  0.04928337728422900  0.05972602899989019  0.07011952563288718
  0.08055845202755239  0.09103882184196972  0.10150974818201158  0.11196673965431386
  0.12259823322784212  0.13350028148547832  0.14424618494979360  0.15464571697635493
  0.16501849432997076  0.17666953389788259  0.18876520904660124  0.20094651020520540
  0.21212399600717310  0.22273730027985356  0.23296858379921459  0.24341660459780182
  0.25409112871540174  0.26457047304769765  0.27575086975928387  0.28801071650266408
  0.30070619380551228  0.31340445686052998  0.32524398089371143  0.33610798863441943
  0.34649696127826546  0.35676098002759232  0.36697796342156497  0.37707340867807942
  0.38711686761658126  0.39741920893672705  0.40801692474276624  0.41872590482115946
  0.42915933510638066  0.43906813543650480  0.44876517445531100  0.45844801514367872
  0.46813638089262222  0.47800327472889736  0.48793515356303285  0.49747893283703409
  0.50718108212628377  0.51720288949483706  0.52830891396189239  0.53997597767059202
  0.55127256991961637  0.56244570302015129  0.57327354129216612  0.58375019006386641
  0.59415823195965201  0.60447679745129324  0.61473192680245226  0.62504016471382806
  0.63551451041967488  0.64589397081478428  0.65598121030626699  0.66628550310853607
  0.67698483864510006  0.68760658020753640  0.69779894689206434  0.70740757190672710
  0.71708064179482633  0.72712611760995993  0.73742831213442650  0.74777787988059818
  0.75848007745032642  0.76937364622508631  0.78033749045274803  0.79089221154851996
  0.80085358937953288  0.81091018203035736  0.82134901029397944  0.83171724231492028
  0.84228462132455628  0.85272581526055280  0.86511541151708915  0.87685514339195325
  0.88742560846993090  0.89750554829149742  0.90726302403182157  0.91697985695299367
  0.92626378383130648  0.93596200063924351  0.94639619697643174  0.95734105587338891
  0.96788534211936217  0.97812981733868054  0.98907408912738037  1.00000000000000000
 -0.00221143722783187  0.01523665097162066  0.02939155096918460  0.04271956689831329
  0.05525766060137363  0.06741053128297382  0.07906901826454252  0.08927807822995705
  0.09808281834967347  0.10697255591454891  0.11622464615925161  0.12580678355989833
  0.13399944068212322  0.14266957320796933  0.15118174557634390  0.15993035430502167
  0.16812360958552081  0.17638221232104756  0.18479766616113041  0.19313191562475518
  0.20124770377459311  0.20910262190894705  0.21663759764688764  0.22393122080655448
  0.23094744646571713  0.23771383993704598  0.24451625161062163  0.25134755202541770
  0.25811549514073007  0.26491868796986112  0.27214590306965630  0.27993662939893743
  0.28776829750744665  0.29598059386461134  0.30466598219723479  0.31324041936248714
  0.32239525193283458  0.33147355797857658  0.34029596365367282  0.34889691039822585
  0.35755881998255823  0.36537355530105486  0.37300054305730862  0.38055081503448712
  0.38819337498563755  0.39578838221122992  0.40327725127184766  0.41058547370173526
  0.41774273037268994  0.42508305704166638  0.43268733681448057  0.44044663988007393
  0.44841537342224153  0.45626308247004582  0.46396431376580677  0.47149546865623337
  0.47903899092660940  0.48673127900634044  0.49467360060597304  0.50283377320480205
  0.51094122742853310  0.51915678786863972  0.52769886524186504  0.53643775022653939
  0.54526011668249463  0.55398034541027652  0.56285976922909497  0.57164357338198957
  0.58091198595750382  0.59057491582617971  0.60082791100582489  0.61122061019996921
  0.62166455856616831  0.63212320296127644  0.64262719497282084  0.65302205310602124
  0.66358965419427796  0.67457445876123834  0.68578817009349280  0.69666327970622044
  0.70752080663361516  0.71879417519433975  0.73060652225344902  0.74237546207980987
  0.75420878387910073  0.76658193520772155  0.78014167447566440  0.79496007389303658
  0.81092638616208934  0.82882700841715706  0.84772414042190247  0.86713983944908435
  0.88911429395482944  0.91474103452937061  0.94608451935149573  1.00000000000000000
 -0.02253361814060208  0.13552341010187860  0.17518767646963274  0.20119323683484677
  0.22075504198961884  0.23558929037407264  0.24843027032815579  0.25948807515695094
  0.26918180977550082  0.27760743975157876  0.28560144002262466  0.29329026728703539
  0.30084038473686558  0.30829118121177213  0.31591603207280627  0.32346675511900169
  0.33064023819702282  0.33743943666076648  0.34381909333987087  0.35005378834436568
  0.35611149700073130  0.36211725384798182  0.36806848828953015  0.37395311241138479
  0.37934818803191972  0.38468155553721128  0.39007806920890420  0.39559417302904587
  0.40120291695326638  0.40664329473470678  0.41195878054579854  0.41725876646952803
  0.42252953638301277  0.42771131836333776  0.43278286909146751  0.43776797822570429
  0.44284678113498377  0.44802050770132612  0.45321028642168154  0.45819050881769363
  0.46308415495150490  0.46791617099336724  0.47285186032787191  0.47794733225188413
  0.48311934180840926  0.48845138594673587  0.49369451143859883  0.49876250251343679
  0.50373196365890716  0.50847481210172718  0.51319371765313215  0.51783745521871904
  0.52250399343853515  0.52722120391144622  0.53192751941879246  0.53676934214528116
  0.54161513551636498  0.54605590663447001  0.55043963233365645  0.55469731715481208
  0.55900422450961607  0.56357604301182185  0.56845207320128666  0.57323857006788248
  0.57806737892589477  0.58292742553950117  0.58782852988800260  0.59271487471494955
  0.59746876492634615  0.60242836502940145  0.60804642135738507  0.61422765157810133
  0.62055150928017311  0.62669863827282990  0.63262912342900801  0.63860777494454779
  0.64465732255760799  0.65109645145703965  0.65791849351940956  0.66487133228212125
  0.67214103315693130  0.67937721457051381  0.68679659842341767  0.69465389497245300
  0.70306437683637812  0.71184356539173754  0.72116031025072580  0.73091742361780265
  0.74141352570924934  0.75275415248518041  0.76534545453989111  0.77926668175331515
  0.79730094861157386  0.82280557870053039  0.86299870110711008  1.00000000000000000
   3.7370501755446595E-005  -1.0000000000000000     
 T T T T F F F F F F F F T T T T F F F F F F F F F F F F F F F F
  <DiscreteSampler_grid>
  grouped_processes
  1 # 1 for a reference and 2 for a running grid.
  10 # Attribute 'min_bin_probing_points' of the grid.
  1 # Attribute 'grid_mode' of the grid. 1=='default',2=='initialization'
  0.0000000000000000 # Attribute 'small_contrib_threshold' of the grid.
  0.5000000000000000 # Attribute 'damping_power' of the grid.
 # binID   n_entries weight   weight_sqr   abs_weight
    10   10   1.679091765799535E+009   2.952131422116909E+018   1.679091765799535E+009
  </DiscreteSampler_grid>
