 -0.00009103284614369  0.00086243019828398  0.00201180252463952  0.00364480385123375
  0.00585438226206839  0.00855424757329949  0.01170926599661130  0.01530374094984322
  0.01932756132146239  0.02382440434562307  0.02870298426414123  0.03395487314935223
  0.03955060761738331  0.04548519361376044  0.05186331295557511  0.05860272692747898
  0.06555133236099329  0.07282709040698959  0.08044051192903821  0.08842571251496527
  0.09647344769262477  0.10460892690386515  0.11272511993434790  0.12088662849165807
  0.12917979240162322  0.13775401708902318  0.14663638168448842  0.15590718047114760
  0.16524888236561694  0.17448947831723857  0.18378610221012742  0.19322978210513714
  0.20278813983864180  0.21250766176201974  0.22239131705395257  0.23235774068428675
  0.24229024638935781  0.25244937118198751  0.26294318082246199  0.27343477582678233
  0.28398875304218285  0.29451927621086599  0.30505516325090687  0.31601256302410391
  0.32712015477570067  0.33833895025028354  0.34963554029672106  0.36086154644834501
  0.37211819788852846  0.38355871374448636  0.39517560033305171  0.40688601224721888
  0.41866635790165740  0.43036664473685171  0.44213930378105804  0.45388086203076028
  0.46577053617577568  0.47784560806548415  0.49008324585803092  0.50245945162730976
  0.51498079020787912  0.52764131451026253  0.54013834012565987  0.55268537634186887
  0.56538212604594851  0.57804279464520636  0.59058079977250066  0.60319096670849259
  0.61597587542772125  0.62881103857415699  0.64186570887884409  0.65507780633594115
  0.66836128069349510  0.68168149331799577  0.69492568992249515  0.70828637651399984
  0.72184713250404176  0.73551011658691612  0.74917734501876920  0.76282622561470359
  0.77636850684529646  0.79046280729505913  0.80457351360660745  0.81856277076729289
  0.83249396246428120  0.84665692940317328  0.86105245077373616  0.87571258831998289
  0.89066496444168541  0.90594436850377380  0.92163371122585058  0.93780523269641125
  0.95366971384653543  0.96930298066675602  0.98475669767141893  1.00000000000000000
 -0.00286330257422020  0.01092387846571736  0.02206457175086939  0.03239343771935590
  0.04310894595917272  0.05377963631220872  0.06413518951216990  0.07465384613715667
  0.08479853146978826  0.09518744974905813  0.10529647500065732  0.11542239617455792
  0.12609094499562687  0.13652519718174422  0.14688491216961705  0.15719336313163595
  0.16765537476321868  0.17790337493464844  0.18790321936422349  0.19756607710142185
  0.20722432291438012  0.21707772493968958  0.22726564512982222  0.23772985886109690
  0.24840860934578854  0.25961661941578990  0.27095296393678420  0.28211117874719388
  0.29300192977514800  0.30364625309638482  0.31452078515500298  0.32510970125301331
  0.33583788214109078  0.34612699592312812  0.35666445408760378  0.36650087111627100
  0.37664043887047827  0.38715520590181929  0.39801296234047112  0.40899927645623363
  0.41985171559347939  0.43086209352955718  0.44169611895473626  0.45220630874150874
  0.46300295299010513  0.47441399801122408  0.48571192853785539  0.49723674440994475
  0.50930396079523466  0.52113675084109734  0.53254863451305345  0.54324424868091081
  0.55318695655051042  0.56294608422448089  0.57254175460015222  0.58229217985300186
  0.59216560903633519  0.60217275786955982  0.61267054876262661  0.62336189585099810
  0.63393787374517041  0.64401459839800856  0.65368759682617517  0.66366331467881279
  0.67442109535996508  0.68549960331393756  0.69591087509441463  0.70607465373860867
  0.71631382505212693  0.72691805918890307  0.73774534500635203  0.74880821769927031
  0.76031982828193678  0.77159103827704356  0.78235501200680346  0.79253902738291471
  0.80196748554791131  0.81173664586737659  0.82159929421861344  0.83170534777116112
  0.84155329143218560  0.85157875147923623  0.86170018161361517  0.87220911602353479
  0.88285307607979102  0.89323949885163978  0.90375698820696138  0.91388443451157286
  0.92417443468203642  0.93413636704527903  0.94496597562874984  0.95579242223497229
  0.96702961401343124  0.97753157710832994  0.98892674179520912  1.00000000000000000
 -0.00310397660089152  0.01955717930565120  0.03711643771279796  0.05193388442978209
  0.06524853940988672  0.07770802406182817  0.08962527690484441  0.10105220816643606
  0.11248085546809265  0.12386792958467831  0.13434546907026076  0.14439640411323018
  0.15433358722063586  0.16416475401799299  0.17361477727295360  0.18278884757242253
  0.19203239735509142  0.20142876722872463  0.21068802154298849  0.21978070105646633
  0.22889197407190620  0.23821545752126261  0.24756887210845563  0.25691938884438931
  0.26648738282935103  0.27628802103962125  0.28619368970475390  0.29589168605707916
  0.30521119018985599  0.31450877124853904  0.32324019516747277  0.33210583447376762
  0.34052820724790833  0.34893605462187655  0.35723797616745351  0.36564659512888276
  0.37416907967859986  0.38247499018009673  0.39080168842022900  0.39913464469301396
  0.40768526568115332  0.41606977688767904  0.42429878266128424  0.43240757548777919
  0.44043418581986044  0.44831886105106344  0.45626564633170996  0.46435062543170169
  0.47222326419511046  0.48053744875748500  0.48898729381261991  0.49764618274243622
  0.50627199660685795  0.51477434177437631  0.52333039407036108  0.53214695373367460
  0.54105365295699892  0.54988810317881265  0.55880578467375419  0.56783955408053155
  0.57696584087485758  0.58602422818926536  0.59499506633302479  0.60404226067399414
  0.61343627556401747  0.62321150794594693  0.63312537412452963  0.64326149358813400
  0.65378727635694833  0.66441593479257732  0.67545315811005813  0.68655733084865733
  0.69730628107677994  0.70789128801687662  0.71843738926666478  0.72904920456485300
  0.73980209863741997  0.75022178061969846  0.76043797837231397  0.77036959411784145
  0.78038710650857657  0.79065475267475427  0.80137108630800868  0.81228615082013678
  0.82387990498754249  0.83614509071222454  0.84836630076438313  0.86035604177147174
  0.87277353265858182  0.88597530263539492  0.90052614979643220  0.91637401972113419
  0.93287592323786617  0.95179022046247519  0.97398215438174207  1.00000000000000000
 -0.01068695430809575  0.05861579094793563  0.08671360524685745  0.10378891512274582
  0.11668096985002617  0.12746605892493759  0.13703487225684000  0.14623346659727593
  0.15494293785549018  0.16324123615161887  0.17116982686578677  0.17887313351773793
  0.18676235470621608  0.19495277156315557  0.20334983795370867  0.21172188179251916
  0.21961917202145026  0.22742034892312155  0.23523698746355468  0.24309746821293926
  0.25129146908293243  0.25983083697820814  0.26885551243174238  0.27819964834286948
  0.28737304685384657  0.29625196791457048  0.30509424749332015  0.31414661589278037
  0.32351017264258142  0.33295040194132691  0.34266930115839278  0.35247472602857854
  0.36235950423116647  0.37224409416838050  0.38201857044355964  0.39167601491620002
  0.40128287521822609  0.41098812712866922  0.42072609978657405  0.43022397494242115
  0.43933507126770704  0.44810573221304961  0.45699541946493516  0.46606398538534854
  0.47502551640231366  0.48361079832048454  0.49187330302709059  0.50024816080075574
  0.50880525023364276  0.51757449214081264  0.52659707940493627  0.53582970278682063
  0.54543430487169953  0.55503556518068953  0.56423514251736728  0.57326087398359371
  0.58233814762585212  0.59148679999293896  0.60081572407384887  0.61022700135015673
  0.61957308257567556  0.62888143725153878  0.63818969635713008  0.64767372158792202
  0.65729898246350782  0.66696857769676110  0.67695286466290538  0.68684541280229483
  0.69614656208456416  0.70519599890021178  0.71406637504658621  0.72294370176657019
  0.73185873999486661  0.74058434360556191  0.74915871730565586  0.75741159363645016
  0.76541444514828749  0.77317066633182308  0.78075115516296367  0.78824692725121970
  0.79575842800176144  0.80338816970122517  0.81120248314610244  0.81916994363863149
  0.82702862475792793  0.83493752136452837  0.84286682402437074  0.85101983173404183
  0.85929884479860752  0.86760346822378254  0.87655735864317108  0.88674434622944742
  0.89911923748240830  0.91585973601585680  0.94365432579173114  1.00000000000000000
   2.0802176677458081E-004  -1.0000000000000000     
 T T T T F F F F F F F F T T T T F F F F F F F F F F F F F F F F
  <DiscreteSampler_grid>
  grouped_processes
  1 # 1 for a reference and 2 for a running grid.
  10 # Attribute 'min_bin_probing_points' of the grid.
  1 # Attribute 'grid_mode' of the grid. 1=='default',2=='initialization'
  0.0000000000000000 # Attribute 'small_contrib_threshold' of the grid.
  0.5000000000000000 # Attribute 'damping_power' of the grid.
 # binID   n_entries weight   weight_sqr   abs_weight
    10   10   1.522372578252095E+009   2.321790682011588E+018   1.522372578252095E+009
  </DiscreteSampler_grid>
