  0.00000126722542514  0.00001258627056614  0.00002750915176602  0.00004089035798672
  0.00005431885569545  0.00006794977296440  0.00008210520972011  0.00009682394872865
  0.00011215544738855  0.00012783980959835  0.00014378377590844  0.00016009529140029
  0.00017726939718617  0.00019541517045825  0.00021442017080456  0.00023429540790452
  0.00025525057547951  0.00027700256210026  0.00029969292806701  0.00032353419486484
  0.00034855634485213  0.00037482939358838  0.00040242370796893  0.00043094715836830
  0.00046125321237285  0.00049283469023312  0.00052579373559485  0.00056105769197729
  0.00059747393596118  0.00063544490407474  0.00067546412955892  0.00071716265982261
  0.00076147404004312  0.00080811993658545  0.00085654374502846  0.00090673909344748
  0.00095818064603101  0.00101116299218941  0.00106753304792235  0.00112619731135932
  0.00118807765414720  0.00125411292343977  0.00132546939464466  0.00140216888349380
  0.00148162862377119  0.00156267555332440  0.00164636474169315  0.00173233249098094
  0.00182140363876983  0.00191782902896513  0.00202148705443810  0.00212950146280143
  0.00224306437114871  0.00236296149312312  0.00248695547991372  0.00261145197121047
  0.00273490611903869  0.00285822402028172  0.00299065226303496  0.00313867543889715
  0.00329566812680461  0.00345998301252701  0.00363033610334596  0.00380518057158723
  0.00399035153609135  0.00420398542310335  0.00442274523547050  0.00466096339048740
  0.00491245972707557  0.00516529804442584  0.00543270632846191  0.00573439387081559
  0.00607873457729525  0.00644867419230898  0.00681074199940274  0.00721796069197424
  0.00759352343983112  0.00797491304508372  0.00840181815591910  0.00885236132808444
  0.00935313746250648  0.01000174431517547  0.01062191624073002  0.01112204134784891
  0.01167512929442441  0.01279880169853242  0.01415377633810085  0.01591592435143926
  0.01744468849711242  0.01879434300835747  0.01982459469860478  0.02140613882561107
  0.02357887910707151  0.02743922908603812  0.24632724863045427  1.00000000000000000
 -0.00257185864563278  0.00950655239848903  0.01964981132384668  0.03022344802260564
  0.04089095264909461  0.05142824721114089  0.06180784590707464  0.07179413456110104
  0.08176926403588518  0.09163917474196503  0.10173912338339455  0.11185580227360513
  0.12225635665459877  0.13258099620110481  0.14300010581020567  0.15320910509426569
  0.16349856201128810  0.17386892732827755  0.18441415168897737  0.19493534170695132
  0.20557254534870881  0.21620273272018239  0.22676815666706623  0.23701987941614180
  0.24704480199379567  0.25694060339335256  0.26699826531987719  0.27724822660660531
  0.28770942658887194  0.29812481558127346  0.30853307267049851  0.31887531118835949
  0.32925657579604950  0.33956183955744679  0.34979238461230000  0.35995470404036628
  0.37001313109713030  0.38022965527520886  0.39056410749920684  0.40119424755999367
  0.41200850073764933  0.42267309329747993  0.43341168448938866  0.44427118431364088
  0.45530737682229777  0.46616121687507434  0.47684578531593858  0.48752616316826131
  0.49839102199942725  0.50939031603771212  0.52029955455483623  0.53105708017498232
  0.54155320621216174  0.55208203248169641  0.56277632354250040  0.57354972925774761
  0.58467093883625365  0.59501323746104673  0.60557925725287509  0.61600014811391834
  0.62655519847604391  0.63687014708407419  0.64735493563840263  0.65830029391055678
  0.66910360807064873  0.67988028343760620  0.69050021091040525  0.70145582128932504
  0.71238935646240420  0.72333927098079887  0.73416520572531130  0.74452417622072786
  0.75486832613781563  0.76491096992743191  0.77511723166458191  0.78538644290835946
  0.79596471344382658  0.80683844667794258  0.81759792857269042  0.82837288095993855
  0.83911163835616254  0.84983670684535495  0.86042669844628783  0.87078876820696749
  0.88122632514614485  0.89191267679982500  0.90285148714582808  0.91368306515803410
  0.92446897182744647  0.93496895345444331  0.94552214445383553  0.95606555443387031
  0.96688148523963802  0.97782946767031687  0.98886950214584701  1.00000000000000000
 -0.00396875569705408  0.02352173009385480  0.04311734621316754  0.05966780051728223
  0.07482644374359655  0.08911592499844995  0.10281517664831595  0.11596864791785612
  0.12859875714251390  0.14080006091920838  0.15254344851228763  0.16387953544343642
  0.17495175163484530  0.18585281999182440  0.19664242995982134  0.20729634523839621
  0.21778247597449818  0.22808030056259118  0.23819973969333125  0.24817727052321603
  0.25805629279007830  0.26787596285022997  0.27764907419790369  0.28739408625599383
  0.29692874534348140  0.30633554724363549  0.31562685590397199  0.32488299679706822
  0.33406639342096012  0.34313108832639272  0.35212492261430944  0.36102761994747407
  0.36986746575130891  0.37861119340398386  0.38726296543645555  0.39591901609516839
  0.40452640728757527  0.41310718046632927  0.42162024186520264  0.43011064609512062
  0.43853364090928371  0.44695857689088120  0.45535956832316904  0.46380767074387153
  0.47238205110517673  0.48100251799128968  0.48951482371665578  0.49794684668338013
  0.50612634398692313  0.51424204924774819  0.52246685405851079  0.53077243808446672
  0.53907449905713323  0.54729268217683091  0.55557302072997694  0.56391069554712503
  0.57219736860445181  0.58037553236736272  0.58849638363319956  0.59661784131965234
  0.60486812926854483  0.61335588518321915  0.62197972570245807  0.63065335317588689
  0.63937745228431464  0.64813900790875845  0.65699178537687442  0.66590786796916923
  0.67483179405210958  0.68375060708240021  0.69258393945064578  0.70142951346807803
  0.71033762391606126  0.71929029428591984  0.72834766774520132  0.73765003397667706
  0.74714548870897968  0.75689515120373063  0.76662474617746690  0.77647161869485437
  0.78643299478002737  0.79654726195323700  0.80661866507599178  0.81678831865035550
  0.82703327177314478  0.83778860103933905  0.84894256277762925  0.86045598167916437
  0.87232421203779553  0.88485440702175622  0.89811456933707445  0.91214338796493877
  0.92750875278870604  0.94502232233940275  0.96803671374876121  1.00000000000000000
 -0.01985928220412626  0.12097089963906800  0.16055847812898594  0.18405971844681876
  0.20232062154848507  0.21764607146960652  0.23108032113562815  0.24299443335953422
  0.25374309334813167  0.26376573561127326  0.27336062408902723  0.28243246467996436
  0.29124282440452592  0.29943719627908161  0.30735269679319482  0.31493930345967647
  0.32230173906782750  0.32949919922345050  0.33644950970749410  0.34319782387872988
  0.34980054547340056  0.35629432069056727  0.36258123204107362  0.36887691974467279
  0.37504816047440809  0.38103832759325224  0.38694363414211541  0.39281810037601345
  0.39862055521358469  0.40429853259047255  0.40985642863604554  0.41532568405358733
  0.42073520412406057  0.42610975907415238  0.43147208354333966  0.43676390497410855
  0.44200134568193561  0.44721399875095885  0.45247197773110470  0.45773448444648396
  0.46293621662243833  0.46807718407698456  0.47318992920242742  0.47831192199248374
  0.48348140346657931  0.48859992389127999  0.49370190969429784  0.49884435239245117
  0.50385093877594911  0.50887909997848535  0.51388747508078003  0.51889958999755448
  0.52396207976731790  0.52908335622036184  0.53424267797030955  0.53940012277119598
  0.54451689966972527  0.54963946318080825  0.55479680441959645  0.56004052670810622
  0.56536190066362757  0.57072622646349114  0.57606989176676504  0.58142629436826476
  0.58686392451257585  0.59238954688071832  0.59795663695244394  0.60353225631249541
  0.60911399141029532  0.61473769395413180  0.62047822089113036  0.62639812579241427
  0.63253611321804637  0.63878625784674037  0.64512771523059576  0.65157336400683119
  0.65808903991737144  0.66465581744258850  0.67151493627092629  0.67863129108742470
  0.68580530157847353  0.69321744263047924  0.70081760161647333  0.70879319463126500
  0.71749073768089389  0.72647797197612063  0.73609010921579665  0.74611970452137488
  0.75697785979043730  0.76877794898207807  0.78210197126747183  0.79742722922372655
  0.81584770066586632  0.83952201433315199  0.87885936178196133  1.00000000000000000
   2.5435718492293521E-002  -1.0000000000000000     
 T T T T T T T T T T T T T T T T F F F F F F F F F F F F F F F F
  <DiscreteSampler_grid>
  grouped_processes
  1 # 1 for a reference and 2 for a running grid.
  10 # Attribute 'min_bin_probing_points' of the grid.
  1 # Attribute 'grid_mode' of the grid. 1=='default',2=='initialization'
  0.0000000000000000 # Attribute 'small_contrib_threshold' of the grid.
  0.5000000000000000 # Attribute 'damping_power' of the grid.
 # binID   n_entries weight   weight_sqr   abs_weight
    10   10   2.814906660376075E+009   3.602665554961225E+019   2.814906660376075E+009
    16   10   2.814906660376075E+009   3.602665554961227E+019   2.814906660376075E+009
  </DiscreteSampler_grid>
