  0.00000302148289764  0.00001350176943212  0.00002685734422914  0.00004040212617889
  0.00005368114212148  0.00006679187796818  0.00008017114588429  0.00009393516357168
  0.00010818170225120  0.00012286126467030  0.00013789052874888  0.00015330006501128
  0.00016913632412448  0.00018598379322017  0.00020351915155641  0.00022202154922270
  0.00024151546698613  0.00026194634329631  0.00028313313591968  0.00030530317078810
  0.00032870482966625  0.00035327729271046  0.00037921212265581  0.00040634658501651
  0.00043434643990738  0.00046348354876722  0.00049355562273477  0.00052442664674285
  0.00055733568631591  0.00059147796593807  0.00062768281811623  0.00066569343889873
  0.00070529311186465  0.00074688656456548  0.00078933984217852  0.00083273744121456
  0.00087750071907562  0.00092404203698068  0.00097272479548002  0.00102272310966104
  0.00107527470662896  0.00112930348063938  0.00118669984722614  0.00124877898296730
  0.00131357057459440  0.00138022704400538  0.00144958173111784  0.00152232002806361
  0.00159857477401653  0.00167880972967560  0.00176560462658906  0.00186525578991028
  0.00196944039259356  0.00207312661401434  0.00217885144518261  0.00228522205967496
  0.00239026646363372  0.00249726096644543  0.00260936577140878  0.00272892386146774
  0.00285682034095695  0.00299008336054110  0.00312098225388473  0.00325109210454554
  0.00338825211994488  0.00353539501869310  0.00370797266107633  0.00391218935123502
  0.00413672033572966  0.00436685044748058  0.00460655922704837  0.00482281254837643
  0.00504998919758421  0.00528392972230385  0.00553358246968629  0.00581442653399328
  0.00614482074611173  0.00649408866806176  0.00686418884274598  0.00723775555664262
  0.00762753031960154  0.00805110102820354  0.00854275393153723  0.00913346939376559
  0.00982717891487478  0.01040637444904806  0.01099421783262958  0.01159954464604394
  0.01209758047936880  0.01293656893417890  0.01366546040136631  0.01436521237651974
  0.01523653459636745  0.01656346633254326  0.24723630306417405  1.00000000000000000
 -0.00253916393551199  0.00951570777877420  0.01964637276491759  0.03012372595517814
  0.04043921520727455  0.05112355919776889  0.06185850236179854  0.07274773701316452
  0.08324506470931112  0.09389487429248043  0.10451144279990278  0.11536708203040776
  0.12617323211490067  0.13689599958274401  0.14744296056861772  0.15804503335792316
  0.16879739627421150  0.17956155284951059  0.19036983880051631  0.20105020671059912
  0.21150323625706696  0.22182601796851747  0.23220355361200126  0.24275687834298507
  0.25320953262908313  0.26359364480514158  0.27384646263409751  0.28419475458250543
  0.29442134011972493  0.30463685500401727  0.31499172530416653  0.32538984165037343
  0.33577134797586611  0.34607400093604812  0.35639292959353125  0.36678834351466377
  0.37742599904574747  0.38822428752605143  0.39903673409390950  0.40960616672969391
  0.42011897864138026  0.43066935933952816  0.44111135763216064  0.45164671580260463
  0.46214562979673313  0.47279538563064794  0.48339907306840846  0.49392840168007218
  0.50432436837332550  0.51472297082338236  0.52516023753623897  0.53567030738680987
  0.54619856901394204  0.55686757305354284  0.56735635753135272  0.57784537604413566
  0.58828014616240742  0.59860362786894650  0.60875510955202050  0.61883478501234623
  0.62921092768276343  0.63976677027508566  0.65027753786550524  0.66072977620843509
  0.67121593328262241  0.68189057242854512  0.69261949440493020  0.70336863716208065
  0.71385113162485991  0.72441230539164558  0.73454887939272617  0.74478361049071262
  0.75494103242804433  0.76514241594338606  0.77533737274818137  0.78571174732275584
  0.79648807461032223  0.80737137959410599  0.81797326808928050  0.82837468797996927
  0.83875512655444262  0.84905794597482365  0.85930077833774166  0.86955328614883254
  0.87976766925235428  0.89015310608107845  0.90050274707255018  0.91119731788352143
  0.92204081564430129  0.93293689669361157  0.94405993737284666  0.95510129857962545
  0.96603064987631693  0.97713472042921601  0.98838397856350657  1.00000000000000000
 -0.00374891374252418  0.02319581902578412  0.04259754301152619  0.05902556207358595
  0.07388116104677442  0.08778677622893889  0.10110162588447237  0.11396178236910091
  0.12643027960936262  0.13854429328432077  0.15038945367670317  0.16187957129104161
  0.17299187870673133  0.18389380176559270  0.19474927260852748  0.20549673760781326
  0.21613078688244902  0.22663127685640466  0.23685501966182806  0.24691020365480285
  0.25675237322932565  0.26655574510229357  0.27617620722799391  0.28560442105487599
  0.29490919788238890  0.30408726157196730  0.31325862883767819  0.32249103511637678
  0.33163394003269187  0.34066670957335499  0.34960527118796036  0.35842368668650260
  0.36714658116998000  0.37581389079528044  0.38442419719158771  0.39300376795934855
  0.40159201450209919  0.41018620930939287  0.41877200026150657  0.42733813010982974
  0.43590709558447288  0.44443040813518497  0.45305328414063206  0.46156088583617111
  0.46992604265739268  0.47823324607291562  0.48652911467784449  0.49487579786723940
  0.50319779713456958  0.51149996280987264  0.51977586090621464  0.52806340500310756
  0.53633400895768268  0.54474174238271722  0.55312598312297501  0.56139902171822642
  0.56953327982537227  0.57772156363329930  0.58596188021230766  0.59422428003055106
  0.60239064883869098  0.61048770149324671  0.61876880794359035  0.62725495118655583
  0.63576692629164855  0.64427119955652556  0.65287122921481566  0.66154272598163044
  0.67033655896659938  0.67928180685693584  0.68822787482528403  0.69712487099970577
  0.70608547900124985  0.71516344668207588  0.72444124628544548  0.73381084716189260
  0.74327672197787187  0.75290169551381836  0.76280071910774994  0.77273608295493978
  0.78259212878568796  0.79249758139026127  0.80241877579050913  0.81264896163958422
  0.82300437821626604  0.83338785585113107  0.84415456410931367  0.85546869644563062
  0.86786795231865244  0.88072289929332859  0.89395262012055521  0.90791762008087573
  0.92338736952093481  0.94100123623377530  0.96392767131194679  1.00000000000000000
 -0.01959362559428915  0.12120247624662479  0.16022471415459041  0.18361075873277327
  0.20170175624499892  0.21694053776267280  0.23029806443852430  0.24246323119604368
  0.25341389738029302  0.26337921926693192  0.27278751207582758  0.28165891767219597
  0.29029581497958590  0.29844405883524061  0.30642428376953590  0.31415642102781699
  0.32161795115091046  0.32885969272966198  0.33577967761325461  0.34237268200245718
  0.34884031302876084  0.35529808919628370  0.36142603191639883  0.36755175759146980
  0.37359166331308730  0.37952336374058737  0.38538651158640030  0.39118901999733180
  0.39693866857747606  0.40264317532228255  0.40828709656116108  0.41385799907623155
  0.41937615918699767  0.42486557933376173  0.43031175516671466  0.43570954379533072
  0.44099581757625994  0.44620825004457282  0.45146469264589312  0.45668954683439256
  0.46191611561544754  0.46712988108264014  0.47233524293547541  0.47757153726476392
  0.48283842822525830  0.48808574122554182  0.49330311898827500  0.49848308853642043
  0.50353429109703995  0.50856859390187870  0.51354301473288488  0.51852883056373100
  0.52355056414874368  0.52856101522395671  0.53355250508106489  0.53852975171118145
  0.54357243795421761  0.54872536889167400  0.55394078694843696  0.55920717224186467
  0.56450980554519270  0.56990262057237662  0.57526286822997397  0.58062046550050095
  0.58614135305429926  0.59177324117397756  0.59744042349499626  0.60314173090514889
  0.60888259867426309  0.61466679932583790  0.62047755039525943  0.62635636770125236
  0.63238458461403146  0.63851144906104151  0.64477605298355767  0.65128320309812882
  0.65798186643467382  0.66479245612557747  0.67177283961999534  0.67889737855777921
  0.68611686741019828  0.69371855715490283  0.70151796054891957  0.70958023661661873
  0.71801978442144399  0.72679541378328616  0.73649524910095254  0.74680188209550746
  0.75801411740431102  0.76992400411834094  0.78324531040602574  0.79820567027133671
  0.81643565296701714  0.83990634016425703  0.87794338775527936  1.00000000000000000
   2.5248582840729245E-002  -1.0000000000000000     
 T T T T T T T T T T T T T T T T F F F F F F F F F F F F F F F F
  <DiscreteSampler_grid>
  grouped_processes
  1 # 1 for a reference and 2 for a running grid.
  10 # Attribute 'min_bin_probing_points' of the grid.
  1 # Attribute 'grid_mode' of the grid. 1=='default',2=='initialization'
  0.0000000000000000 # Attribute 'small_contrib_threshold' of the grid.
  0.5000000000000000 # Attribute 'damping_power' of the grid.
 # binID   n_entries weight   weight_sqr   abs_weight
    10   10   3.901432969299327E+009   3.918944873973494E+019   3.901432969299327E+009
    16   10   3.901432969299328E+009   3.918944873973494E+019   3.901432969299328E+009
  </DiscreteSampler_grid>
