  0.00000571242760117  0.00000798364427840  0.00001345422644411  0.00001883537128167
  0.00002386809447378  0.00002876586700927  0.00003362960238060  0.00003847707453477
  0.00004333536375528  0.00004811131376755  0.00005292352793562  0.00005780058312389
  0.00006270734910572  0.00006759795801260  0.00007263378818137  0.00007779421742544
  0.00008306983550348  0.00008846797638987  0.00009399115995745  0.00009962270446014
  0.00010539954178815  0.00011142345793120  0.00011755023402208  0.00012375530646629
  0.00012999112515950  0.00013624839557867  0.00014257239548616  0.00014904482257811
  0.00015570870767242  0.00016241692406923  0.00016917089281873  0.00017609241397527
  0.00018319314586333  0.00019040244959276  0.00019796447404055  0.00020581542575456
  0.00021397360027522  0.00022245746992099  0.00023124824172899  0.00024040419888255
  0.00024998102377626  0.00025989154736905  0.00027015231676528  0.00028076199527922
  0.00029173685613561  0.00030335493954278  0.00031543614191175  0.00032782798755198
  0.00034100470227711  0.00035431345219448  0.00036889715166122  0.00038386078155973
  0.00039967263644068  0.00041620243583184  0.00043343269111748  0.00045135851406186
  0.00047026936486331  0.00048988749159439  0.00051124035535130  0.00053355058105666
  0.00055741563344384  0.00058259671242117  0.00060940009230496  0.00063783898380817
  0.00066751102860956  0.00069933036991149  0.00073236108625643  0.00076809370203369
  0.00080542128937167  0.00084796080452538  0.00089290852216152  0.00094247978917199
  0.00099527576571442  0.00105321839650528  0.00111820879941520  0.00118947861357060
  0.00126829645880428  0.00135362839862893  0.00144840069835109  0.00155192211567415
  0.00167059353230420  0.00180720335277389  0.00196409789617153  0.00214670393711827
  0.00235794258710315  0.00262031365034433  0.00294093882667736  0.00332814089581330
  0.00380540979601470  0.00449019439457614  0.00545887328302237  0.00672981481411099
  0.00854449680099272  0.01223351389001330  0.08536202113533860  1.00000000000000000
 -0.00258748149625143  0.00975783472039054  0.02023132124100710  0.03097174644362291
  0.04142108057083966  0.05163649830868285  0.06199583448376213  0.07280567168224308
  0.08358164928765204  0.09426522991036633  0.10491496381869848  0.11573945557991053
  0.12659997187992655  0.13730207166459307  0.14774775632626408  0.15796254801370654
  0.16810665226978161  0.17815790044082391  0.18822753755564017  0.19846759151206603
  0.20888624425656613  0.21955075456540446  0.23015536744503864  0.24068647210321048
  0.25124164985210329  0.26188029296424864  0.27242636278287852  0.28276873804108094
  0.29308180618828977  0.30346318953485313  0.31405283390104427  0.32474558583775631
  0.33542675358178131  0.34606039387837406  0.35657317911159098  0.36716468847579548
  0.37791349553974318  0.38869277305379979  0.39930192730898723  0.40967904577104797
  0.42004810138009668  0.43060985296482085  0.44111842612730245  0.45149175213167220
  0.46179829630808961  0.47220472062398761  0.48276179391758828  0.49337271030544100
  0.50391850557983842  0.51430502288227042  0.52465037071517662  0.53515535848778339
  0.54571760499835309  0.55637227443344794  0.56721169436055663  0.57822067699608259
  0.58892816743840481  0.59941524746567498  0.60983753060077328  0.62029240490396520
  0.63027157426878511  0.64022880342305277  0.65026183713838381  0.66039819110482667
  0.67065025431975711  0.68078940762102957  0.69123994023436564  0.70207127691361837
  0.71307577912006437  0.72431042102312404  0.73520978371258350  0.74615636287836662
  0.75679151099168063  0.76733972656606653  0.77800764125297184  0.78851502445824018
  0.79906303167421378  0.80943286344807353  0.82008098808042085  0.83058623499551099
  0.84136759205500311  0.85237298214475110  0.86311824758975253  0.87385985088496998
  0.88429900328317967  0.89488101912922657  0.90510626248916060  0.91528692986579474
  0.92554179444675999  0.93566885483599016  0.94599969960490393  0.95645730494192227
  0.96741320221568294  0.97818344577888039  0.98911255329731185  1.00000000000000000
 -0.00371963193577766  0.02449488270037371  0.04489362959018041  0.06203307832670779
  0.07755478976782852  0.09187549053660338  0.10537601915367041  0.11806516273262922
  0.13049209467504622  0.14245036014172691  0.15380877625946354  0.16470390450411365
  0.17543018529866061  0.18609003370070282  0.19649265940622010  0.20649631280868694
  0.21616091357059353  0.22556057628989373  0.23495694328936692  0.24432168851847785
  0.25365360856289504  0.26295552714407322  0.27209618632643490  0.28118210106479652
  0.29007354766897708  0.29890182459457271  0.30765537150936695  0.31628379835266213
  0.32477952024290702  0.33316858498746843  0.34139241825510985  0.34964272089901577
  0.35782951505825494  0.36594450756230634  0.37404589062567584  0.38217680206528160
  0.39033227954892602  0.39844734306573787  0.40645566474795397  0.41434971514927915
  0.42216906101775198  0.42997951946040469  0.43795497333085098  0.44590836047229987
  0.45394205265864679  0.46181179541775313  0.46963898332037435  0.47747329667586358
  0.48541885931155931  0.49354132851316590  0.50181025953973435  0.51016505993338812
  0.51855450309360318  0.52679724713251674  0.53495738754855948  0.54301836374230128
  0.55088508931524327  0.55864103881734795  0.56641461760675738  0.57422179206751178
  0.58204337325673072  0.58989786169769154  0.59772269609993767  0.60564387293723387
  0.61372872246554411  0.62196564723022696  0.63015875418004197  0.63832928751982299
  0.64652416822503767  0.65506788590517928  0.66362564906147747  0.67245178743417322
  0.68121072448548337  0.69007005210712125  0.69889419243068318  0.70789386899879170
  0.71701731221038478  0.72639778191676119  0.73599814955494247  0.74575247963400437
  0.75550689365348145  0.76534855640038135  0.77546635044511047  0.78600001460900926
  0.79692954706669050  0.80809292582590420  0.81947458134025064  0.83132053618093249
  0.84389097539584601  0.85708762877470146  0.87094237807856478  0.88631276319252794
  0.90355967926796465  0.92405416666250406  0.95167541477613216  1.00000000000000000
 -0.01880437383259976  0.10987239673351586  0.14576720534519977  0.16743055562577022
  0.18475959405674869  0.19969861026751279  0.21294538396590615  0.22499787432200058
  0.23620571001164886  0.24676605762483406  0.25671360554222045  0.26609513805757279
  0.27508768890296226  0.28381199610619645  0.29223732275060349  0.30028859081949849
  0.30808492873479060  0.31568253130204588  0.32303949793682468  0.33028856150572200
  0.33722284537977554  0.34401781105042761  0.35077823092788057  0.35744401547853899
  0.36400149207755428  0.37047435043134669  0.37684554798132847  0.38314749636485157
  0.38943790881172780  0.39568214761943110  0.40180824109004343  0.40782221586295458
  0.41378332671520118  0.41968310216966187  0.42555544086120395  0.43137495787518160
  0.43719129978255061  0.44281318668665737  0.44839235930445620  0.45398706899656222
  0.45958059637555226  0.46518923724282485  0.47082115219099308  0.47642172221020229
  0.48191068395193465  0.48729905218647690  0.49272957540590318  0.49820989254492704
  0.50379396055149439  0.50937945169633181  0.51494276851147058  0.52043963132445636
  0.52590244511805195  0.53134644941378872  0.53681792446840337  0.54231955649701624
  0.54787323943516941  0.55350884769626607  0.55921133105645593  0.56496796452280296
  0.57076839138802637  0.57654148311968967  0.58229573609082552  0.58822273346971921
  0.59416317698437626  0.60010251629498768  0.60613967338338326  0.61229947195184875
  0.61857696883897673  0.62495772866190857  0.63140321236935293  0.63784902554744183
  0.64433314291484756  0.65098729621983520  0.65783943598108574  0.66483041004692844
  0.67191184089454092  0.67912867830052226  0.68646590893791148  0.69400352619906780
  0.70173062634948780  0.70969255783464069  0.71799750847652999  0.72647184993265013
  0.73534458277669845  0.74465819434462754  0.75438809869767509  0.76474912487989921
  0.77583472298484890  0.78800897845379148  0.80132395861677452  0.81617473871089252
  0.83343447038511809  0.85539593493173238  0.89081671763080672  1.00000000000000000
   2.4582535307463064E-003  -1.0000000000000000     
 F T T F T T T T T T T T F T T F F F F F F F F F F F F F F F F F
  <DiscreteSampler_grid>
  grouped_processes
  1 # 1 for a reference and 2 for a running grid.
  10 # Attribute 'min_bin_probing_points' of the grid.
  1 # Attribute 'grid_mode' of the grid. 1=='default',2=='initialization'
  0.0000000000000000 # Attribute 'small_contrib_threshold' of the grid.
  0.5000000000000000 # Attribute 'damping_power' of the grid.
 # binID   n_entries weight   weight_sqr   abs_weight
    10   10   1.049024042623576E+008   1.735218533355958E+016   1.049024042623576E+008
    16   10   1.068328093531746E+008   1.763212218352028E+016   1.068328093531746E+008
  </DiscreteSampler_grid>
