  0.00000200109829054  0.00001639161652608  0.00003065267998382  0.00004442374723605
  0.00005743400298096  0.00007058987409538  0.00008400302120231  0.00009784719598263
  0.00011221853413914  0.00012719756199203  0.00014245364418937  0.00015782633215582
  0.00017396866660496  0.00019102233349831  0.00020917616912048  0.00022827561723211
  0.00024827606650580  0.00026940314616459  0.00029137928712648  0.00031393734207841
  0.00033807001057249  0.00036328548185610  0.00039003737950779  0.00041795450326489
  0.00044679378794704  0.00047713743193767  0.00050870164997998  0.00054258602868525
  0.00057760646324037  0.00061363474982039  0.00065168150067058  0.00069093186115930
  0.00073338649282195  0.00077778814474325  0.00082349478789596  0.00087108581351048
  0.00091987209065461  0.00097062101954849  0.00102297334610666  0.00107906907932412
  0.00113943650681251  0.00120494256836751  0.00127407730474201  0.00134313313010630
  0.00141358531607147  0.00148654012361890  0.00156337728547247  0.00164452426060523
  0.00172747642188971  0.00182054314919400  0.00192690633505645  0.00203223535886805
  0.00214116534522641  0.00225572645584999  0.00237714311667123  0.00250615457069287
  0.00263574404675860  0.00277335870573108  0.00292210659384059  0.00307798160058315
  0.00324246881228561  0.00340490567115656  0.00356885866365990  0.00374909031373252
  0.00393934319585420  0.00411896172835070  0.00429688480215541  0.00448726814141644
  0.00469554474203182  0.00492454591658673  0.00516599754988542  0.00542458984729394
  0.00575567103251388  0.00615645802713831  0.00657070302118383  0.00694252257647775
  0.00728780933375994  0.00763614899640788  0.00800648167577556  0.00837679885460941
  0.00872629328465778  0.00908092301783004  0.00947333460180314  0.00992047918233108
  0.01049759375126175  0.01121881589535010  0.01206148154002945  0.01299755131525400
  0.01454278805817578  0.01654962943882870  0.01834905109769902  0.02012988446295862
  0.02209816957465903  0.02496014095886663  0.32964694178468962  1.00000000000000000
 -0.00264267996125171  0.01007131232109642  0.02038704806986882  0.03105805233393639
  0.04170027947390217  0.05224513496895000  0.06270914112004267  0.07343885037247140
  0.08399106565174101  0.09415465434883720  0.10417193976736033  0.11433712357504761
  0.12462402778168372  0.13490511037169647  0.14530012056579350  0.15605936754505706
  0.16668761515470240  0.17721337924039818  0.18776838186393660  0.19847592403249709
  0.20922524410503107  0.22002935639519902  0.23079714867399570  0.24180644955429803
  0.25282951304894680  0.26371768552751362  0.27432200175767779  0.28453027359864835
  0.29481872507294343  0.30527562727998331  0.31560223636368750  0.32587703498835963
  0.33592693173787264  0.34621629768989698  0.35686864579829919  0.36766096194898551
  0.37828813005532153  0.38875985032372179  0.39924795955745734  0.41006095884364613
  0.42081205768592417  0.43143757700089858  0.44206397107816603  0.45241834412156740
  0.46278042575011991  0.47308073036693427  0.48354980060208352  0.49398204882717051
  0.50443002851401297  0.51458770573110191  0.52470132815674742  0.53473509293757204
  0.54496817082900528  0.55538134294449459  0.56568652887618931  0.57625858123064899
  0.58681008086997799  0.59759615281145861  0.60826174291571533  0.61894198074349138
  0.62932311508658578  0.63968786048836557  0.64992203554961581  0.66010830202390858
  0.67025112761414096  0.68054166386482839  0.69113379409633258  0.70199213635321744
  0.71293258714184204  0.72372548290803163  0.73428794210293147  0.74483627883084891
  0.75548357044262870  0.76625243498899542  0.77714365078334291  0.78791597412140768
  0.79860526963475753  0.80918123568923339  0.81992173947356273  0.83075046152667431
  0.84169068540980485  0.85254182898884012  0.86315178733592601  0.87354575359555675
  0.88397611172590351  0.89425482145268154  0.90468659480728963  0.91512020977466713
  0.92573380088901502  0.93634974730115839  0.94703686284940913  0.95789065348439906
  0.96829916046464559  0.97884187008571044  0.98926769959099681  1.00000000000000000
 -0.00368645898245867  0.02329775629736035  0.04312712082285677  0.06015689959988042
  0.07561023044305103  0.08966302539884438  0.10295399648392270  0.11564595998203049
  0.12798475119574440  0.13991983102240038  0.15162428212738968  0.16305315026985945
  0.17407641598046708  0.18488260225876088  0.19559549579518187  0.20613605704647953
  0.21642347648351076  0.22651237942867386  0.23657790582555169  0.24660331572458047
  0.25655673777985177  0.26644350523855109  0.27622195450753190  0.28588373821202451
  0.29543037364391472  0.30492492124300474  0.31438729314566971  0.32363441476611127
  0.33266509702964925  0.34153652146679137  0.35027546740103149  0.35886880295116480
  0.36733244470193771  0.37581935348587686  0.38452940039887457  0.39332886978801285
  0.40208224534950410  0.41071790577961237  0.41931281998076603  0.42786692525429909
  0.43638168672755251  0.44493429699180648  0.45346656770602295  0.46199270093618200
  0.47055562895907299  0.47917316859111242  0.48781285281422432  0.49642607170870040
  0.50492013027673488  0.51324071943894067  0.52180295510809016  0.53023092992013099
  0.53863407445310363  0.54686763841131780  0.55502797774772783  0.56318107821877794
  0.57149956852526251  0.57981651558065128  0.58827957001001985  0.59666535742738180
  0.60512505838539810  0.61357942062525372  0.62207685741694796  0.63075570975978268
  0.63963158187160130  0.64867053702737876  0.65776830916009943  0.66675372561660440
  0.67555948929515286  0.68431266632562160  0.69319176148667383  0.70226896905525882
  0.71148664538561301  0.72078527574976270  0.73026083979203071  0.73965279978671106
  0.74894550412076044  0.75809893635489312  0.76730810222893808  0.77671322387279185
  0.78634347601318255  0.79628082182028448  0.80670333540490835  0.81741406795740845
  0.82831310459722096  0.83948422607032347  0.85094733923475430  0.86250556154832037
  0.87421370010004928  0.88664681436848614  0.90011683592700953  0.91477006913366377
  0.93037799499286644  0.94729391434438592  0.96880876109359604  1.00000000000000000
 -0.02000359306885748  0.12114535693899786  0.15984723001739959  0.18263336844091857
  0.20063481632167493  0.21590331748008243  0.22942347592897858  0.24143398364166949
  0.25270590595901493  0.26288624792347759  0.27258829100950172  0.28139422143697884
  0.28999616996838484  0.29812761369979951  0.30588495187148684  0.31348156998532017
  0.32073713247097585  0.32779467214871938  0.33457315345813854  0.34113061083494484
  0.34762111369243098  0.35407623256827947  0.36043767913124536  0.36672185387479650
  0.37289753506316875  0.37886750636654548  0.38474933184174620  0.39064616796020524
  0.39648345343479280  0.40218056929495238  0.40778839170961007  0.41340330460256070
  0.41901607150037901  0.42446173046943114  0.42983415017422383  0.43509665234687472
  0.44032468228721078  0.44554569832421509  0.45078703058886826  0.45606025836324554
  0.46133298067038347  0.46657980246813302  0.47176979122374108  0.47688114279814936
  0.48196251374725679  0.48705579577227015  0.49221001067788894  0.49741597256698050
  0.50261271566429067  0.50775827900967840  0.51290567242778906  0.51804869132838971
  0.52319489816764564  0.52834815009852498  0.53351116231194584  0.53868653168716407
  0.54386760418357594  0.54905619886423329  0.55429012665033339  0.55958110938329209
  0.56487952358954863  0.57027467139441124  0.57568518394611068  0.58119446355735882
  0.58674149315209589  0.59232785583549308  0.59795923512396487  0.60367279276194474
  0.60951506400795441  0.61540428952501647  0.62126372993438850  0.62717314634696419
  0.63323560816571378  0.63938190972932396  0.64569163867553991  0.65222433727459250
  0.65889598322641174  0.66573124699068065  0.67276975703296438  0.67995622294210956
  0.68724079465607923  0.69481113696628027  0.70251417295569896  0.71056795486168556
  0.71905807949778022  0.72782072962225042  0.73742444989649125  0.74746333549258426
  0.75867058425978606  0.77069141865086810  0.78394555808389554  0.79886693719651991
  0.81686307802878444  0.84042991990480886  0.87927645276507249  1.00000000000000000
   2.5468597977029449E-002  -1.0000000000000000     
 T T T T T T T T T T T T T T T T F F F F F F F F F F F F F F F F
  <DiscreteSampler_grid>
  grouped_processes
  1 # 1 for a reference and 2 for a running grid.
  10 # Attribute 'min_bin_probing_points' of the grid.
  1 # Attribute 'grid_mode' of the grid. 1=='default',2=='initialization'
  0.0000000000000000 # Attribute 'small_contrib_threshold' of the grid.
  0.5000000000000000 # Attribute 'damping_power' of the grid.
 # binID   n_entries weight   weight_sqr   abs_weight
    10   10   9.598314296153727E+008   1.115310487603338E+018   9.598314296153727E+008
    16   10   9.598314296153727E+008   1.115310487603339E+018   9.598314296153727E+008
  </DiscreteSampler_grid>
