  0.00000183992538970  0.00001103528434180  0.00001763961076171  0.00002304842664190
  0.00002866840066603  0.00003405360530539  0.00003941207288317  0.00004475929034214
  0.00005018812737514  0.00005573473165906  0.00006134352198225  0.00006689049390319
  0.00007264175802112  0.00007856556207263  0.00008461791436351  0.00009083142932567
  0.00009720045701529  0.00010365905661229  0.00011023143252812  0.00011697954455940
  0.00012376885152895  0.00013074551828949  0.00013787381038767  0.00014506076150946
  0.00015241046688683  0.00015982022407103  0.00016730975950876  0.00017510565595171
  0.00018318325719749  0.00019143562284328  0.00020001794399919  0.00020882006497379
  0.00021803175076088  0.00022779317963066  0.00023767276951114  0.00024796625874879
  0.00025854960069753  0.00026971853806824  0.00028147757140593  0.00029349604968699
  0.00030654877789089  0.00031975621560316  0.00033383854437468  0.00034822548417592
  0.00036318404267248  0.00037901441717807  0.00039520012924188  0.00041267969562661
  0.00043032662208824  0.00044929741141856  0.00046896545016385  0.00048990263627097
  0.00051258457212842  0.00053599838121392  0.00056190933428132  0.00058801933363471
  0.00061646096124606  0.00064608917877238  0.00067799035433899  0.00071194380292843
  0.00074788936174868  0.00078647328924621  0.00082782092558016  0.00087184891751648
  0.00091921220041765  0.00097004309140925  0.00102787286787466  0.00108874192695272
  0.00115308699932915  0.00122121478590345  0.00129609886807480  0.00137920534570536
  0.00147083464633228  0.00157179522644591  0.00168176277448125  0.00180560608243480
  0.00194956687324881  0.00210427243992070  0.00227503928450819  0.00246658059172233
  0.00268370304116004  0.00293759203723008  0.00323893912080716  0.00359084432188117
  0.00399053774410737  0.00445979175541991  0.00503598889018120  0.00574385072335775
  0.00659696029521592  0.00767108108959322  0.00915629507546416  0.01096938378374198
  0.01290882723559780  0.01515130928897815  0.15175111988033635  1.00000000000000000
 -0.00257442161676282  0.00968829237687322  0.02030924901979708  0.03093043225662137
  0.04175313465494006  0.05250089259703668  0.06314875089725924  0.07355807522672575
  0.08409211092094188  0.09459398847557356  0.10482085729157987  0.11498320517592876
  0.12550470829108343  0.13635147540272902  0.14722696111337738  0.15776260398290637
  0.16827735897605689  0.17874055578427131  0.18931992283396534  0.19975320352676790
  0.21017890536978431  0.22065026428497062  0.23135428383377851  0.24206742388977162
  0.25278672360250554  0.26348564445646944  0.27410742528196741  0.28461906346406524
  0.29517982743239735  0.30578898837136387  0.31643678303195616  0.32708961854367208
  0.33762701828462932  0.34816569041928308  0.35862911030622130  0.36913012683372121
  0.37963961137903746  0.39002594902763987  0.40047348354680146  0.41094548492021132
  0.42154023156271103  0.43215459316200189  0.44273080716832403  0.45337187523732259
  0.46408447719385254  0.47464223239935666  0.48496567480105540  0.49503967400582927
  0.50503572021977050  0.51496226700900638  0.52507944932255990  0.53531765742320270
  0.54565698257901329  0.55644262120933674  0.56708234198949237  0.57806734438618945
  0.58881391732741750  0.59957369728956389  0.60997699440637387  0.62051476562903662
  0.63141233004273078  0.64260751609108224  0.65344325872170672  0.66420269818167599
  0.67469656185067128  0.68516500509860911  0.69547937044132180  0.70595113569969925
  0.71655029474847332  0.72715444205002822  0.73766858398682700  0.74849636281880605
  0.75915802242545094  0.76963800256455739  0.77986742700631995  0.79030259873899034
  0.80051414147403788  0.81094676290315038  0.82114147974546803  0.83151873085239758
  0.84180986028967297  0.85203609227371679  0.86235664003348023  0.87269185169511909
  0.88324892968974245  0.89403658835195210  0.90469278670761533  0.91554281243483071
  0.92610022972313066  0.93647561613496932  0.94683729193613575  0.95728959189895524
  0.96799838338700128  0.97857485124550991  0.98927585740896418  1.00000000000000000
 -0.00374278090708780  0.02331239991725321  0.04300506193211443  0.05947247788306058
  0.07432337689189294  0.08843138257240557  0.10198806042262605  0.11464921019755873
  0.12680574471245731  0.13849503935763521  0.14984670197541466  0.16078547766729154
  0.17156974756253626  0.18224752698780081  0.19279764438017680  0.20309349897100909
  0.21321152261611828  0.22299827329072011  0.23264394898892665  0.24217597600311791
  0.25157679349994971  0.26082618477376923  0.26989809726220265  0.27886003597937420
  0.28777288935800793  0.29659583239805809  0.30535572844304371  0.31405171746899418
  0.32264242194254189  0.33111013760749813  0.33945540271272912  0.34774898160527201
  0.35605048461447192  0.36437319102487636  0.37270082754145301  0.38089405963946599
  0.38890859764129460  0.39683011187024531  0.40465931836351848  0.41258862010301639
  0.42036754730598158  0.42804337389933239  0.43569380684357162  0.44356307839041403
  0.45152614676740516  0.45947226527151208  0.46736567902824244  0.47527379241205997
  0.48313126979023552  0.49096049873049513  0.49874297904910181  0.50651748331713120
  0.51423625153690067  0.52190393515657307  0.52959645737870475  0.53738551829753878
  0.54531057254367454  0.55324639587321500  0.56109113437183566  0.56905555162323418
  0.57716649716080159  0.58535234232409616  0.59354417827430783  0.60172928644125678
  0.60997670561662365  0.61820650285189738  0.62647937098456874  0.63467631292125848
  0.64284867073849716  0.65102324031606096  0.65931611285986658  0.66798131478434009
  0.67687497483612991  0.68598542186317168  0.69511289872036008  0.70428611304089928
  0.71363329938933662  0.72314673169155297  0.73267888027516015  0.74229562114340009
  0.75211154328949914  0.76208111585604876  0.77220604261350145  0.78249013906413434
  0.79328602607880072  0.80470407755851747  0.81657054149829134  0.82876793346375854
  0.84138137246119293  0.85436686098536552  0.86810715972337904  0.88364840753118323
  0.90160289922766379  0.92280668867160554  0.95105694221631309  1.00000000000000000
 -0.01877412336870371  0.10928001277419153  0.14454533112534462  0.16659961442284377
  0.18396211884988331  0.19885493756025407  0.21200732961732757  0.22384887030845146
  0.23492051899563302  0.24542498764817977  0.25536906314706964  0.26483342050528036
  0.27384224403570778  0.28254045885021856  0.29094375033875536  0.29902224938918848
  0.30686158161597887  0.31445113617149745  0.32178295896232118  0.32895005133795813
  0.33594999352916005  0.34277746257268804  0.34956570883178067  0.35623723985130462
  0.36277456012732212  0.36923446565162116  0.37557815893579261  0.38181701865983270
  0.38799098979830449  0.39409540006827037  0.40011800013130144  0.40607101764560494
  0.41199741645518800  0.41788830401616567  0.42371768231506968  0.42951549970471842
  0.43527426686974430  0.44102759301835620  0.44680359598449682  0.45257096079045317
  0.45830710959973497  0.46393096421468083  0.46948208806753156  0.47502852273593321
  0.48057796861659702  0.48616219395956684  0.49177304487125789  0.49738221964931079
  0.50295045124394699  0.50842408647668724  0.51390399049229707  0.51942476232656210
  0.52497315645070708  0.53055053319592660  0.53613513756047371  0.54171713271975430
  0.54728451409255063  0.55282689997138634  0.55838800176550063  0.56402353040278430
  0.56973723581673696  0.57551526936970776  0.58131170043272984  0.58719332681571434
  0.59304386237515294  0.59896652629500380  0.60491935180586465  0.61098220149334692
  0.61711959906029723  0.62334375679096898  0.62968335188900526  0.63608360477226034
  0.64251831856006458  0.64912586542506945  0.65601872792975024  0.66301758988520976
  0.67020949082647130  0.67754542534798512  0.68500905461507455  0.69264751474789388
  0.70047720992989682  0.70853473882304319  0.71689131208658019  0.72550194649448441
  0.73445543961886706  0.74370578867007708  0.75344101912028916  0.76376382292722056
  0.77479411757659089  0.78680580709981851  0.80014019914214374  0.81516594586688851
  0.83260776724373964  0.85478768720337428  0.89093079190026692  1.00000000000000000
   3.2135421262536219E-003  -1.0000000000000000     
 F T T F T T T T T T T T F T T F F F F F F F F F F F F F F F F F
  <DiscreteSampler_grid>
  grouped_processes
  1 # 1 for a reference and 2 for a running grid.
  10 # Attribute 'min_bin_probing_points' of the grid.
  1 # Attribute 'grid_mode' of the grid. 1=='default',2=='initialization'
  0.0000000000000000 # Attribute 'small_contrib_threshold' of the grid.
  0.5000000000000000 # Attribute 'damping_power' of the grid.
 # binID   n_entries weight   weight_sqr   abs_weight
    10   10   1.221993169952672E+008   1.783701656366191E+016   1.221993169952672E+008
    16   10   1.204935253492862E+008   1.765791127568725E+016   1.204935253492862E+008
  </DiscreteSampler_grid>
