  0.00000065542384853  0.00000610582847776  0.00001196387082717  0.00001802636686787
  0.00002346235931469  0.00002868363227821  0.00003377430964917  0.00003879305712928
  0.00004376848574067  0.00004870861665782  0.00005366400647717  0.00005863012664383
  0.00006358568991365  0.00006851347719421  0.00007344271018445  0.00007855163364789
  0.00008378581337357  0.00008910777822094  0.00009455595596464  0.00010010415510194
  0.00010571649975772  0.00011146240071717  0.00011730669593675  0.00012328597635100
  0.00012944776683676  0.00013570666569232  0.00014214249339283  0.00014875730488912
  0.00015552212535997  0.00016233394051370  0.00016919477024982  0.00017623775543292
  0.00018339260440036  0.00019062130544279  0.00019807730397940  0.00020587795249513
  0.00021382641798295  0.00022227270631618  0.00023092334948623  0.00023986488615640
  0.00024915483688606  0.00025869927228040  0.00026853870017134  0.00027881381928435
  0.00028934748603251  0.00030040909118868  0.00031201526826202  0.00032402654351211
  0.00033684230230469  0.00035013893895047  0.00036396008691391  0.00037852673515157
  0.00039340377811022  0.00040906170140614  0.00042525071191889  0.00044238661305374
  0.00046075001479224  0.00047996400707129  0.00049988772784706  0.00052052890949508
  0.00054157325936574  0.00056523529488761  0.00058939192823234  0.00061615230119083
  0.00064404212287809  0.00067424068998286  0.00070684785146336  0.00074222400843115
  0.00078095356648987  0.00082196317731126  0.00086669875231037  0.00091476563835899
  0.00096782061710813  0.00102407395367913  0.00108599643281618  0.00115430412827839
  0.00123001085605101  0.00131206718066853  0.00140644797456884  0.00151051210435819
  0.00162746043942989  0.00176651715038725  0.00192401516065963  0.00210374626665103
  0.00231055121932617  0.00254754169828705  0.00282833936424003  0.00315769845968685
  0.00357099910974421  0.00410495087556200  0.00480643990517319  0.00577851919177463
  0.00747042387560360  0.01045977600516948  0.31381281671253630  1.00000000000000000
 -0.00259400301369347  0.00956332915936079  0.01986068102083071  0.03039023323324311
  0.04109902226155057  0.05143046818647060  0.06186459617692194  0.07241917425550939
  0.08318648002406452  0.09383150581929563  0.10423454307304267  0.11475315981794301
  0.12517675560753713  0.13554036790336602  0.14592675866166888  0.15651696248909613
  0.16720015805798444  0.17792259883599729  0.18846198088052019  0.19873531583428863
  0.20887832118830341  0.21913933246196787  0.22953757111092760  0.23999211762248326
  0.25037307672474957  0.26101837362538621  0.27153387561747755  0.28214619566565424
  0.29257519839917695  0.30304026263899903  0.31364852855461767  0.32417931780400683
  0.33467251247732482  0.34503826890862554  0.35572226233503706  0.36632815249402662
  0.37672179078639995  0.38711092244549788  0.39756551920520161  0.40820973737185068
  0.41887963926979294  0.42957019203122698  0.44011433308235998  0.45057621716525248
  0.46087361380320757  0.47127450753919042  0.48183267343522829  0.49279012231507552
  0.50366771073684691  0.51454614098207718  0.52503266845369112  0.53545949890299027
  0.54576947875691650  0.55619432215875442  0.56657155652440860  0.57690726663728409
  0.58727916799494118  0.59795124395983912  0.60858420511041067  0.61912929458394195
  0.62954170244108421  0.64010642704209253  0.65063776393295902  0.66130194631418771
  0.67181594462497296  0.68240665016131419  0.69316985725164482  0.70398992459398313
  0.71460280148778965  0.72502911657035163  0.73546772171521357  0.74587458799665385
  0.75647113871876492  0.76707544966214225  0.77769555705599314  0.78808766589506951
  0.79859495928630841  0.80904225493246473  0.81955578668814044  0.83005199660657059
  0.84053606402744518  0.85113580379351939  0.86181101585190845  0.87260189577389402
  0.88316794036958024  0.89369480646600974  0.90407758101269886  0.91434229945697854
  0.92443207351485168  0.93485088429123342  0.94539569724554151  0.95631754946154957
  0.96719851456450434  0.97834713879872659  0.98918050012524972  1.00000000000000000
 -0.00389659957093893  0.02457539216617965  0.04525500572622813  0.06265499974239409
  0.07807472733580023  0.09250828898602578  0.10626025781098865  0.11928351833860142
  0.13171478820402230  0.14367860695185530  0.15517458989629479  0.16619140901241086
  0.17673374430776775  0.18692472134623794  0.19693159011939748  0.20682518131614358
  0.21654808298617970  0.22616530209836419  0.23576203455729469  0.24528396415692288
  0.25468724750290017  0.26381776269681462  0.27282554198930259  0.28183071309061442
  0.29071995539664580  0.29946498082540124  0.30797608612159927  0.31651502885881028
  0.32508219182284087  0.33372275948368935  0.34223641640511665  0.35066702400475780
  0.35903466839778725  0.36740084677360912  0.37572306935731048  0.38395098861593180
  0.39213813787371943  0.40020845994713539  0.40807749914825664  0.41586131236522911
  0.42364642792255314  0.43163700209752370  0.43968507030147252  0.44769280097071434
  0.45547967783737742  0.46334108938903329  0.47123392784531770  0.47915320455813337
  0.48699266316694095  0.49482794859118473  0.50273912382404395  0.51065019624731611
  0.51852343599746142  0.52640676865729574  0.53430773292382683  0.54223878364359623
  0.55015841764128381  0.55807632164610388  0.56602827289675373  0.57400542419643308
  0.58197904636505249  0.58993025678758360  0.59789851924719639  0.60595424899841488
  0.61406599625432323  0.62215461718241372  0.63030885301657924  0.63855160663871702
  0.64693786580051049  0.65539622536092967  0.66383742252728062  0.67210951681002851
  0.68058354175760682  0.68927481685552205  0.69822057154092876  0.70726106841318293
  0.71618181139711723  0.72494372939429241  0.73412555935620505  0.74361418015775260
  0.75352099591008903  0.76362656981943400  0.77402348489323236  0.78457429896085151
  0.79527482348888123  0.80620697250119888  0.81783793398597704  0.83014789603018113
  0.84307100598774343  0.85652942405226418  0.87091329050417310  0.88648468620276966
  0.90385034320467939  0.92410958482696204  0.95133842087136866  1.00000000000000000
 -0.01917380328581111  0.10982465358791994  0.14475787183352132  0.16634456371217526
  0.18369344811744140  0.19857880661458766  0.21168851262560812  0.22353398483632481
  0.23447305287247353  0.24484659192443128  0.25474343092041307  0.26419732481804054
  0.27330400152880024  0.28203606415418231  0.29053355444733914  0.29868271610670305
  0.30657468061189375  0.31426797573080040  0.32179948928445612  0.32922904001743392
  0.33649488025742214  0.34355402345856390  0.35050716917911845  0.35720035070585326
  0.36375525624421806  0.37020376954754003  0.37651398448754259  0.38269104323137010
  0.38882360364120944  0.39497243286576922  0.40111014304214965  0.40721941490886016
  0.41321394377822429  0.41911246603137636  0.42494163049384942  0.43069798892949029
  0.43640872495697164  0.44209697129043168  0.44778481293170974  0.45359366760854630
  0.45937109349578775  0.46502012631863654  0.47058358690569890  0.47610022974345384
  0.48160551745360969  0.48711342610488439  0.49262767419572956  0.49808520992377170
  0.50357516997023788  0.50903559590767855  0.51455434267074140  0.52011454522555411
  0.52565241658511019  0.53113842532916722  0.53661131537092277  0.54209726708597450
  0.54761509104724992  0.55320052710038981  0.55883152928001556  0.56449034758525429
  0.57019585870901202  0.57589726039636191  0.58165536666647477  0.58750345318950126
  0.59342997044375267  0.59935041060732464  0.60534550241489138  0.61147776270782883
  0.61772535385121741  0.62407165923552255  0.63051365650628954  0.63702597551428097
  0.64358325754978707  0.65026066229077439  0.65710219620716259  0.66396943783436235
  0.67103104187705465  0.67828631099127124  0.68565561642319706  0.69331879894192106
  0.70117423505876819  0.70915469215750837  0.71739028940510918  0.72591654765925728
  0.73478949741394906  0.74399121860458728  0.75360782918197078  0.76393628296513316
  0.77499920410287670  0.78697540257459830  0.80010793115138112  0.81501187749507054
  0.83245625962871206  0.85484301863726164  0.89094506943841700  1.00000000000000000
   2.4907653174367217E-003  -1.0000000000000000     
 F T T F T T T T T T T T F T T F F F F F F F F F F F F F F F F F
  <DiscreteSampler_grid>
  grouped_processes
  1 # 1 for a reference and 2 for a running grid.
  10 # Attribute 'min_bin_probing_points' of the grid.
  1 # Attribute 'grid_mode' of the grid. 1=='default',2=='initialization'
  0.0000000000000000 # Attribute 'small_contrib_threshold' of the grid.
  0.5000000000000000 # Attribute 'damping_power' of the grid.
 # binID   n_entries weight   weight_sqr   abs_weight
    10   10   5.680074246419526E+008   1.563092914528467E+018   5.680074246419526E+008
    16   10   5.684233583110275E+008   1.563136349039262E+018   5.684233583110275E+008
  </DiscreteSampler_grid>
