 -0.00006211365259265  0.00052332298197123  0.00103364450163500  0.00167459871974823
  0.00246417741857751  0.00343373150808182  0.00462470045072858  0.00590780661571853
  0.00731192157615081  0.00882570188182254  0.01049560181386168  0.01220551185687489
  0.01398758816128078  0.01586851971112934  0.01801900196842325  0.02037843527657038
  0.02276729001989811  0.02524924677296203  0.02791653198461366  0.03068687992383377
  0.03354862511816901  0.03650708588301847  0.03963476514294959  0.04292175283560813
  0.04637767009375266  0.05002032744281780  0.05385659192299328  0.05790968785393470
  0.06208495298928349  0.06640648887252074  0.07097431750656277  0.07584995443785075
  0.08092238142942229  0.08632629794198707  0.09185303524703170  0.09778698352860825
  0.10380870117971409  0.10989596108369537  0.11602454771296714  0.12239707319469480
  0.12908253505609277  0.13597028075785303  0.14337299784092039  0.15107395482397962
  0.15916568995054237  0.16747428828218427  0.17623211451143619  0.18552180377768532
  0.19530295864364647  0.20555148084898453  0.21621902508269256  0.22715886286888079
  0.23830013726463489  0.24959407139284373  0.26118598210062810  0.27327357821872000
  0.28596635138519705  0.29939094161037644  0.31317776389260621  0.32737653506098652
  0.34228417143561352  0.35765954441290781  0.37329591156896341  0.38926899830704875
  0.40581963895483864  0.42290526012758939  0.44036797359407226  0.45801998589176257
  0.47556592014837551  0.49275933727413190  0.50980829317745524  0.52774469317729411
  0.54594963092629512  0.56427198430915848  0.58282851168145211  0.60168245439309287
  0.62075787878536504  0.63991604121543622  0.65919622265252786  0.67876221941913428
  0.69797852151469242  0.71710423005514323  0.73650786561544901  0.75631679801993279
  0.77689129095185283  0.79818229100014637  0.81984326643719185  0.84120055605876098
  0.86197620811465459  0.88224740862178008  0.90220336154597780  0.92207481181427153
  0.94159735707512326  0.96100518113592781  0.98049063746559972  1.00000000000000000
 -0.00218110019332096  0.00961514109155319  0.01979623412351930  0.03003538300228649
  0.04034259692808847  0.05001785156726452  0.05967592715817188  0.06947363779944504
  0.07937259457982652  0.08908099952018692  0.09900855883999109  0.10950605394066400
  0.12017161425873535  0.13054625422966343  0.14083376618372984  0.15102721163649344
  0.16127908038383476  0.17122092385823398  0.18110955349740460  0.19114566939333788
  0.20095891144788189  0.21071189274988003  0.22079429947136639  0.23133728669766859
  0.24263794255308427  0.25420982097226236  0.26591341824738240  0.27723976949630502
  0.28804268305494568  0.29835889093422741  0.30842022585823997  0.31854635599728354
  0.32892960585479947  0.33964071709202170  0.35041159519645260  0.36101212314069692
  0.37134766261567159  0.38172188262415074  0.39233623736791640  0.40311029642341673
  0.41385443988550136  0.42448063927014518  0.43520711012308533  0.44607419469774268
  0.45700888925942679  0.46750556204574778  0.47764321679267302  0.48783710665087904
  0.49781073140489068  0.50741854297054823  0.51698365427979909  0.52766157690240201
  0.53916090047265897  0.54994316516782538  0.56013792709966270  0.57039469421016142
  0.58095470644820335  0.59137044957421414  0.60168023953671768  0.61230735430617544
  0.62314166831238615  0.63361161978995839  0.64401503320319398  0.65475599075389124
  0.66544747776657254  0.67578922509583439  0.68610492259414368  0.69692177333447614
  0.70792343794968970  0.71916570883491093  0.73067855889028044  0.74230158493587672
  0.75370385434409981  0.76473958502731543  0.77577199731018209  0.78689276609853098
  0.79805128955821480  0.80898032062342251  0.82006237020796557  0.83147762603599984
  0.84231192770894392  0.85330358569221010  0.86373261726828399  0.87423775480582944
  0.88420085187417474  0.89481637505900835  0.90594706492854182  0.91688544251750848
  0.92710482847407094  0.93712467643013098  0.94737707492211531  0.95782536652431760
  0.96819165560905140  0.97844749295621680  0.98914074135524066  1.00000000000000000
 -0.00304326289517196  0.01972300431317113  0.03489753524675967  0.04805279048340312
  0.05973405142118583  0.07059678097428587  0.08100569186445632  0.09107458967625259
  0.10059220339069880  0.10978599237281712  0.11901445609852589  0.12813113935241571
  0.13686270626766775  0.14541685913528640  0.15379092531800734  0.16228531636902940
  0.17087470159431617  0.17915868741065261  0.18721668447431353  0.19481123402401912
  0.20215997326004592  0.20950868801629627  0.21697617794893737  0.22453466174146283
  0.23206223086332214  0.23964497873881468  0.24693925300983338  0.25443895193354910
  0.26187159666826842  0.26917661160588924  0.27651211475822396  0.28400916515849361
  0.29147161152069073  0.29871342891521085  0.30573411643362403  0.31278521856207198
  0.31990090439592112  0.32700612048057720  0.33421440025460936  0.34166086683659913
  0.34920882954726851  0.35696822804472356  0.36513737529691148  0.37351148771931808
  0.38200000665936917  0.39018048147312179  0.39812601128051422  0.40587115550304492
  0.41355149864688578  0.42113507914380510  0.42857386550644988  0.43612651717000683
  0.44422402360320035  0.45227947268110719  0.46065907984405136  0.46913063214807016
  0.47788011533664315  0.48688958373631691  0.49595431877492241  0.50495762954029477
  0.51383660665646991  0.52264708616510047  0.53138396282563771  0.54006871866054451
  0.54849416002122120  0.55669032609520774  0.56488826218842780  0.57297462152958112
  0.58106722022253832  0.58943295926824257  0.59830154001620206  0.60750457727341012
  0.61722383724214658  0.62700363541968251  0.63717435513254539  0.64736539760845779
  0.65727406709770597  0.66743614330930445  0.67764586633805524  0.68775866337608538
  0.69780463806842197  0.70804235400757309  0.71902316194494365  0.73059811312539480
  0.74316498253524177  0.75651831852720974  0.77075824364537970  0.78534236899577559
  0.80029105081703400  0.81620742713003103  0.83346223764063199  0.85263000409250478
  0.87450644475518891  0.90100475291034543  0.93655259326320262  1.00000000000000000
 -0.01979547669383410  0.11808949819992154  0.15510467187483359  0.17637119279192284
  0.19292359224403793  0.20793073187077532  0.22186112144103831  0.23432477185833794
  0.24574700629743626  0.25602038639711577  0.26589379470688695  0.27542668559478301
  0.28383859430496478  0.29197321409241234  0.29969222025260067  0.30720224613461516
  0.31457029903058403  0.32151775167367913  0.32853377327280509  0.33538304662369656
  0.34233092969363338  0.34908979537005991  0.35545971386216846  0.36156027122941337
  0.36755471526002359  0.37367236492023687  0.37990111045034375  0.38610151286058042
  0.39221576051535839  0.39816929898379022  0.40377856372840354  0.40917471088074586
  0.41458892010614246  0.42015615891139535  0.42591157309995720  0.43173333135745129
  0.43740589643900729  0.44279685482951747  0.44823603905592585  0.45358204304896538
  0.45890939819979160  0.46419631532219441  0.46942180095830444  0.47471771642671334
  0.47995157576838932  0.48505555404075734  0.49016906549391664  0.49526115721495445
  0.50044025475899001  0.50578937195128082  0.51132650696253201  0.51694495850616284
  0.52256480907979785  0.52814102920547557  0.53364905728574064  0.53922094697946210
  0.54493040697453266  0.55065562636081888  0.55664351441248716  0.56235582927945837
  0.56781520533694341  0.57323773305354775  0.57877408881979175  0.58438194983872471
  0.59008786453618889  0.59574660795499823  0.60137976413903671  0.60712352596244912
  0.61304842164148476  0.61905224328040609  0.62507231485180492  0.63124727901289235
  0.63758908712195761  0.64412936873526305  0.65084071209377059  0.65767928044415724
  0.66441786751170484  0.67120642080853476  0.67812350679943501  0.68511744087402116
  0.69240536555802124  0.69998227836633653  0.70797387637674070  0.71663881918103400
  0.72598204210168948  0.73526262318583313  0.74453734732817933  0.75426492616390584
  0.76508773493064419  0.77725770753509282  0.79081053788658295  0.80585397388900493
  0.82330993946182052  0.84549881826361373  0.88160195238435790  1.00000000000000000
   3.5496012076539793E-009  -1.0000000000000000     
 T T T T F F F F F F F F T T T T T T T T F F F F F F F F T T T T
  <DiscreteSampler_grid>
  grouped_processes
  1 # 1 for a reference and 2 for a running grid.
  10 # Attribute 'min_bin_probing_points' of the grid.
  1 # Attribute 'grid_mode' of the grid. 1=='default',2=='initialization'
  0.0000000000000000 # Attribute 'small_contrib_threshold' of the grid.
  0.5000000000000000 # Attribute 'damping_power' of the grid.
 # binID   n_entries weight   weight_sqr   abs_weight
    10   10   1.673576582578296E+005   3.965611852411516E+010   1.673576582578296E+005
    11   10   1.673576582578296E+005   3.965611852411517E+010   1.673576582578296E+005
  </DiscreteSampler_grid>
