  0.00000089955626963  0.00001529933350660  0.00002979210883684  0.00004400746730878
  0.00005782070126134  0.00007199475672767  0.00008687667385705  0.00010260171371403
  0.00011908998764459  0.00013625327869330  0.00015397577292735  0.00017283438360781
  0.00019287556318432  0.00021372909702466  0.00023566944249233  0.00025883418725653
  0.00028307587364983  0.00030860332896719  0.00033525297383714  0.00036328680309378
  0.00039272851129776  0.00042360938276148  0.00045623362281396  0.00049014890764851
  0.00052568517441913  0.00056268850543717  0.00060131322191804  0.00064179194305124
  0.00068406901445215  0.00072841688827600  0.00077464105445058  0.00082238206186982
  0.00087284210641644  0.00092627105279935  0.00098258948806893  0.00104078494074653
  0.00110033203751405  0.00116190545136335  0.00122569392770333  0.00129149440115765
  0.00135995552457187  0.00143074372630649  0.00150609077370512  0.00158426389650522
  0.00166775835949482  0.00175344203253231  0.00183965725474482  0.00192723217203446
  0.00201701155174233  0.00211141163153972  0.00221087870518580  0.00231726090424811
  0.00243290887321115  0.00255549545838199  0.00267992002616899  0.00280915384440911
  0.00294584783128891  0.00309058789426119  0.00324184025861360  0.00340670547593881
  0.00357361967988801  0.00374051944787700  0.00391248085626323  0.00409817489506531
  0.00429644244209453  0.00449001586687904  0.00469632312058842  0.00491028427492438
  0.00512870683082112  0.00533855944780607  0.00557970765053273  0.00583521206836158
  0.00612408319520928  0.00644312299491770  0.00678110357102783  0.00713327194322710
  0.00750559792432686  0.00786041946129248  0.00820707006682103  0.00858685500045668
  0.00901746022933076  0.00948737827840440  0.01001588313769720  0.01065667542179751
  0.01145623471471464  0.01236337279492126  0.01405131808763997  0.01628269713994711
  0.01820454743136003  0.02046937644248886  0.02211751962959805  0.02388640148276133
  0.02692789629691168  0.03452562945611082  0.15727896524391918  1.00000000000000000
 -0.00244528256272903  0.00960548977069872  0.01954516119492870  0.03018411095443273
  0.04092378605415188  0.05132568219052661  0.06155712968341862  0.07167757718306053
  0.08192850042322564  0.09209179188972748  0.10248928116922586  0.11318274462590520
  0.12395063230679569  0.13460845549808861  0.14519126934239646  0.15572707039291067
  0.16614434775241543  0.17638404003217112  0.18680349875640659  0.19712184379141923
  0.20754825975762811  0.21799312076105776  0.22833646117500389  0.23883526841612920
  0.24936552130454076  0.26009839861224587  0.27072009890105503  0.28115718838485393
  0.29180279488746053  0.30253992594658358  0.31337692467805034  0.32385907427463201
  0.33446671214147466  0.34513721032713696  0.35595669525145845  0.36647388852496854
  0.37693747239524283  0.38735049875011918  0.39782724221184429  0.40848541556108015
  0.41896028778210398  0.42951721557674760  0.44005786090363597  0.45066517266133294
  0.46122621009193548  0.47171522405604432  0.48232229535115623  0.49302953876826522
  0.50377619938530049  0.51456210011792047  0.52523591770295319  0.53589502989509885
  0.54658078222269135  0.55741709724405786  0.56824080736570382  0.57891969676485355
  0.58934948982913693  0.59979982663925424  0.61027640914949832  0.62079395080172950
  0.63141260296732371  0.64218550359471227  0.65291897935849563  0.66351385711105482
  0.67413390490850378  0.68470705319061109  0.69518069462472809  0.70534743195982241
  0.71573662313529751  0.72626031870641361  0.73694810376713626  0.74755029216515134
  0.75789810684189063  0.76829167859526037  0.77890722282994496  0.78979966353669007
  0.80058656801301753  0.81118212850652716  0.82161011459811739  0.83218230035473550
  0.84272906948773174  0.85342311835625650  0.86392584578997400  0.87440984303389269
  0.88494727067731271  0.89543899943339378  0.90582510894890078  0.91620902270918048
  0.92674706978416987  0.93736382943815044  0.94785643405425357  0.95832151803632748
  0.96854003019140811  0.97898017089616551  0.98941230447666095  1.00000000000000000
 -0.00460979579870841  0.02545024344232735  0.04632158949645578  0.06369664165113666
  0.07924412565901952  0.09380245221400700  0.10761256601994487  0.12076504669007775
  0.13345802902252804  0.14576137356601820  0.15764874572008292  0.16918201547281761
  0.18045605562649927  0.19141436868349820  0.20199072688368647  0.21230765216882286
  0.22252821673549816  0.23270207830187054  0.24277248156530429  0.25266990327065325
  0.26237546774797776  0.27191944488642700  0.28128668684589103  0.29056806919933853
  0.29980127160836878  0.30895749076154483  0.31804486880817801  0.32707776302588187
  0.33605824040008070  0.34496780689938183  0.35377324934536741  0.36245860456719936
  0.37108506938887442  0.37968528438349414  0.38826000111967590  0.39679510326231526
  0.40529650253379262  0.41381027917558444  0.42235401463281125  0.43086802746545416
  0.43931913774984482  0.44769034453146894  0.45601950364448623  0.46439372976013682
  0.47282290273910788  0.48127448258264033  0.48964459348576866  0.49805288409374782
  0.50652108220752889  0.51502057616852992  0.52346694825839413  0.53184851435428626
  0.54024302606279473  0.54868264691966340  0.55701282955155318  0.56533751363234919
  0.57366038239458694  0.58196084290509231  0.59024628810433011  0.59853526748831043
  0.60683139066034664  0.61515888407310548  0.62348256979431627  0.63176743606448604
  0.64005706924793593  0.64848586764407345  0.65711524293670653  0.66579811765670005
  0.67443838145862289  0.68312290084157401  0.69180953592100414  0.70043560629450696
  0.70904503172227706  0.71764447470294468  0.72630274480323931  0.73510152287303698
  0.74405262483709611  0.75309484219059697  0.76223150242736737  0.77139839689482548
  0.78066694651692214  0.79016552724511957  0.79998120802783068  0.81004492943067186
  0.82025676539482772  0.83078753932865568  0.84189391298512639  0.85347473679967156
  0.86530572613870116  0.87753164320646138  0.89054283085877572  0.90463907569119928
  0.92004485886169252  0.93771374776325200  0.96208295870076366  1.00000000000000000
 -0.02815285150758889  0.13748734645692895  0.17609455857648468  0.19889757824473805
  0.21636928070532790  0.23077313447980360  0.24329591751216229  0.25463788266559312
  0.26486185877569490  0.27455199685565446  0.28366740039931537  0.29248191723830858
  0.30080284362618398  0.30869545379292262  0.31629643745205488  0.32346384755702973
  0.33039543276224193  0.33710241362756710  0.34359876233971393  0.35003468127558696
  0.35636778076083531  0.36254807763594737  0.36863757367013295  0.37462436738706500
  0.38043484328371280  0.38611298136670302  0.39169516102986102  0.39715608497193094
  0.40251269010521817  0.40781988121143747  0.41310049233305962  0.41836448768285334
  0.42362102960304876  0.42884036632621492  0.43400572619758582  0.43909426622936099
  0.44410959370365394  0.44907593641160753  0.45402337350020261  0.45896157524244258
  0.46385245865665681  0.46874276413898025  0.47366974939454398  0.47858441023583226
  0.48346642061251283  0.48831744955469875  0.49323130932211712  0.49807979237238753
  0.50292176048692472  0.50770591419363242  0.51248317890298789  0.51729293454616132
  0.52215131354699895  0.52706265216957982  0.53200406036552494  0.53696565922304906
  0.54194345382753129  0.54697110995226450  0.55205393476424502  0.55714461034334617
  0.56223439335548320  0.56734475761422121  0.57249168325683542  0.57770313281270236
  0.58289749100215893  0.58814204483121491  0.59337495264539208  0.59865838299891094
  0.60399388874304505  0.60948151816889895  0.61512884257467304  0.62087358474459142
  0.62667817617366206  0.63254780881979678  0.63845028415791649  0.64446032917132523
  0.65062925125521176  0.65694734413610001  0.66345399161159768  0.67018986896427668
  0.67720096084382075  0.68436957604220305  0.69181484203930432  0.69952025649751315
  0.70748272776003129  0.71602504620260643  0.72493245515591997  0.73456524246575639
  0.74480990656563850  0.75623468017255890  0.76872805012199130  0.78324081542306223
  0.80086178595173185  0.82389342895542694  0.86215879925995598  1.00000000000000000
   1.2686451412147356E-002  -1.0000000000000000     
 T T T T T T T T T T T T T T T T F F F F F F F F F F F F F F F F
  <DiscreteSampler_grid>
  grouped_processes
  1 # 1 for a reference and 2 for a running grid.
  10 # Attribute 'min_bin_probing_points' of the grid.
  1 # Attribute 'grid_mode' of the grid. 1=='default',2=='initialization'
  0.0000000000000000 # Attribute 'small_contrib_threshold' of the grid.
  0.5000000000000000 # Attribute 'damping_power' of the grid.
 # binID   n_entries weight   weight_sqr   abs_weight
    10   10   4.657741695903509E+009   6.997775103482047E+019   4.657741695903509E+009
    16   10   4.657741695903506E+009   6.997775103482041E+019   4.657741695903506E+009
  </DiscreteSampler_grid>
