  0.00000083158877643  0.00001415890860358  0.00002904291939763  0.00004254219287432
  0.00005614924522301  0.00006964610863527  0.00008385838242700  0.00009874709079228
  0.00011435772449531  0.00013072012675018  0.00014772794659515  0.00016540581421475
  0.00018399276613026  0.00020387406791977  0.00022477802268591  0.00024664830558409
  0.00026950732753503  0.00029344640877303  0.00031861382912828  0.00034501511261571
  0.00037294763467975  0.00040197973901279  0.00043284361614160  0.00046519128707520
  0.00049866167819084  0.00053362027555189  0.00057025681709098  0.00060901654935485
  0.00064917557587000  0.00069107357730111  0.00073466549810849  0.00078019724381588
  0.00082735285576186  0.00087633488315904  0.00092699698019656  0.00097980689885923
  0.00103473005874075  0.00109192289600550  0.00115017052282164  0.00121129425244640
  0.00127461635596824  0.00134088229125813  0.00140972818521129  0.00148145114895466
  0.00155492839870015  0.00163072743487624  0.00170935711473437  0.00179195621926529
  0.00188041201881605  0.00197213339883393  0.00206678666821489  0.00216462571215503
  0.00226391995621526  0.00236745622337420  0.00247844966260419  0.00258974379039417
  0.00270314252942066  0.00282806266450762  0.00296450502546008  0.00311289452362555
  0.00327139182539902  0.00344018019029252  0.00361343685046122  0.00379013044333777
  0.00397392499765113  0.00416356883609206  0.00435652478116507  0.00455366768256287
  0.00474796179907864  0.00495079004630254  0.00517088100978718  0.00542363966423744
  0.00566768162962217  0.00593746520260661  0.00624225619770779  0.00657838115605767
  0.00694273882050657  0.00736678859786318  0.00780188665981682  0.00826323210630274
  0.00879548504237482  0.00938913172954441  0.01000951326594806  0.01056663898438620
  0.01110209819343978  0.01164270492171723  0.01226464430496587  0.01298315770912571
  0.01385404047488625  0.01497208855964603  0.01668904470448914  0.02106471577123372
  0.02568351796318482  0.02912899164011452  0.59801471683170493  1.00000000000000000
 -0.00243508629810602  0.00945552736638240  0.01980994897488050  0.03052128693170265
  0.04118615766475131  0.05182955984973135  0.06254282272559010  0.07301437786896432
  0.08344280553587476  0.09392949745791673  0.10467416754463313  0.11554254638577058
  0.12624323667747164  0.13687236738309616  0.14752167668874874  0.15837286914685256
  0.16913610025344064  0.17979824585481091  0.19048154220967423  0.20117414486480353
  0.21196050714406231  0.22264438397360331  0.23334582801068457  0.24406076553816128
  0.25459464503446660  0.26510631232922832  0.27552558510352743  0.28606282538532213
  0.29667405457576385  0.30743898889717031  0.31827183605637754  0.32904215846679130
  0.33953658687818139  0.34990312963542164  0.36027484590999015  0.37066491780447569
  0.38105778299026838  0.39151922490314772  0.40198602605603356  0.41233382764208465
  0.42257457825355593  0.43282400870851701  0.44324583288506958  0.45383425881237932
  0.46451126303158824  0.47523339791973829  0.48586757583756462  0.49641764978174929
  0.50668860355736700  0.51697027687260710  0.52716022378708238  0.53731142963476186
  0.54743881978192643  0.55762666921320980  0.56822562315020542  0.57874768885478667
  0.58948174612414495  0.60022494333761756  0.61107749896895935  0.62202863136053577
  0.63297161279088088  0.64363669134000656  0.65433371087589132  0.66491188783866240
  0.67545766178806244  0.68591582896802095  0.69646693203077426  0.70691235222612159
  0.71738988412822680  0.72773558010726047  0.73830165667293490  0.74879753766446178
  0.75916012334985072  0.76943326713576099  0.77963296029618756  0.79000610652801773
  0.80050933574167171  0.81089110522227048  0.82131151126649071  0.83178049892624817
  0.84235574282612991  0.85291186128626539  0.86331424013484459  0.87355555852867728
  0.88405860706183792  0.89457623864193181  0.90527813488514086  0.91601738332192906
  0.92661488798579472  0.93717407672419650  0.94738907939615769  0.95753784878984893
  0.96798446866959997  0.97841321751656163  0.98921107090459170  1.00000000000000000
 -0.00464053070024341  0.02494597433016948  0.04585523026608657  0.06327190529948348
  0.07903112697156808  0.09359646579284367  0.10738289776013347  0.12060207806254490
  0.13318800869843270  0.14528546402015990  0.15700170894503296  0.16837143725428008
  0.17944138205604970  0.19031795870066029  0.20103566576695481  0.21159251621322520
  0.22200704078443942  0.23225655982514734  0.24238011037401400  0.25239605609882804
  0.26231555121889055  0.27206286344457264  0.28154187768536559  0.29091582929291354
  0.30020748588856389  0.30937885406935861  0.31839480468168874  0.32729124275651478
  0.33615020615234764  0.34502520355021404  0.35384663257156684  0.36256408315717559
  0.37122371901711060  0.37991990060589298  0.38862435844115473  0.39720657207226390
  0.40564870824945648  0.41404054156830716  0.42249363377877186  0.43096268742633048
  0.43939600281645291  0.44766155886166004  0.45590298081788233  0.46409284678396512
  0.47236988053309586  0.48061287405311409  0.48880590049013961  0.49687884271323884
  0.50506413875764322  0.51332262951393459  0.52163499883718512  0.52983060015795636
  0.53794614439983335  0.54613514438299515  0.55431633131045221  0.56252239794405068
  0.57077231018982055  0.57898495552835894  0.58723861505075226  0.59557740093244049
  0.60390877029268675  0.61219906999156681  0.62041123382758079  0.62858836346835056
  0.63679797854767839  0.64510849183481456  0.65351253019364630  0.66198269761015360
  0.67050256572029587  0.67908740746341112  0.68769720443675952  0.69630564883872725
  0.70501404981968330  0.71387743003266035  0.72286587847165118  0.73187219380760349
  0.74089081119592759  0.75004781380852348  0.75936867730736468  0.76880528556006567
  0.77829725838792208  0.78782583864991340  0.79758192182084553  0.80780923481743716
  0.81849098982225621  0.82937736017349184  0.84027339867751194  0.85153651602363278
  0.86343613663389851  0.87609409903250068  0.88934329576150051  0.90346792145508958
  0.91936795563436924  0.93763353234920133  0.96144648532160715  1.00000000000000000
 -0.02765556472815449  0.13631939232957671  0.17536440883270554  0.19850002557983151
  0.21618278182954584  0.23098519347091143  0.24381556628415485  0.25513788886703986
  0.26540868703748277  0.27498128190333471  0.28381777372942629  0.29234141813080322
  0.30039461714142468  0.30811935518553624  0.31557171962182595  0.32271177596672596
  0.32970214541324661  0.33650114794121944  0.34305492233462087  0.34945556833829683
  0.35567634907889500  0.36170761842767951  0.36761846043376473  0.37349374423451415
  0.37923127120070466  0.38496490780052217  0.39066095262512218  0.39631938066190153
  0.40192487858256459  0.40746809467734779  0.41294861925643489  0.41832355742999966
  0.42358391910978987  0.42877253406156374  0.43394124877300472  0.43905041797650729
  0.44411725476099839  0.44920323567775683  0.45430577577227843  0.45934548955159488
  0.46426327400469419  0.46913397532855183  0.47396156500905168  0.47876488358849584
  0.48358417187555663  0.48847242156521403  0.49336987369428803  0.49827336526156801
  0.50314434759717719  0.50791529360676324  0.51274614778810779  0.51758310696463239
  0.52246714939859640  0.52738144158260047  0.53227821900700178  0.53715590671103031
  0.54203980617546710  0.54699821400407067  0.55201258053337099  0.55705930183985441
  0.56215242839024449  0.56731974758836767  0.57255180673635164  0.57782606082384003
  0.58319599605524519  0.58857773431830940  0.59399051980783546  0.59942834074572138
  0.60490887342953126  0.61041978782524653  0.61598023254527989  0.62153356243819124
  0.62716554024071225  0.63294293460950801  0.63879898590403272  0.64479002250965467
  0.65103267611262061  0.65749112148507405  0.66404371343025959  0.67077943580707378
  0.67771949343932114  0.68485249795079806  0.69236290385935717  0.70015249603703400
  0.70822178436940253  0.71676142129087672  0.72565403000070461  0.73540211566951297
  0.74575954489239105  0.75730456833541560  0.76967322997224019  0.78405667653970246
  0.80119007963333477  0.82360132466148783  0.86214965453076786  1.00000000000000000
   1.2590782953905505E-002  -1.0000000000000000     
 T T T T T T T T T T T T T T T T F F F F F F F F F F F F F F F F
  <DiscreteSampler_grid>
  grouped_processes
  1 # 1 for a reference and 2 for a running grid.
  10 # Attribute 'min_bin_probing_points' of the grid.
  1 # Attribute 'grid_mode' of the grid. 1=='default',2=='initialization'
  0.0000000000000000 # Attribute 'small_contrib_threshold' of the grid.
  0.5000000000000000 # Attribute 'damping_power' of the grid.
 # binID   n_entries weight   weight_sqr   abs_weight
    10   10   5.138477328081349E+009   1.719882145607198E+020   5.138477328081349E+009
    16   10   5.138477328081347E+009   1.719882145607196E+020   5.138477328081347E+009
  </DiscreteSampler_grid>
