  0.00000191601334532  0.00001457916084403  0.00002815335520845  0.00004194368760919
  0.00005532669089891  0.00006861360106340  0.00008243498316969  0.00009696994380832
  0.00011195074700676  0.00012733055205565  0.00014297814082060  0.00015885183215491
  0.00017568979597261  0.00019359670485901  0.00021267484626477  0.00023288344953730
  0.00025385670076411  0.00027569751672594  0.00029856174004980  0.00032252004237090
  0.00034797834491071  0.00037483417302402  0.00040309806120831  0.00043283042320895
  0.00046366165260095  0.00049565508307654  0.00052938129403183  0.00056453880235058
  0.00060139051544272  0.00064009639600856  0.00068045321858073  0.00072305526582531
  0.00076651482511338  0.00081220715841456  0.00085883655510537  0.00090794260913348
  0.00095991705198779  0.00101472208296660  0.00107263006374567  0.00113536330515361
  0.00120181421670408  0.00126915774869106  0.00133872096618886  0.00140989063202873
  0.00148463926257170  0.00156561884444457  0.00164988689387627  0.00173441467496131
  0.00182339552075076  0.00191321862365369  0.00200538148002392  0.00210463296062780
  0.00221179958610616  0.00233121959374576  0.00245036786519627  0.00256934554055001
  0.00269460664480985  0.00283530000980401  0.00298632116443537  0.00314640340998510
  0.00330411810956910  0.00347960739749024  0.00365719728663909  0.00385869507093927
  0.00407453662412328  0.00429582762839205  0.00451469914749662  0.00474681204634691
  0.00499648066378080  0.00527393094338377  0.00559307359142134  0.00594132528964849
  0.00629033303748312  0.00662437801873660  0.00702281436047807  0.00744287723380628
  0.00786753233643361  0.00826969020920070  0.00873072191583018  0.00928756374661477
  0.00998165929021068  0.01084681949767801  0.01154971573403815  0.01213269787141172
  0.01276245626036801  0.01352996504088105  0.01431026228804371  0.01541179352566967
  0.01687968796534431  0.01874763167207213  0.02169562876494651  0.02498543235673325
  0.02879219657638774  0.09481846855857051  0.22607206377174127  1.00000000000000000
 -0.00249208409339024  0.00946173859367855  0.01930128561270366  0.02987326376616309
  0.04025426702416522  0.05078867412833664  0.06113169440058205  0.07168641079242372
  0.08227087097156044  0.09302119941953922  0.10375347440677692  0.11455642588965984
  0.12536337795538896  0.13608575145639448  0.14664715885230470  0.15713350909827600
  0.16778024543704273  0.17847332915495734  0.18932213470160772  0.20011996207475757
  0.21077398452845003  0.22126245943969922  0.23159542729102547  0.24194050850750617
  0.25219736187541658  0.26280701534129003  0.27330311077984809  0.28366993541567997
  0.29385029904057175  0.30431136464330494  0.31495365150675098  0.32578205395467441
  0.33645309713533317  0.34726213845899767  0.35810673559339257  0.36917035031615214
  0.38007123125958586  0.39059612425639101  0.40091214592590435  0.41122556020882317
  0.42177173049208477  0.43251864970221982  0.44337055421312166  0.45413497645594475
  0.46467008801692139  0.47518738003662370  0.48584824163518353  0.49665448233978771
  0.50737349104268181  0.51799645169760056  0.52850628342403605  0.53895388718146875
  0.54938090921303395  0.55988385948823738  0.57047170532464597  0.58107516364878886
  0.59179084428447892  0.60247031985371258  0.61298121108813663  0.62327360697018408
  0.63353436304941091  0.64378157065630304  0.65404286957058999  0.66434979376907555
  0.67470349445847677  0.68497381032121907  0.69523922058547161  0.70551573540894730
  0.71592604099951451  0.72650316549062710  0.73722083236427449  0.74798830347896539
  0.75845484998627477  0.76882254601890587  0.77929060232535374  0.78988968734531351
  0.80039168382714154  0.81095607962308325  0.82148696101468643  0.83207274120612351
  0.84227982494476905  0.85250866133334069  0.86298353889764601  0.87363343955142592
  0.88445667260923910  0.89520443857774934  0.90602256183229779  0.91673597734905843
  0.92726764437237685  0.93786959048914398  0.94848092817217511  0.95927894501613342
  0.96982128665564937  0.98005892393018534  0.99009844289810711  1.00000000000000000
 -0.00333551064916376  0.02327488839169098  0.04292153557647542  0.05943538370964793
  0.07430709950575581  0.08829068387362959  0.10181034945933500  0.11472416478696687
  0.12704111735044357  0.13872702913366072  0.15014574694633923  0.16119981302085870
  0.17213388664448809  0.18289249952909173  0.19351353070528129  0.20390643993617635
  0.21430446252528865  0.22472650635407668  0.23503918864673803  0.24518762923287662
  0.25512970833463744  0.26494669192191139  0.27452377917046339  0.28384761667360342
  0.29315798873772519  0.30218479214591054  0.31123149162823577  0.32013424450988393
  0.32905444887853802  0.33809294024081749  0.34707992465756737  0.35609617125757037
  0.36509484235840539  0.37402544719639208  0.38284887055941869  0.39164510726641999
  0.40041348882862204  0.40915617688354311  0.41787365809316585  0.42654306055495583
  0.43519798618346361  0.44385131128533362  0.45249060636709626  0.46110001771083464
  0.46967322514651305  0.47815553850860509  0.48655064087890504  0.49494621505094966
  0.50337201860399428  0.51167900047595583  0.51982202919782050  0.52791253433013730
  0.53609779028662130  0.54430105687418662  0.55268654601796618  0.56098514925119602
  0.56951283934019337  0.57806948741360853  0.58671874800378132  0.59533122040694508
  0.60398861250103608  0.61256997309428118  0.62115143318542476  0.62972301202826075
  0.63834246556481122  0.64700056982863241  0.65568421671971644  0.66441224876050109
  0.67315011284452475  0.68195715090703612  0.69081795051311590  0.69964601275254923
  0.70860531103689606  0.71762433758424160  0.72663666676206728  0.73569273197007368
  0.74496445487094642  0.75445960474740881  0.76409209251993682  0.77387999577308508
  0.78378622574588963  0.79386333891906657  0.80380459607260868  0.81405005711057754
  0.82452601570831596  0.83559583181176134  0.84704975321776399  0.85879467760100292
  0.87088872747150381  0.88351586251387459  0.89676828933883868  0.91058804422105921
  0.92562739249488613  0.94317351171520580  0.96632382269162287  1.00000000000000000
 -0.02035987828055282  0.12088590779645408  0.16014255385631510  0.18369099935073308
  0.20188619256780244  0.21704777741909445  0.23028302384129876  0.24203280896039447
  0.25278314628649040  0.26262317198419849  0.27207648141469715  0.28074726831195751
  0.28926924089484846  0.29721381339966085  0.30493825091520577  0.31243810260901633
  0.31980614877177238  0.32708459756670571  0.33418635388832707  0.34108884073304013
  0.34771643156460091  0.35427282944776606  0.36063679367456070  0.36697453989649370
  0.37322637773277528  0.37919023424529191  0.38503448872820484  0.39079995231484987
  0.39647055398623754  0.40206126944791559  0.40760156494872152  0.41312360041763130
  0.41861251333543226  0.42398679029952396  0.42928707962591317  0.43454867874458586
  0.43972454450349613  0.44487704591923505  0.45006670957629896  0.45532377094274756
  0.46051135516237601  0.46568674972579754  0.47089803119345403  0.47610719272521412
  0.48127057268073414  0.48636856816201540  0.49143490633605258  0.49651495041509830
  0.50171897165887347  0.50695530158951785  0.51218164841153246  0.51739831327930996
  0.52266374275787009  0.52794458649870868  0.53328930436731858  0.53867296669008036
  0.54398699333955236  0.54920787654457104  0.55434761392800713  0.55944268425831711
  0.56458281071979310  0.56975758589072600  0.57505117631141134  0.58038474125046557
  0.58584295067614345  0.59135968410735029  0.59689322742351147  0.60245955855405242
  0.60816511101168214  0.61403528473651248  0.61998668236894017  0.62604920282095444
  0.63229500373537084  0.63858389156056128  0.64492304837818615  0.65139767447812702
  0.65802061225381414  0.66474007624682507  0.67172923669236662  0.67891561662554700
  0.68624348706536609  0.69383388586626571  0.70165925843318744  0.70978648815017531
  0.71835474961435120  0.72716695724325486  0.73671925432311469  0.74664169556850113
  0.75752624448892369  0.76939741170524556  0.78280264007870604  0.79825382574797721
  0.81682467429723182  0.84015633810879198  0.87862403216751572  1.00000000000000000
   2.5211336039524423E-002  -1.0000000000000000     
 T T T T T T T T T T T T T T T T F F F F F F F F F F F F F F F F
  <DiscreteSampler_grid>
  grouped_processes
  1 # 1 for a reference and 2 for a running grid.
  10 # Attribute 'min_bin_probing_points' of the grid.
  1 # Attribute 'grid_mode' of the grid. 1=='default',2=='initialization'
  0.0000000000000000 # Attribute 'small_contrib_threshold' of the grid.
  0.5000000000000000 # Attribute 'damping_power' of the grid.
 # binID   n_entries weight   weight_sqr   abs_weight
    10   10   1.458942792535361E+009   3.946925682645940E+018   1.458942792535361E+009
    16   10   1.458942792535361E+009   3.946925682645939E+018   1.458942792535361E+009
  </DiscreteSampler_grid>
