0	-0.4	0.3265993057345214
0	-0.4	0.29248028365410256
0	-0.4	0.34632076221879704
0	-0.4	0.26979874324970565
0	-0.4	0.20177094601922263
0	-0.4	0.24500082680064966
0	-0.4	0.21419816316169912
0	-0.4	0.2668690856007454
0	-0.4	0.3029705939376155
0	-0.4	0.3046903536531061
0	-0.4	0.2467143184178071
0	-0.4	0.28174478697952826
0	-0.45	0.18163368156945145
0	-0.4	0.2345796033162059
0	-0.4	0.23293286370883562
0	-0.4	0.24866406230563085
0	-0.4	0.295328233142604
0	-0.4	0.2517160483774914
0	-0.4	0.28831099348045697
0	-0.4	0.26816458867147
0	-0.4	0.29181877082575197
0	-0.4	0.30047163989426323
0	-0.4	0.30378475807582334
0	-0.45	0.17901831181892802
0	-0.45	0.09249962532322324
0	-0.4	0.3445422851446119
0	-0.4	0.2740672428616088
0	-0.45	0.2369793840607111
0	-0.4	0.43205167721497373
0	-0.4	0.31842838416517666
0	-0.4	0.25228118669199634
0	-0.45	0.15541489759766577
0	-0.4	0.19058643001133824
0	-0.4	0.30708246240809894
0	-0.4	0.2910699880932419
0	-0.4	0.29500267186534157
0	-0.45	0.18733735135236879
0	-0.45	0.14073048856459378
0	-0.45	0.17712917527128044
0	-0.45	0.20359297858344363
0	-0.4	0.2729337608584053
0	-0.45	0.17080447456169293
0	-0.4	0.2721893994178054
0	-0.4	0.2910725651989524
0	-0.4	0.3458718974892548
0	-0.45	0.10673907585855012
0	-0.45	0.11150740798778216
0	-0.4	0.2213862471557079
0	-0.4	0.30016933819499886
0	-0.5	0.6135585007685441
0	-0.4	0.30281042519396906
0	-0.45	0.1349687909081551
0	-0.45	0.20004638822762022
0	-0.4	0.2827580381361084
0	-0.45	0.22186765654959528
0	-0.45	0.1952759688055367
0	-0.4	0.26505336146050007
0	-0.45	0.10595276372710341
0	-0.45	0.17212737169159945
0	-0.45	0.13601696854487894
0	-0.4	0.22278669037848028
0	-0.4	0.2958120879432521
0	-0.4	0.3399014715251208
0	-0.45	0.19462381997304593
0	-0.4	0.2514076784639748
0	-0.45	0.11242909018013007
0	-0.5	0.5224685954807957
0	-0.45	0.16406248492554273
0	-0.5	0.5725015025535228
0	-0.45	0.16906513823714814
0	-0.4	0.22231503029665634
0	-0.45	0.12289417358771747
0	-0.5	0.5784427971698801
0	-0.4	0.3280955524504304
0	-0.45	0.1126165153931039
0	-0.45	0.2110009140692314
0	-0.4	0.23935199988790548
0	-0.4	0.25594011646080134
0	-0.5	0.5850112199826146
0	-0.45	0.15074567674816866
0	-0.45	0.07520894204155822
0	-0.45	0.18546675941996763
0	-0.4	0.28940192203168946
0	-0.45	0.1656647326415825
0	-0.4	0.3176840862010556
0	-0.4	0.17406947192394215
0	-0.45	0.16088374921126417
0	-0.4	0.33256741315575017
0	-0.5	0.5836700691333824
0	-0.4	0.3528173062730308
0	-0.5	0.5219963035147516
0	-0.5	0.5882816959231871
0	-0.45	0.1809409403298408
0	-0.5	0.5790072669549475
0	-0.45	0.10647600377555665
0	-0.5	0.6356422779960529
0	-0.45	0.26524556192521503
0	-0.45	0.16313620310449392
0	-0.5	0.5908929341272032
0	-0.4	0.29682405526261285
0	-0.4	0.29079980808743566
0	-0.5	0.5535141205599307
0	-0.4	0.23604711726664923
0	-0.4	0.320947895779427
0	-0.45	0.20494196700615389
0	-0.55	0.7950403984978405
0	-0.45	0.09996489068448666
0	-0.45	0.04763182625111431
0	-0.4	0.3125472014915466
0	-0.5	0.6072952231405873
0	-0.5	0.6177963602032108
0	-0.4	0.24344064980638108
0	-0.45	0.11555201736664172
0	-0.4	0.2307174439708858
0	-0.4	0.2921570828790443
0	-0.4	0.26623253112672696
0	-0.5	0.5896505722579357
0	-0.5	0.604225808389572
0	-0.45	0.16900413434955935
0	-0.5	0.5706317963183278
0	-0.5	0.5646394461599522
0	-0.5	0.6579093481080096
0	-0.4	0.23278588053787005
0	-0.45	0.23168332736082592
0	-0.45	0.18326627478418592
0	-0.4	0.28206028072573963
0	-0.4	0.3159882205973385
0	-0.45	0.13958906905770854
0	-0.5	0.5864419939923979
0	-0.4	0.3056689803346819
0	-0.5	0.5886875301242748
0	-0.4	0.3730427761500286
0	-0.4	0.26536436302184085
0	-0.4	0.3126041333464471
0	-0.45	0.11540849238510115
0	-0.4	0.256178208168426
0	-0.5	0.4853892540096264
0	-0.55	0.831984174063244
0	-0.4	0.29578505464582217
0	-0.4	0.22855942843337537
0	-0.55	0.831665889542501
0	-0.55	0.8390515798156699
0	-0.5	0.6306562417726839
0	-0.5	0.5658351208052173
0	-0.45	0.19514136622419
0	-0.5	0.5815679619212619
0	-0.45	0.12770873936480892
0	-0.5	0.5978685980615591
0	-0.45	0.12731796900643272
0	-0.5	0.5882407709120838
0	-0.55	0.8233830054137239
0	-0.45	0.10992523014833021
0	-0.4	0.3025063444672554
0	-0.5	0.6285169484585106
0	-0.5	0.5409042212975059
0	-0.4	0.22949981680905138
0	-0.45	0.13649173091556296
0	-0.5	0.5752174282157102
0	-0.45	0.24276820425836587
0	-0.45	0.167144392419109
0	-0.5	0.6049747278691333
0	-0.45	0.13962796661037202
0	-0.55	0.7991367889724436
0	-0.45	0.16698958253479051
0	-0.55	0.8001621500209856
0	-0.55	0.8578809388248761
0	-0.5	0.5489639832736813
0	-0.55	0.8437395944802072
0	-0.45	0.19045871471545206
0	-0.5	0.5121778301323588
0	-0.55	0.8084247798419268
0	-0.5	0.5499627206118639
0	-0.55	0.7774471987758308
0	-0.5	0.5483906914842422
0	-0.55	0.8874689887449657
0	-0.45	0.15647223879477543
0	-0.45	0.11667167678976358
0	-0.45	0.17277165448159848
0	-0.45	0.22861248680132937
0	-0.5	0.5601983067745246
0	-0.5	0.5582719222260296
0	-0.6	0.4267953467487085
0	-0.45	0.16264296989903318
0	-0.5	0.5332304408929964
0	-0.55	0.8228636298242274
0	-0.55	0.7750387733970242
0	-0.4	0.3176770320065204
0	-0.4	0.33140325831394335
0	-0.5	0.6239367753806839
0	-0.45	0.18498185859196076
0	-0.45	0.20301963918993937
0	-0.55	0.9000144528594808
0	-0.4	0.1992556828014202
0	-0.55	0.8053772664153339
0	-0.45	0.11254014913465626
0	-0.45	0.18241259045977232
0	-0.5	0.5902564139059707
0	-0.55	0.8264590114643994
0	-0.55	0.7974185808583502
0	-0.55	0.8345907796424452
0	-0.45	0.15723881387938837
0	-0.5	0.5934433692263882
0	-0.5	0.5229986802183707
0	-0.4	0.31793905061197575
0	-0.5	0.5315854415756959
0	-0.45	0.18970048461721734
0	-0.45	0.12369996671088353
0	-0.55	0.826695397531019
0	-0.45	0.2576024932457883
0	-0.55	0.8587432825331308
0	-0.45	0.08626759122857683
0	-0.45	0.12507047157412127
0	-0.45	0.15367178919939065
0	-0.5	0.5880354467496121
0	-0.45	0.23327181002396127
0	-0.55	0.8595822540648469
0	-0.6	0.5375287167230979
0	-0.45	0.11668955726328636
0	-0.45	0.13956080184669714
0	-0.6	0.4290662234411721
0	-0.6	0.43274881762521467
0	-0.4	0.2998367131324235
0	-0.55	0.7712874758756848
0	-0.55	0.8092301265899849
0	-0.55	0.70534097518768
0	-0.5	0.5954982212638128
0	-0.5	0.5772028433142629
0	-0.55	0.8149618493738712
0	-0.55	0.795349145615391
0	-0.6	0.4017384206629065
0	-0.5	0.4818840048008652
0	-0.55	0.8285121888114201
0	-0.45	0.18066520205325223
0	-0.5	0.5224498753427131
0	-0.55	0.833620944188549
0	-0.45	0.21230063324444673
0	-0.4	0.15239917363340447
0	-0.4	0.2552751412839399
0	-0.5	0.5887098176209408
0	-0.55	0.8011626125524586
0	-0.55	0.8167201182619868
0	-0.5	0.5801438161942687
0	-0.5	0.618951623125549
0	-0.5	0.5764144233896277
0	-0.6	0.4287942357018196
0	-0.5	0.6049607728295212
0	-0.4	0.2710076495445329
0	-0.6	0.4650674753354218
0	-0.55	0.7728169785726149
0	-0.6	0.5026658469993891
0	-0.6	0.36140376723268497
0	-0.55	0.769635261301058
0	-0.5	0.6461131720977288
0	-0.4	0.3113935983822233
0	-0.6	0.47934577288334995
0	-0.55	0.8419319949250447
0	-0.6	0.4352431973144575
0	-0.55	0.8176268968728538
0	-0.6	0.4974944057892108
0	-0.4	0.3194985251568302
0	-0.5	0.5869342625882746
0	-0.5	0.6021826684016592
0	-0.4	0.2774481492640409
0	-0.55	0.8180865976071802
0	-0.65	0.9837707303195466
0	-0.5	0.5289800925552832
0	-0.5	0.6845934392859695
0	-0.55	0.8016738788278329
0	-0.4	0.26714221791262044
0	-0.6	0.41626313331101716
0	-0.55	0.7636157881770981
0	-0.5	0.6159610621435508
0	-0.4	0.2643385937894669
0	-0.6	0.5421861974550917
0	-0.45	0.16375115971326934
0	-0.45	0.15622780529958089
0	-0.55	0.9213080224854588
0	-0.4	0.269408252057334
0	-0.5	0.6652611946217352
0	-0.6	0.4240253516356503
0	-0.45	0.11302423153197552
0	-0.5	0.577669338464073
0	-0.6	0.48035840873106195
0	-0.4	0.3307830884067759
0	-0.5	0.5847192416158777
0	-0.5	0.5568186251483925
0	-0.6	0.5208441433194398
0	-0.4	0.218163734458347
0	-0.55	0.8352734959542176
0	-0.6	0.442322610931742
0	-0.6	0.38723328991490635
0	-0.55	0.7813757717812777
0	-0.5	0.6004099800513996
0	-0.55	0.8660558423252124
0	-0.4	0.32845533407352734
0	-0.45	0.13062224245016466
0	-0.55	0.7101581553878836
0	-0.5	0.5140079656184705
0	-0.5	0.5703749221939419
0	-0.4	0.21704066413192785
0	-0.6	0.42862152306806317
0	-0.6	0.5051348960000482
0	-0.5	0.5832961630845612
0	-0.5	0.660007954131171
0	-0.5	0.49292727146020127
0	-0.5	0.582697103333499
0	-0.5	0.5686301227657798
0	-0.55	0.806087383398623
0	-0.6	0.47951022769023927
0	-0.65	1.0127476888895075
0	-0.65	0.9674558686525045
0	-0.5	0.5580436931318946
0	-0.5	0.6158894661767523
0	-0.65	1.0927850084200255
0	-0.6	0.40707624576609197
0	-0.45	0.2034724061392346
0	-0.6	0.5736261808821599
0	-0.4	0.31382197224724506
0	-0.6	0.39289783900998765
0	-0.55	0.8843274770044327
0	-0.55	0.7116086380444197
0	-0.6	0.44198686181837704
0	-0.6	0.4858845019021976
0	-0.65	1.0245598077533706
0	-0.4	0.292866066733963
0	-0.6	0.35556737210093226
0	-0.5	0.7031294423732202
0	-0.55	0.8465334450506177
0	-0.6	0.5410387862468495
0	-0.45	0.18153992116614318
0	-0.55	0.8305530253210887
0	-0.5	0.5663968829305125
0	-0.55	0.820735277742614
0	-0.45	0.13055015314820384
0	-0.6	0.45686667312307366
0	-0.6	0.47377826464704964
0	-0.55	0.8237809032986771
0	-0.55	0.8325563766916274
0	-0.55	0.9391497261695011
0	-0.4	0.2601941341786474
0	-0.65	0.9660288289707087
0	-0.65	1.0390111051382145
0	-0.6	0.41617836019723464
0	-0.55	0.7547191726927768
0	-0.45	0.17852153837459964
0	-0.65	1.0375609909628978
0	-0.65	0.9603130813328642
0	-0.6	0.44452962755225844
0	-0.45	0.16532440022520778
0	-0.55	0.7552195182498053
0	-0.65	1.0289757102278179
0	-0.65	1.0927412546118886
0	-0.6	0.5089225255109381
0	-0.6	0.5665390889603987
0	-0.65	0.9815344903760339
0	-0.45	0.1455254094403002
0	-0.55	0.8210293654462376
0	-0.55	0.8239529010698383
0	-0.6	0.41711523956307694
0	-0.7	0.9967371631120875
0	-0.45	0.26748018240398885
0	-0.4	0.24806292695448443
0	-0.6	0.4114845792394779
0	-0.55	0.8289710919419733
0	-0.45	0.1954644297011253
0	-0.55	0.8796502756612518
0	-0.65	0.978723552708042
0	-0.6	0.49522918496448204
0	-0.45	0.1611120188268778
0	-0.55	0.7836538930967492
0	-0.65	1.047233510065455
0	-0.5	0.5739116892788411
0	-0.5	0.5685819590874651
0	-0.6	0.5120987939508601
0	-0.45	0.13014533195386205
0	-0.65	1.0756045279366924
0	-0.65	1.0377535615956495
0	-0.5	0.5950087330538386
0	-0.55	0.7534185846754596
0	-0.45	0.19517421894051223
0	-0.55	0.7531945988327076
0	-0.65	1.0246889818359612
0	-0.55	0.8437213430637773
0	-0.55	0.7879724241601257
0	-0.45	0.1724369989175529
0	-0.6	0.41309980040881594
0	-0.65	0.9807779354452067
0	-0.65	1.0524414215687494
0	-0.6	0.456677802880958
0	-0.55	0.8355399374713175
0	-0.5	0.6291229191305646
0	-0.6	0.4556166880733666
0	-0.45	0.12517115626097558
0	-0.6	0.5369553940712986
0	-0.4	0.33641006139174373
0	-0.55	0.7964963935665978
0	-0.55	0.7736104794576646
0	-0.45	0.19970418775860035
0	-0.65	0.9352629134122041
0	-0.65	0.97911659668306
0	-0.55	0.8056802823068747
0	-0.55	0.8269147038527261
0	-0.55	0.8639653330835556
0	-0.7	0.9201692616945271
0	-0.65	1.013598947249868
0	-0.55	0.6976245017225556
0	-0.55	0.7405861803445513
0	-0.6	0.427226763526848
0	-0.7	0.9476177827478782
0	-0.7	0.9535593786695288
0	-0.55	0.8556653962512875
0	-0.55	0.8242363088047748
0	-0.65	0.9347852344294184
0	-0.65	0.9532761837211139
0	-0.5	0.6868103898147974
0	-0.65	1.0281360727011033
0	-0.4	0.23192098571599473
0	-0.45	0.15710317297442675
0	-0.65	0.9535011570343208
0	-0.65	1.041741210427028
0	-0.7	0.960650981893945
0	-0.6	0.5216994631635979
0	-0.6	0.40237894255916695
0	-0.65	1.006289439614205
0	-0.45	0.15947813381365242
0	-0.55	0.7452117972726745
0	-0.6	0.4085713173545188
0	-0.65	1.050035323034961
0	-0.5	0.5756833155653558
0	-0.55	0.8761774375139035
0	-0.6	0.45786239649971766
0	-0.6	0.4672324203444629
0	-0.5	0.5890210146136368
0	-0.65	0.9878845874684863
0	-0.65	1.0094585990736167
0	-0.6	0.36500368084229723
0	-0.6	0.5072413114155904
0	-0.6	0.4227763313114034
0	-0.7	1.0262731504288678
0	-0.45	0.16871970347496187
0	-0.65	0.9758197016028103
0	-0.7	0.8916051521585538
0	-0.5	0.6420151673732339
0	-0.7	0.9386361115867776
0	-0.6	0.4593860072946891
0	-0.7	0.9570564961358691
0	-0.65	1.0491582341354806
0	-0.5	0.503983496085511
0	-0.7	0.9319012416151708
0	-0.6	0.49313831124206603
0	-0.65	1.0302205102726847
0	-0.7	0.9166564861507374
0	-0.65	0.9885656873965831
0	-0.5	0.5866495893668349
0	-0.7	1.0344494062642586
0	-0.65	1.0871797019620735
0	-0.6	0.40325287281266825
0	-0.75	1.3793888260055858
0	-0.6	0.47256717975749296
0	-0.5	0.6259376457194088
0	-0.65	1.076221523930281
0	-0.45	0.09629005399499345
0	-0.6	0.5692437318895754
0	-0.5	0.557277469594507
0	-0.6	0.3715812590703094
0	-0.7	1.0185529875591508
0	-0.5	0.5266220461439302
0	-0.65	1.022965368543204
0	-0.4	0.30200884273922224
0	-0.6	0.5052800917113879
0	-0.7	0.9297891196242178
0	-0.55	0.8146277377431141
0	-0.55	0.8112468343519921
0	-0.65	1.0803639238916258
0	-0.5	0.6026784123714541
0	-0.7	0.9496125330540451
0	-0.7	0.8712016207897306
0	-0.55	0.842778808008214
0	-0.5	0.6307867877165027
0	-0.7	1.0165638125373413
0	-0.6	0.49531679085469127
0	-0.6	0.39616741521301496
0	-0.6	0.49019354590800585
0	-0.5	0.5640404829316114
0	-0.6	0.48071963320167804
0	-0.7	0.9103341497950065
0	-0.65	1.023085213217017
0	-0.7	0.9701110745461293
0	-0.65	0.996070052402979
0	-0.6	0.47832970821081194
0	-0.55	0.8128184384223214
0	-0.65	0.9876772209861401
0	-0.5	0.6767230115889867
0	-0.65	1.0042203853932155
0	-0.6	0.4595114297901307
0	-0.5	0.5335759475580135
0	-0.45	0.1424525754698706
0	-0.6	0.4614726582676883
0	-0.7	0.9575504116840765
0	-0.6	0.4716430084839778
0	-0.6	0.42361812821630973
0	-0.7	0.8451918994714752
0	-0.6	0.46066484101565985
0	-0.75	1.4065809396310889
0	-0.7	0.9780049125203486
0	-0.6	0.49306019282568814
0	-0.6	0.4699981224418104
0	-0.75	1.3815768549358278
0	-0.65	0.9454560434218909
0	-0.75	1.4039236923218255
0	-0.6	0.5666214455120425
0	-0.7	0.8887182470845397
0	-0.6	0.5240349645394814
0	-0.7	0.9607152011663069
0	-0.7	0.9816768709358467
0	-0.7	0.890548964926878
0	-0.55	0.7604386927156611
0	-0.45	0.14190090581656645
0	-0.5	0.5634509268582502
0	-0.7	0.9581567218478236
0	-0.75	1.4891137722961199
0	-0.65	1.0164362204152675
0	-0.65	1.090918728744521
0	-0.7	0.9251875501244234
0	-0.6	0.5322330610113936
0	-0.5	0.5958413966487169
0	-0.55	0.8225464599652168
0	-0.7	0.9311656261001269
0	-0.65	1.002490525087589
0	-0.6	0.4972575104486234
0	-0.65	1.019963664364341
0	-0.65	0.9237780471739909
0	-0.7	0.9286621066289846
0	-0.7	0.9235408736084818
0	-0.75	1.3690719906201834
0	-0.65	1.0438700190674
0	-0.65	1.0603282563655763
0	-0.65	0.9907270200428753
0	-0.5	0.6013201595904404
0	-0.55	0.8083147635158922
0	-0.7	0.9945765450774561
0	-0.75	1.3878486643678982
0	-0.55	0.7832453221704891
0	-0.75	1.3510356875051317
0	-0.65	1.0577589307066484
0	-0.7	0.9735493046303635
0	-0.75	1.3875875428144635
0	-0.75	1.4774538939230157
0	-0.55	0.7739501335596423
0	-0.65	0.9418233272063259
0	-0.7	1.0464558348311055
0	-0.75	1.3689142101110563
0	-0.7	1.031243037936056
0	-0.55	0.827315386832699
0	-0.75	1.3013160777925386
0	-0.7	0.9202139612496286
0	-0.8	1.9489281598971397
0	-0.65	1.058189922885038
0	-0.65	1.0140013992195052
0	-0.7	0.9250998790240751
0	-0.55	0.8075339855322562
0	-0.5	0.628488244745086
0	-0.65	1.0449610747598546
0	-0.55	0.8087651911243274
0	-0.75	1.3809644026174643
0	-0.65	1.0113158577922439
0	-0.55	0.8628661771930631
0	-0.7	0.990540506399318
0	-0.45	0.11357521302608385
0	-0.75	1.434067222663847
0	-0.65	1.0313171413115092
0	-0.6	0.42717489961644767
0	-0.6	0.5027660662964251
0	-0.7	0.9556070486789632
0	-0.55	0.7164712796486586
0	-0.75	1.3507577829354251
0	-0.75	1.4068057173121538
0	-0.6	0.44041247068318096
0	-0.75	1.3270935926919665
0	-0.55	0.8662341105915664
0	-0.65	0.9977862324757238
0	-0.65	1.0588707079203181
0	-0.65	1.0292388383581437
0	-0.55	0.8308681670501854
0	-0.75	1.4266804489686191
0	-0.7	0.8733131608937915
0	-0.65	1.0441433611642765
0	-0.75	1.3506340053425077
0	-0.7	0.9824482724371142
0	-0.6	0.570719097376182
0	-0.65	1.0494665195159838
0	-0.7	0.9338310853275855
0	-0.7	1.0047608347651893
0	-0.55	0.7775533321377606
0	-0.65	1.0546695739376741
0	-0.75	1.3786523844602938
0	-0.55	0.8484630390582845
0	-0.65	1.0562918227979827
0	-0.65	0.9252678399712472
0	-0.65	1.0712832972581476
0	-0.5	0.6148390114417488
0	-0.75	1.3284776868312107
0	-0.8	1.7611503129551538
0	-0.65	1.0709306166692119
0	-0.75	1.3227939773428155
0	-0.8	1.8948528367025623
0	-0.65	1.0239330599856913
0	-0.65	1.100006124086277
0	-0.7	0.9613632483363259
0	-0.8	1.8875945734834265
0	-0.75	1.3333473649806715
0	-0.65	1.092192271881409
0	-0.65	1.0639586041892544
0	-0.75	1.263157758237017
0	-0.75	1.433480891337328
0	-0.75	1.3058461935948142
0	-0.6	0.4888006994268862
0	-0.8	1.8149580950496802
0	-0.55	0.8522019798590639
0	-0.75	1.4134449092338748
0	-0.5	0.575150371341794
0	-0.75	1.3010253764943178
0	-0.7	0.9575945068518945
0	-0.7	0.9235976564029227
0	-0.65	1.071170080229816
0	-0.6	0.355647265181603
0	-0.75	1.3440234846397496
0	-0.55	0.8095560309549481
0	-0.7	0.8809897437938721
0	-0.65	1.1045650147443515
0	-0.7	0.9156883054858428
0	-0.75	1.3726745011622061
0	-0.7	0.9937925557517511
0	-0.8	1.9689790733413548
0	-0.75	1.391558080212718
0	-0.7	0.966711342392421
0	-0.7	0.8887903146428112
0	-0.7	0.9231699406639507
0	-0.55	0.7724397818211044
0	-0.75	1.3364094261103685
0	-0.8	1.8136635936407568
0	-0.6	0.4634122435695861
0	-0.6	0.41759632644931954
0	-0.8	1.8671307880847996
0	-0.75	1.3728751351483317
0	-0.8	1.8283147209018418
0	-0.7	1.0152486138363002
0	-0.8	1.8914685123012593
0	-0.6	0.4440404023961807
0	-0.75	1.4499970300284568
0	-0.7	0.8941182228777224
0	-0.6	0.4227156728359504
0	-0.75	1.4436908004335463
0	-0.8	1.9166140089868533
0	-0.8	1.831575598865294
0	-0.75	1.498634201771542
0	-0.85	1.804057738843571
0	-0.7	0.9658442751475015
0	-0.75	1.3972100680786854
0	-0.7	0.9338460318114307
0	-0.6	0.47594518360278293
0	-0.55	0.8050675152817032
0	-0.7	0.9962609782316465
0	-0.8	1.776522953585918
0	-0.6	0.4390711567999634
0	-0.6	0.48414499920946497
0	-0.7	0.8662697489245379
0	-0.75	1.3612699631758238
0	-0.5	0.5206283870233086
0	-0.65	1.0601970298124763
0	-0.8	1.850079833714075
0	-0.7	0.9281535831079044
0	-0.65	1.0479056908449964
0	-0.75	1.5266755072730889
0	-0.6	0.4358742356160049
0	-0.8	1.7796151396552642
0	-0.8	1.912220273374153
0	-0.8	1.8297150097283852
0	-0.65	1.0406696181368906
0	-0.6	0.3760296319903959
0	-0.7	0.9623394513766568
0	-0.7	0.935818417564082
0	-0.6	0.42906305945898593
0	-0.8	1.884318761842805
0	-0.7	0.9497578942107799
0	-0.75	1.4046197994083633
0	-0.7	0.9050525717348742
0	-0.8	1.6585967250116904
0	-0.75	1.5042620712765165
0	-0.65	1.076513525512582
0	-0.7	1.0192639431191908
0	-0.75	1.4293446213937584
0	-0.75	1.4223802241461776
0	-0.6	0.4500837953144044
0	-0.8	1.8707286608889704
0	-0.7	0.8795302388095174
0	-0.7	0.9437183439919086
0	-0.7	0.9940557279112991
0	-0.6	0.4582658622254426
0	-0.7	0.8966886048597481
0	-0.85	1.8429051146878914
0	-0.8	1.8293857305047811
0	-0.55	0.8541202279497929
0	-0.85	1.8639486783753205
0	-0.8	1.8321849337240006
0	-0.7	0.9471168785775305
0	-0.7	1.0452683491767014
0	-0.7	0.9468187446714532
0	-0.75	1.3743835340719197
0	-0.85	1.8438144170920692
0	-0.8	1.8540062677474096
0	-0.7	0.9249749757290948
0	-0.7	0.9987019128983695
0	-0.8	1.7760916580248076
0	-0.8	1.834106269909708
0	-0.8	1.8910568338304912
0	-0.85	1.7581980014224308
0	-0.8	1.8228073701488858
0	-0.8	1.8648438898540658
0	-0.65	0.9516453063570539
0	-0.6	0.3790882886734408
0	-0.55	0.8297751050939961
0	-0.65	1.0434479780861288
0	-0.7	0.9404227852172241
0	-0.75	1.4613907303380176
0	-0.75	1.3440291436204952
0	-0.8	1.7380778388403815
0	-0.6	0.4996149246203423
0	-0.75	1.4183965358198873
0	-0.7	0.9292522118027453
0	-0.75	1.4498442119789874
0	-0.85	1.820088681019781
0	-0.8	1.8180625283653573
0	-0.8	1.8076397976640226
0	-0.75	1.3032216827307233
0	-0.8	1.8340903384336371
0	-0.75	1.436390047223231
0	-0.75	1.2972946515017076
0	-0.6	0.53901488378586
0	-0.75	1.4495447007379736
0	-0.85	1.815853380505786
0	-0.65	1.0757658058246993
0	-0.85	1.8384666815853896
0	-0.8	1.8837772708863645
0	-0.65	1.0541278091376465
0	-0.85	1.7932952608919532
0	-0.85	1.791425827199505
0	-0.75	1.4175925341631326
0	-0.65	0.971295465144116
0	-0.65	1.0366401155050822
0	-0.8	1.8769007263545074
0	-0.8	1.8193922081654417
0	-0.8	1.9120317489497927
0	-0.85	1.7727441457731994
0	-0.85	1.7906794212711776
0	-0.75	1.3038493805042723
0	-0.9	1.6672887985450004
0	-0.75	1.3164130483205765
0	-0.8	1.8731039268010765
0	-0.65	1.0042272727702366
0	-0.75	1.4096905512325226
0	-0.6	0.45409319949306853
0	-0.85	1.8089380574651734
0	-0.75	1.3365922084040642
0	-0.65	1.125403203025135
0	-0.65	0.9686310139422855
0	-0.75	1.3458289197837094
0	-0.8	1.7917865573874385
0	-0.7	1.085872845228958
0	-0.55	0.7913521323763254
0	-0.85	1.804854884032991
0	-0.75	1.3706438050579222
0	-0.7	0.9062320019326442
0	-0.8	1.75070189980739
0	-0.65	1.0596945998171752
0	-0.85	1.7549184259525403
0	-0.85	1.8572748259320582
0	-0.85	1.8154955174298124
0	-0.7	0.9859134713205602
0	-0.65	1.0412583428115139
0	-0.75	1.3664514075608043
0	-0.85	1.7610135285247215
0	-0.65	1.0392380527523943
0	-0.75	1.3632996761767133
0	-0.8	1.86670598742196
0	-0.75	1.4258970633531385
0	-0.75	1.444350868708852
0	-0.85	1.727480737477492
0	-0.8	1.8143411974502235
0	-0.7	0.9364880886461769
0	-0.75	1.373471161410115
0	-0.8	1.9384773771528985
0	-0.8	1.8312726742296803
0	-0.65	0.9538554943247873
0	-0.85	1.880258428407382
0	-0.75	1.3504173327644498
0	-0.75	1.383298522865162
0	-0.9	1.7301707420934107
0	-0.75	1.3431527795788079
0	-0.65	1.0729916741677081
0	-0.9	1.6852785483275217
0	-0.85	1.8669934282093221
0	-0.75	1.365275171200488
0	-0.75	1.425609151892883
0	-0.85	1.7345361940825286
0	-0.6	0.37945646574944847
0	-0.75	1.420278005615337
0	-0.75	1.3854531748722685
0	-0.8	1.846689348345984
0	-0.9	1.6758120775442786
0	-0.85	1.7435777836699105
0	-0.75	1.3090314595264383
0	-0.85	1.7912563806947248
0	-0.75	1.3516397626315737
0	-0.85	1.8000429634209194
0	-0.85	1.7632103537060824
0	-0.9	1.7146091611121461
0	-0.85	1.8884762363399596
0	-0.85	1.748337046124343
0	-0.7	0.9475172427087822
0	-0.65	1.1074264004287682
0	-0.7	0.9720714543062716
0	-0.75	1.3836603335942277
0	-0.6	0.46299763666473664
0	-0.85	1.8271259864760065
0	-0.8	1.8975654228425587
0	-0.8	1.8458234350041307
0	-0.65	1.003798990240388
0	-0.8	1.818925598775395
0	-0.75	1.308777575993617
0	-0.8	1.8248109653540527
0	-0.9	1.7372154020205393
0	-0.85	1.8259096702320419
0	-0.85	1.8363815769674927
0	-0.8	1.8884468280518607
0	-0.85	1.931983173152299
0	-0.8	1.8108531014284028
0	-0.8	1.826825316935233
0	-0.65	0.9912843542278366
0	-0.9	1.751611914640418
0	-0.8	1.7459335982928204
0	-0.9	1.6475996087938418
0	-0.85	1.8627707751585691
0	-0.9	1.8324321252212439
0	-0.7	0.9148549284684998
0	-0.9	1.776242222339749
0	-0.7	0.831212530049254
0	-0.7	1.0169446010120782
0	-0.8	1.8145534161163495
0	-0.85	1.7170982451649857
0	-0.7	0.9325053683924129
0	-0.85	1.7687605935264539
0	-0.9	1.7231601288850096
0	-0.85	1.7956762006188056
0	-0.95	1.813450798206846
0	-0.9	1.7793843403232648
0	-0.8	1.902158315334556
0	-0.85	1.7413506339847522
0	-0.8	1.9123419266623232
0	-0.7	0.9646632803776644
0	-0.9	1.6736879407422869
0	-0.8	1.774357150895221
0	-0.65	0.9149626293157318
0	-0.8	1.6568218660993526
0	-0.7	1.015016558744452
0	-0.7	0.9407273556645334
0	-0.9	1.7750528778325447
0	-0.75	1.341024233259748
0	-0.85	1.8357911713001118
0	-0.6	0.4929293089900514
0	-0.8	1.8739451665310154
0	-0.75	1.371005283945561
0	-0.8	1.8532738815141432
0	-0.85	1.8938070949050911
0	-0.7	0.945229383742479
0	-0.9	1.763421563059794
0	-0.9	1.7306010836820225
0	-0.9	1.661813513889723
0	-0.75	1.3629169243875552
0	-0.7	0.9844077759724291
0	-0.9	1.708046725143232
0	-0.7	0.8631574436732554
0	-0.8	1.8370625126694788
0	-0.85	1.8784273389547685
0	-0.8	1.812100490628439
0	-0.75	1.4189081065194873
0	-0.8	1.7992542919443424
0	-0.85	1.7433937003827513
0	-0.9	1.6934737079479023
0	-0.8	1.8080687439364183
0	-0.85	1.7180415332605312
0	-0.8	2.0335343442987246
0	-0.9	1.793950042452526
0	-0.7	0.8898064332176185
0	-0.95	1.865745363684723
0	-0.85	1.8491830297494811
0	-0.8	1.7058481381483794
0	-0.8	1.7782691361762173
0	-0.8	1.804533679109044
0	-0.7	1.0371181684894157
0	-0.9	1.6287596375752407
0	-0.95	1.8397468543785451
0	-0.8	1.748283307436257
0	-0.8	1.92326105660132
0	-0.9	1.7042743439443548
0	-0.65	1.0176263280162796
0	-0.95	1.8479790083261645
0	-0.9	1.7311666663068443
0	-0.8	1.8231741523389202
0	-0.8	1.8151051706409962
0	-0.85	1.872524537778721
0	-0.9	1.666708766534925
0	-0.8	1.8485281497407715
0	-0.8	1.8709910370139846
0	-0.9	1.7091234983435093
0	-0.9	1.8211736278532604
0	-0.95	1.8448392425171665
0	-0.9	1.7456272383276996
0	-0.75	1.446525624721358
0	-0.9	1.6031760216112458
0	-0.8	1.8412783768655192
0	-0.7	0.8974457277765208
0	-0.9	1.7471346538605472
0	-0.75	1.4716333024304162
0	-0.85	1.843868379668918
0	-0.65	0.9985633375248302
0	-0.85	1.8027216353856688
0	-0.7	1.002978577865114
0	-0.85	1.7872380686720915
0	-0.8	1.8856411837509433
0	-0.95	1.8856623305838462
0	-0.85	1.8697927016689846
0	-0.9	1.6592533177356485
0	-0.9	1.6338682885913742
0	-0.85	1.8738885964085756
0	-0.85	1.7556084512856693
0	-0.85	1.783947936492576
0	-0.9	1.6685894867386883
0	-0.95	1.8075767208882423
0	-0.7	0.9543645384694086
0	-0.95	1.8473003309311786
0	-0.9	1.7305748719794591
0	-0.85	1.8632879998478307
0	-0.95	1.8056948502579933
0	-0.75	1.3577337830883804
0	-0.95	1.7661459461699942
0	-0.9	1.7023776818034149
0	-0.75	1.3315492770143096
0	-0.75	1.349003396823326
0	-0.85	1.806725663343559
0	-0.75	1.4435925966164693
0	-1.0	2.5161565295276844
0	-0.9	1.7097325811464337
0	-0.95	1.8005125061677387
0	-0.9	1.7408387855658767
0	-0.95	1.8390436888957427
0	-0.85	1.8116668627527457
0	-0.9	1.7664277672693907
0	-0.85	1.761760872424995
0	-0.75	1.3465826506405876
0	-0.95	1.8832979408275283
0	-0.85	1.8376901190710198
0	-0.7	0.9021300360288631
0	-0.75	1.3455802636040257
0	-0.85	1.794180301100104
0	-0.75	1.391500491787647
0	-0.95	1.8598746160754909
0	-0.8	1.8547547594369267
0	-0.65	1.0434738012447797
0	-0.9	1.80723269906385
0	-0.85	1.6992027797717546
0	-0.8	1.7795505606111042
0	-0.75	1.4051534637133258
0	-0.85	1.8220018242913119
0	-0.9	1.7477390335489214
0	-0.95	1.8326776512248735
0	-0.95	1.800263945353434
0	-0.95	1.814302309168681
0	-0.8	1.8143540408960381
0	-0.75	1.4489726181118041
0	-0.95	1.8194488779375038
0	-0.75	1.4258023456754194
0	-0.8	1.793047371646669
0	-0.9	1.6128239777823525
0	-0.85	1.9465812163689604
0	-0.9	1.7412935406681012
0	-0.95	1.76265419658725
0	-0.85	1.7553531552797446
0	-0.85	1.73198128298073
0	-0.85	1.75934018301086
0	-0.9	1.6996728676706243
0	-0.85	1.6708623802261786
0	-1.0	2.4238308444399883
0	-0.95	1.7672405506321263
0	-0.9	1.8953992222658065
0	-0.75	1.4244593719003995
0	-0.85	1.9120993402287587
0	-0.85	1.8087452547849785
0	-0.95	1.761212717196483
0	-0.85	1.966302282904238
0	-0.75	1.3189095660299077
0	-0.85	1.7851599862896776
0	-0.85	1.7608437921997435
0	-0.95	1.8686403738646495
0	-0.7	0.997816309997843
0	-1.0	2.367406231239697
0	-0.95	1.8164619816645509
0	-0.85	1.8216504669205715
0	-0.85	1.840683778086378
0	-0.9	1.8054128265095
0	-0.95	1.861442498560017
0	-0.85	1.8326044720647647
0	-0.95	1.824741521881825
0	-0.85	1.884301223405267
0	-0.95	1.8390346810157314
0	-1.0	2.434145294417751
0	-0.95	1.904204748135636
0	-0.8	1.7428991493932227
0	-0.95	1.8353410829356194
0	-0.85	1.7900457760200397
0	-0.95	1.773714256227186
0	-0.75	1.3502146473442058
0	-0.8	1.8681409992910962
0	-0.9	1.7344379037949593
0	-0.9	1.7122509005858528
0	-0.7	0.9852179707422041
0	-0.75	1.4479847527820617
0	-1.0	2.3322969235877933
0	-0.95	1.759217696593285
0	-0.9	1.6955860185363607
0	-0.85	1.9626776593781603
0	-0.9	1.697232169576053
0	-0.95	1.9008432046393058
0	-0.9	1.6936347838870036
0	-1.0	2.4304722846904574
0	-0.9	1.6621932882140291
0	-0.9	1.6258348563044676
0	-1.0	2.3539597516630235
0	-0.75	1.2539531234013077
0	-0.95	1.7543341539638726
0	-0.95	1.7973765441894627
0	-1.0	2.3678291849482074
0	-1.0	2.294662883717022
0	-0.8	1.6873759763333358
0	-0.9	1.802597721420093
0	-0.95	1.7946733810856212
0	-0.8	1.8038422362421611
0	-0.8	1.9428014726343368
0	-0.9	1.6879561614430065
0	-1.05	2.4470585926167026
0	-0.95	1.7581815992647754
0	-1.0	2.3107027044650685
0	-0.95	1.927108690816282
0	-0.8	1.7813905181385237
0	-1.0	2.3803339503005083
0	-0.9	1.831037375579739
0	-0.95	1.8909191977827806
0	-0.9	1.7504178190814978
0	-1.0	2.393329451894761
0	-0.8	1.8230738969643137
0	-0.8	1.7807317378915466
0	-0.9	1.8708347399671788
0	-0.9	1.867786523584197
0	-0.75	1.4269980346127482
0	-0.8	1.9463131540855994
0	-1.0	2.5483018880816335
0	-0.85	1.9236012383391032
0	-0.7	0.8214839975276056
0	-0.95	1.8575204251515296
0	-1.0	2.274716472907225
0	-0.85	1.82995491863443
0	-0.8	1.8115282362677823
0	-0.95	1.8734739553980528
0	-1.0	2.400589964586089
0	-0.9	1.7412651780677941
0	-0.9	1.7631875585566434
0	-1.0	2.3103095278632946
0	-0.85	1.8701861981174854
0	-0.8	1.955439649301421
0	-1.0	2.2974840655808184
0	-0.8	1.7795550710357364
0	-0.85	1.7446994779571698
0	-0.95	1.788374002160306
0	-0.95	1.8581448386771928
0	-0.9	1.715328022229364
0	-1.0	2.3999912367002922
0	-0.9	1.5576773703163256
0	-0.9	1.8014600567515018
0	-0.9	1.6581518437575504
0	-0.95	1.855774712974765
0	-1.05	2.602278121901445
0	-1.0	2.3266782870027183
0	-0.9	1.720361140821753
0	-0.9	1.7291475021958942
0	-0.9	1.7151952251166231
0	-0.95	1.8821719877577163
0	-0.8	1.8576328164205174
0	-1.05	2.5448318925032405
0	-1.0	2.331554114037851
0	-0.9	1.705037297326349
0	-0.8	1.7640378654351647
0	-0.9	1.732073718910755
0	-0.9	1.7201866059353694
0	-1.0	2.3116868856404142
0	-1.05	2.580769453949147
0	-1.0	2.3162922285154326
0	-0.75	1.424670345341676
0	-1.0	2.3678983944624052
0	-0.9	1.6955900163881572
0	-0.9	1.6872859743571322
0	-0.95	1.7919074640994777
0	-0.9	1.7045788664554953
0	-1.0	2.407321678695909
0	-0.9	1.7862499210988028
0	-1.0	2.3176130188419197
0	-1.05	2.5185339288141764
0	-1.0	2.3691740724880543
0	-0.85	1.8462867042668356
0	-1.0	2.3552383023968217
0	-0.9	1.77817952430703
0	-1.0	2.336817246153413
0	-0.8	1.8959838292700948
0	-0.85	1.7083990962881457
0	-0.95	1.8187327067540129
0	-0.95	1.8940552606574843
0	-1.0	2.2609256782328844
0	-1.05	2.430524137681835
0	-0.75	1.4283971869758385
0	-0.8	1.8110564250359245
0	-0.95	1.8923192443241212
0	-0.9	1.6487062208867909
0	-0.95	1.8183956094304008
0	-1.0	2.343315775024042
0	-0.95	1.852255232814761
0	-1.05	2.697271340616288
0	-1.05	2.524057656284627
0	-0.95	1.8411178427204395
0	-0.95	1.8150508828003142
0	-0.8	1.869318626551843
0	-1.0	2.373416664973007
0	-1.0	2.320934621722845
0	-1.05	2.5540097412945815
0	-1.05	2.5058977486295384
0	-1.0	2.467114409514114
0	-0.85	1.925689918278755
0	-0.95	1.88203329608659
0	-0.85	1.7640415292666844
0	-0.85	1.846173759481169
0	-1.1	3.058744012606773
0	-0.95	1.8782459335227322
0	-1.0	2.4153362668716647
0	-1.05	2.497493015856569
0	-1.0	2.476392848207896
0	-1.05	2.45866210827334
0	-0.85	1.8114355898966628
0	-0.95	1.8486660458305697
0	-1.0	2.4057647976880516
0	-1.05	2.453506709099582
0	-0.95	1.873231635762253
0	-0.85	1.8409852756879113
0	-0.85	1.8289532314512895
0	-0.95	1.7484850140808188
0	-1.05	2.566483380946712
0	-0.95	1.7896755314179122
0	-0.8	1.8833389976868091
0	-0.9	1.8280135953504402
0	-0.85	1.8735718634947267
0	-0.75	1.4025894667725398
0	-1.05	2.6215805664240874
0	-1.0	2.3942973925983453
0	-0.85	1.7968715414074088
0	-1.0	2.503406003043798
0	-0.9	1.7761354338128965
0	-1.05	2.366121059427695
0	-0.95	1.7926748386732112
0	-0.95	1.7710496976961414
0	-1.05	2.5688177006447606
0	-0.9	1.7567340001332403
0	-0.85	1.8494766343935158
0	-1.05	2.517733017883553
0	-0.9	1.759817557590536
0	-0.85	1.8084018080186082
0	-1.0	2.464052628786437
0	-1.0	2.5518597301425814
0	-1.05	2.56563629547323
0	-0.95	1.7881565281535639
0	-0.95	1.8202265828400774
0	-0.95	1.8053200105741802
0	-1.1	3.0822724899414555
0	-1.0	2.4069836582325546
0	-0.95	1.9126048068501054
0	-1.05	2.4831623136553405
0	-0.95	1.9325006615552887
0	-0.95	1.8427421738700551
0	-0.95	1.784654222670582
0	-1.1	2.9873511414675105
0	-1.05	2.494862986427245
0	-0.85	1.7415020451872991
0	-1.0	2.2801651684862887
0	-0.95	1.844530493033852
0	-0.95	1.7622865624982973
0	-0.85	1.7134372730697232
0	-0.95	1.8598568012190668
0	-1.05	2.5336432202529786
0	-1.05	2.495219211279488
0	-1.1	2.8910980594269784
0	-1.05	2.4031039127258413
0	-0.8	1.8114659805418987
0	-1.0	2.429011522621176
0	-0.95	1.8144763823233143
0	-0.95	1.8558003860306393
0	-1.05	2.324071214978853
0	-0.95	1.7497990713853468
0	-0.95	1.8425622038640659
0	-1.1	3.1487522088133444
0	-1.05	2.47285225019937
0	-1.05	2.4999747834548023
0	-0.9	1.7726394715237124
0	-0.95	1.8692972865653998
0	-1.05	2.5686919839439275
0	-1.05	2.5813746829782978
0	-0.85	1.9610960748499888
0	-1.05	2.529677820028281
0	-1.0	2.335909064088584
0	-0.9	1.7563801030119746
0	-1.1	2.9296364093084226
0	-1.0	2.4726251801097217
0	-0.8	1.7734905268215777
0	-1.05	2.6103028945528584
0	-0.85	1.8195976863915122
0	-1.0	2.2753164108570414
0	-1.0	2.4054033142248348
0	-0.95	1.898323323149972
0	-1.0	2.2772961812181083
0	-1.1	2.872424923213742
0	-1.1	2.909005160396683
0	-1.0	2.372867340336574
0	-0.85	1.783050765654778
0	-1.0	2.3886412190204998
0	-1.05	2.5863302636796304
0	-1.05	2.3848924856608886
0	-1.05	2.567579827666937
0	-1.1	3.0153045284860838
0	-1.1	2.961582178346238
0	-0.9	1.7142313520376466
0	-1.15	2.785139910296287
0	-0.9	1.7080208237061767
0	-0.9	1.8211641854178666
0	-1.0	2.340939986771553
0	-1.05	2.459771146888376
0	-1.1	2.9732527539746014
0	-1.05	2.5478845081333885
0	-1.0	2.3452535007836706
0	-1.1	2.8883601230663984
0	-0.9	1.8052795543916307
0	-1.0	2.3413375844070705
0	-1.05	2.5885730390638977
0	-1.1	3.001350182855264
0	-1.0	2.3736458959037425
0	-0.9	1.7197186133732896
0	-0.9	1.7247249912430391
0	-1.1	2.8378448531687446
0	-0.95	1.8017927298883591
0	-1.0	2.423324477644049
0	-1.0	2.33758969971579
0	-0.85	1.8843423886294772
0	-1.1	2.96195006179261
0	-0.9	1.7941811783059776
0	-0.8	1.8340191760092248
0	-0.9	1.6580038187538775
0	-1.1	3.0345367326007238
0	-1.05	2.450993390896382
0	-1.05	2.4074300435961353
0	-0.95	1.8281093526065963
0	-1.1	2.9648515540881886
0	-1.0	2.4309754958155763
0	-1.0	2.4184318678593377
0	-0.95	1.7436195468066291
0	-0.9	1.6925225695218216
0	-0.95	1.8710995068644554
0	-1.1	2.916399897709824
0	-0.9	1.778067789363245
0	-1.05	2.4513054087698882
0	-1.05	2.4718946545065745
0	-1.1	2.987821723675946
0	-1.15	2.776033797830341
0	-1.0	2.4745667693042157
0	-1.05	2.5624969357783347
0	-1.0	2.41753035758251
0	-1.0	2.332638182149587
0	-1.1	2.864451746935054
0	-1.0	2.353602616962542
0	-1.0	2.369062933066936
0	-1.0	2.415349351623185
0	-1.0	2.3863936627646947
0	-1.15	2.861754379120503
0	-1.1	3.0065423295589344
0	-0.9	1.7497742444881734
0	-1.05	2.5639134569522577
0	-1.0	2.3984705278286143
0	-1.0	2.323193267449391
0	-0.9	1.8238787670907015
0	-1.1	2.817148038297016
0	-1.15	2.8613780780394364
0	-1.1	2.9623344311325175
0	-1.0	2.3888613075213048
0	-1.1	2.956531337768775
0	-0.85	1.9230970225645625
0	-1.05	2.474160603780951
0	-1.0	2.4049396001271064
0	-1.0	2.4573265142267013
0	-1.1	3.069417715480386
0	-1.0	2.3825063022804946
0	-1.15	2.683144225649551
0	-1.1	2.942480099605647
0	-1.0	2.4241049395724743
0	-1.1	3.0704806202922703
0	-0.95	1.747564398369823
0	-1.0	2.3497498396247116
0	-1.1	3.0242963383359376
0	-1.1	3.001038071781923
0	-1.1	3.170739847539698
0	-0.9	1.8384015651938426
0	-1.15	2.7802186956586743
0	-1.05	2.5164457360760815
0	-0.95	1.7912062274213978
0	-1.05	2.5113680532546003
0	-1.15	2.953721734598913
0	-1.1	2.858381290642662
0	-1.05	2.478382860547075
0	-1.05	2.506066303660086
0	-1.15	2.9273563232275848
0	-1.0	2.4274785623686883
0	-0.9	1.7477969520749788
0	-1.05	2.682931601455272
0	-0.85	1.8280555528594344
0	-1.05	2.4603483050713897
0	-0.9	1.6657040286683755
0	-1.1	2.9431236659292535
0	-1.05	2.451078431643825
0	-1.1	2.9090617328830644
0	-1.1	3.123348679225399
0	-1.15	2.853058158413295
0	-1.15	2.887672452245182
0	-0.95	1.8385080771949691
0	-1.2	3.1212702613143213
0	-0.95	1.7770566738498348
0	-0.95	1.759601623535736
0	-1.15	2.8755026586408405
0	-1.1	3.0115538756674427
0	-1.1	2.946987548877151
0	-1.05	2.5512327624531963
0	-1.05	2.5479331147369506
0	-1.15	2.7224972488996575
0	-1.1	2.917300373186892
0	-1.05	2.50208773126522
0	-0.95	1.8653114574837488
0	-1.15	2.876182419821324
0	-1.05	2.5806213523553363
0	-0.95	1.8262028047285845
0	-0.95	1.87756943203622
0	-1.15	2.940716930225293
0	-1.15	2.90246035575458
0	-1.0	2.408136267202517
0	-1.05	2.5404681206535886
0	-1.05	2.4945500874980637
0	-0.95	1.8242575364723663
0	-0.9	1.680033790952498
0	-0.85	1.7572965028043674
0	-0.95	1.7575253024584068
0	-1.15	2.852400131930115
0	-1.1	2.891803861816867
0	-1.0	2.4396875116327825
0	-1.1	2.907220496167061
0	-1.15	2.8436261844414323
0	-1.05	2.5399176972363375
0	-1.05	2.649505374570919
0	-1.0	2.404697052248414
0	-0.95	1.726666375340536
0	-1.0	2.4084290472055914
0	-1.15	3.1006361130328037
0	-0.95	1.7768443500872442
0	-1.1	2.948837319119888
0	-1.2	3.2206735835677254
0	-1.1	2.821930462743961
0	-1.15	2.827668054418428
0	-1.1	3.0311642311535842
0	-1.05	2.6471135579634697
0	-1.05	2.552103707507899
0	-1.05	2.4519105534879633
0	-1.15	2.903367080700049
0	-1.05	2.4270461649398025
0	-1.05	2.523301205746389
0	-1.05	2.375168712553718
0	-1.2	3.152683947734951
0	-1.15	2.914827573168579
0	-1.05	2.4351383983031094
0	-0.95	1.8391148924552676
0	-1.1	3.1532994268069685
0	-1.05	2.6471768454761504
0	-1.15	2.8576763124603595
0	-1.05	2.582588894325777
0	-0.95	1.834659945960769
0	-1.2	3.1101055279035745
0	-1.15	3.00977169250811
0	-1.05	2.507705864028284
0	-1.15	2.903367110404256
0	-1.15	2.9904130448953907
0	-0.9	1.7603891819338102
0	-1.1	2.9849954730195853
0	-1.05	2.4902772954839762
0	-1.05	2.4353442143359407
0	-1.05	2.5745512930785357
0	-1.2	3.210783744986781
0	-1.15	3.016928487123596
0	-1.0	2.448673223417288
0	-1.15	2.9198206400174067
0	-1.05	2.417785204894705
0	-1.05	2.672255222066797
0	-1.15	2.8629213303021306
0	-1.15	2.839162593525725
0	-1.15	2.8127241557480334
0	-1.2	3.121575328070863
0	-0.95	1.8468463818047316
0	-1.2	3.084757134831384
0	-1.0	2.43888733057363
0	-1.1	2.865492898700792
0	-1.1	2.8906200438509515
0	-1.15	2.8436356912418455
0	-1.1	3.0050949193060115
0	-1.2	3.0880529982775036
0	-1.1	2.985486410497839
0	-1.05	2.5670943591737214
0	-0.95	1.8055244748528407
0	-1.1	2.8372391451956425
0	-1.15	2.9326964592231852
0	-1.1	2.8843788491738827
0	-0.9	1.6980482466160933
0	-1.15	2.9263549792594428
0	-0.95	1.8525562108430496
0	-1.1	2.9880902427672544
0	-1.15	2.853150059807812
0	-1.2	3.226620612918436
0	-1.2	3.0752445551488337
0	-1.25	3.307295467255887
0	-1.0	2.3851877089491076
0	-1.0	2.3159770144744027
0	-1.0	2.2057040923349405
0	-1.15	2.846105870646618
0	-1.2	3.230359878626255
0	-1.15	2.886240150864994
0	-1.1	2.7852421885479846
0	-1.1	3.0213361140016164
0	-1.2	3.246119820652647
0	-1.15	2.9097921244250182
0	-1.1	3.098115154972287
0	-1.2	3.024815322619013
0	-1.0	2.421469315602678
0	-1.0	2.3172727241731375
0	-1.1	2.7977413371175044
0	-1.0	2.32958598912181
0	-1.2	3.0740200082478304
0	-1.2	3.1119539619178123
0	-1.05	2.6247845782385357
0	-1.1	3.0567915581225233
0	-1.0	2.4653360145244614
0	-1.2	3.048048315209386
0	-1.1	2.9990297688190117
0	-1.15	2.70557600105385
0	-0.9	1.6835360532549615
0	-1.0	2.293765407818837
0	-0.95	1.8165108009948938
0	-1.05	2.4827311589569914
0	-1.15	2.8177621333155716
0	-1.2	3.187016560040878
0	-1.1	2.9370620199832924
0	-1.1	2.850294352213133
0	-1.05	2.4687228529902043
0	-1.0	2.3604221663815834
0	-1.05	2.467417698550917
0	-1.2	3.243608426476617
0	-1.0	2.3692304610868424
0	-1.25	3.121905508336105
0	-1.15	2.829079791797536
0	-1.2	3.0855623061436144
0	-1.15	2.9194117463666935
0	-1.15	2.8522794814942407
0	-1.1	2.978374654436631
0	-1.1	3.0046923427986107
0	-1.2	3.1795190650527383
0	-1.1	3.0252560270852857
0	-1.1	2.9914185734879717
0	-1.1	2.942928823942301
0	-1.1	3.0153161812441485
0	-1.25	3.1410673785453733
0	-1.2	3.257952397105899
0	-1.1	2.9440471840131712
0	-1.0	2.3533998687405027
0	-1.15	2.874604862073314
0	-1.2	3.0920965713564867
0	-1.1	2.9245521753302515
0	-1.25	3.178540861663452
0	-1.1	2.9473670245625496
0	-1.0	2.364387137599067
0	-1.2	2.97768897157931
0	-1.1	3.077507289729521
0	-1.2	3.141392399181183
0	-1.2	3.2596949624880263
0	-1.1	2.964944762566215
0	-1.05	2.500153108187151
0	-1.2	3.0034344109236093
0	-1.1	2.988472753590027
0	-1.1	3.0382096441274378
0	-1.25	3.0834081281905155
0	-1.15	2.9058156619574276
0	-0.95	1.9243621049238167
0	-1.2	3.2017324582885847
0	-1.1	2.8870702373790715
0	-1.1	2.947888329542309
0	-1.2	3.2310091339492244
0	-1.2	3.177699669075502
0	-1.2	3.1889646913222123
0	-1.25	2.9209496475580203
0	-1.25	3.1832846069208625
0	-1.0	2.4580882924637186
0	-1.25	3.1989082211442574
0	-1.15	2.812969736470296
0	-1.05	2.686478767675938
0	-1.15	2.885250433214706
0	-1.15	2.730730068172639
0	-1.2	3.0984952796126874
0	-1.15	2.8509247245268443
0	-1.2	3.0624248171581625
0	-1.1	2.9747163328965294
0	-1.15	2.798506808999337
0	-1.0	2.271972058681094
0	-1.2	3.2668345641779655
0	-1.15	2.6448529328209354
0	-1.0	2.4591938527649053
0	-0.95	1.8512719942273015
0	-1.15	2.8977656647764114
0	-1.25	2.979287636750431
0	-1.2	3.0370459423730876
0	-1.25	3.009048387153951
0	-1.3	3.4565748305083503
0	-1.05	2.4646634497295117
0	-1.05	2.545607866240717
0	-1.05	2.476937364766126
0	-1.2	3.008363881213432
0	-1.25	3.2031730535039715
0	-1.2	3.1359979458466385
0	-1.15	2.9151774219757756
0	-1.25	3.1298411858541475
0	-1.15	2.758958536466872
0	-1.2	3.0307521123964847
0	-1.15	2.755902985131977
0	-1.25	3.2225487465153853
0	-1.05	2.5033316857447634
0	-1.25	3.1801288133567382
0	-1.05	2.466132088393368
0	-1.05	2.5636248064186224
0	-1.15	2.8517081047878525
0	-1.25	3.094764355605306
0	-1.1	3.036377312720253
0	-1.25	3.0927824388547593
0	-1.05	2.4351140921106453
0	-1.2	3.071345844797518
0	-1.15	2.8905614004070155
0	-0.95	1.7901017788256526
0	-1.15	2.9820022852789663
0	-1.05	2.537007319124041
0	-1.0	2.3945207918385547
0	-1.1	2.8776791047801007
0	-1.25	3.457651891412943
0	-1.2	3.0872969102904477
0	-1.15	2.912053047309635
0	-1.1	2.9629912141487376
0	-1.15	2.8150364661981104
0	-1.1	3.0907749877386674
0	-1.05	2.4869973351104133
0	-1.25	3.1786781162999977
0	-1.3	3.2867018029800086
0	-1.05	2.4841469208295877
0	-1.2	3.282192350993909
0	-1.25	3.17677435126782
0	-1.2	3.1472527297308583
0	-1.2	3.0372527251464247
0	-1.25	3.154250835085642
0	-1.15	2.9180015224716973
0	-1.15	2.9552839158697672
0	-1.15	2.848898075716231
0	-1.15	2.8721439119938545
0	-1.15	2.9907252698446563
0	-1.3	3.329966314235046
0	-1.25	3.138799321857924
0	-1.15	2.774802675858972
0	-1.15	2.8759216597840793
0	-1.25	3.2800699332222423
0	-1.2	3.1149437362151473
0	-1.05	2.6004207519877487
0	-1.3	3.4441092458391878
0	-1.15	2.8837747860556417
0	-1.15	2.681263609367406
0	-1.05	2.5271689375190323
0	-1.25	3.2276461589340584
0	-1.25	3.255717687640292
0	-1.15	2.816304651232865
0	-1.25	3.32985195708981
0	-1.1	2.94033631363199
0	-1.25	3.1529237245590274
0	-1.3	3.4950979351950187
0	-1.15	2.8841248642795034
0	-1.15	2.9252960615498838
0	-1.2	3.1239856448627568
0	-1.15	2.7929540800617154
0	-1.25	2.970905578044
0	-1.0	2.297436171002456
0	-1.15	2.8759802783101955
0	-1.15	2.775813951535429
0	-1.25	3.260340139246488
0	-1.25	3.299705307735053
0	-1.25	3.1667473565165536
0	-1.3	3.2765881304522115
0	-1.3	3.374638902222575
0	-1.05	2.575015339203675
0	-1.3	3.28612574466121
0	-1.25	3.2559814180666766
0	-1.2	3.029344984555575
0	-1.25	3.1275399635103476
0	-1.2	3.164856436718687
0	-1.1	3.025573547731061
0	-1.2	3.0102000798697195
0	-1.2	3.1268655846792153
0	-1.25	3.2169040211243467
0	-1.15	2.994190104235121
0	-1.2	3.1597975909145193
0	-1.2	2.9265825215645704
0	-1.05	2.524085842374407
0	-1.05	2.55771347725574
0	-1.2	3.143700606910832
0	-1.3	3.4176610589370187
0	-1.35	3.6784644169788705
0	-1.3	3.3632015932590464
0	-1.0	2.2644637211370293
0	-1.25	3.2108111190950197
0	-1.1	3.087488309291598
0	-1.1	2.889953276626678
0	-1.1	2.8447715191097087
0	-1.25	3.178038160896732
0	-1.3	3.246754922756155
0	-1.25	3.1099914207165704
0	-1.2	3.0552520135485133
0	-1.3	3.308555459338295
0	-1.25	3.0690143791015303
0	-1.2	3.176580546410806
0	-1.3	3.340825037650643
0	-1.2	3.0051130494865084
0	-1.3	3.2001525866571137
0	-1.1	2.9900416411479336
0	-1.1	2.9350160418162616
0	-1.3	3.3933905055631177
0	-1.15	2.8716293008495883
0	-1.1	2.962636990213304
0	-1.2	3.1452314794948455
0	-1.3	3.329809480490947
0	-1.1	2.9264860520804254
0	-1.25	3.0950896829686343
0	-1.2	3.135594265786831
0	-1.0	2.330995759361339
0	-1.15	2.7535386631825216
0	-1.1	2.9224171525385314
0	-1.3	3.455109497964929
0	-1.2	3.0704863661408677
0	-1.05	2.590261086279311
0	-1.25	3.197932821436259
0	-1.15	2.7305215049790657
0	-1.2	3.06062149363952
0	-1.15	2.869390887200114
0	-1.2	3.117736567020403
0	-1.3	3.31261918011564
0	-1.1	2.99234129756317
0	-1.35	3.6090039583394273
0	-1.1	3.0877651512516557
0	-1.25	3.213060409612282
0	-1.3	3.408342040390878
0	-1.25	3.079568404028736
0	-1.25	3.1988825494235527
0	-1.3	3.594629526120237
0	-1.2	3.1424776621879524
0	-1.2	3.081593013064168
0	-1.2	2.8987574061597248
0	-1.2	3.008747158803731
0	-1.35	3.637023740894036
0	-1.3	3.3761582059938173
0	-1.2	3.014168716029806
0	-1.3	3.314144538957272
0	-1.2	3.15962101007075
0	-1.2	3.1863441119688924
0	-1.35	3.7566538953374566
0	-1.25	3.2853231049273384
0	-1.1	2.989437104383222
0	-1.2	3.224504728292776
0	-1.3	3.4352387675018856
0	-1.2	3.119611604820021
0	-1.1	3.0750809789245297
0	-1.3	3.263400836807973
0	-1.2	3.1474509538842494
0	-1.3	3.3584292837285554
0	-1.15	2.8089102816466274
0	-1.3	3.286265476450179
0	-1.35	3.71074948696214
0	-1.2	2.976752714880049
0	-1.25	3.3130905305441476
0	-1.2	3.127269490834428
0	-1.3	3.299141685424034
0	-1.2	3.009296418324752
0	-1.05	2.5806390205406613
0	-1.2	3.1074534353962244
0	-1.3	3.298712201581802
0	-1.2	2.9980332563174734
0	-1.3	3.300764867874447
0	-1.3	3.338574751488349
0	-1.35	3.638027825488437
0	-1.35	3.483349508355582
0	-1.35	3.640581307121347
0	-1.3	3.3998585653201627
0	-1.1	3.1462098399316507
0	-1.25	3.169097117387434
0	-1.3	3.2509018811497787
0	-1.25	3.17290515288995
0	-1.25	3.2639555511448153
0	-1.25	3.186348537925634
0	-1.15	2.7936717854836615
0	-1.3	3.399026244955485
0	-1.2	3.180240184662746
0	-1.25	3.296802977546615
0	-1.4	3.991331003716536
0	-1.1	3.0558985669647436
0	-1.25	3.2300643362051797
0	-1.25	3.00995990360031
0	-1.35	3.6986901804092147
0	-1.1	2.826586870086484
0	-1.35	3.5898419373003216
0	-1.15	2.921772107609455
0	-1.3	3.453059527196846
0	-1.05	2.5348121847854705
0	-1.15	2.8328569249790285
0	-1.15	2.8310127860025833
0	-1.3	3.2956220875029145
0	-1.35	3.7715393498977168
0	-1.3	3.326159059067906
0	-1.25	3.1259446217796625
0	-1.35	3.6127867996885454
0	-1.3	3.222359780205328
0	-1.35	3.6647917144637288
0	-1.25	3.046142839582853
0	-1.35	3.8211509121865896
0	-1.25	3.200406771448364
0	-1.15	2.7423870430942263
0	-1.2	3.0169988123584144
0	-1.35	3.6661114695448602
0	-1.15	2.768964101307151
0	-1.35	3.5334412223958016
0	-1.15	2.8106199089252817
0	-1.25	3.293797206196591
0	-1.3	3.4910197214329552
0	-1.15	2.9248859638697167
0	-1.05	2.4413357380194256
0	-1.25	3.1843963717643224
0	-1.2	3.162611609376558
0	-1.35	3.667673881925679
0	-1.15	2.954417180161402
0	-1.25	3.2408014446826714
0	-1.1	2.8961104622329468
0	-1.3	3.473724190106437
0	-1.2	3.0814285303234943
0	-1.25	3.1570363456805977
0	-1.2	3.028425907778541
0	-1.4	4.054749516169244
0	-1.35	3.653901097543015
0	-1.15	2.6835970209068796
0	-1.25	3.287221307144501
0	-1.15	2.782797218621746
0	-1.3	3.317455712580748
0	-1.35	3.525558349141695
0	-1.3	3.522017835387285
0	-1.3	3.3254048656184994
0	-1.35	3.7042457270725078
0	-1.25	3.1520541385984497
0	-1.25	3.1684544359426883
0	-1.4	3.9648045409042227
0	-1.25	3.135889893632114
0	-1.25	3.1927122703429482
0	-1.35	3.678712126155634
0	-1.35	3.696416941457493
0	-1.25	2.9572677957667324
0	-1.4	3.80986135059447
0	-1.25	3.1535763724260666
0	-1.35	3.633288792926772
0	-1.25	3.171881050339642
0	-1.25	3.1157402332071715
0	-1.3	3.3467480528498674
0	-1.15	2.886174550839671
0	-1.25	3.08750438767585
0	-1.15	3.0050786027472878
0	-1.35	3.491326280721492
0	-1.25	2.9672161833946964
0	-1.35	3.7177115326576775
0	-1.2	3.0429073640037965
0	-1.35	3.6265372657333184
0	-1.4	4.168903669351709
0	-1.25	3.159816903885506
0	-1.3	3.2728601594777635
0	-1.35	3.6462271282707186
0	-1.25	3.2679100700945622
0	-1.25	3.228837654018952
0	-1.25	3.090099439778229
0	-1.35	3.7242184348412573
0	-1.1	2.758245805863773
0	-1.25	3.2629582090152423
0	-1.35	3.6795343317614897
0	-1.4	4.0579652109427435
0	-1.4	3.780580830247856
0	-1.35	3.6144911668185653
0	-1.35	3.7253360103708686
0	-1.4	4.026699086371434
0	-1.3	3.2435688748158165
0	-1.35	3.6048710053059856
0	-1.15	2.935024270900227
0	-1.3	3.325421621534549
0	-1.35	3.554717101787285
0	-1.3	3.3136679381326597
0	-1.3	3.2147625683959524
0	-1.2	3.166740657589575
0	-1.25	3.2120105427793444
0	-1.3	3.2026343386866216
0	-1.15	2.9595487406932857
0	-1.4	3.9329554888293825
0	-1.2	3.196843792433478
0	-1.4	3.963981491129342
0	-1.3	3.385059083977434
0	-1.3	3.3160368951286654
0	-1.15	2.8062837870744106
0	-1.35	3.746562378811088
0	-1.2	3.0003713805987586
0	-1.1	2.9811999073467073
0	-1.2	3.180881029152665
0	-1.35	3.6504274007540625
0	-1.4	3.9066435256320715
0	-1.35	3.6768832220943133
0	-1.3	3.3567706342737025
0	-1.4	3.909263550013754
0	-1.35	3.524523519441459
0	-1.4	3.8609700279680212
0	-1.4	3.938502078008309
0	-1.3	3.5245830793807884
0	-1.3	3.359528515532993
0	-1.2	3.0677726483077232
0	-1.25	3.1611414782799203
0	-1.4	3.988902256639919
0	-1.4	3.9002093586491777
0	-1.2	3.0654208628862096
0	-1.2	3.041854791776787
0	-1.35	3.6766622157594373
0	-1.3	3.4004321375112343
0	-1.2	3.176269202022425
0	-1.4	3.9908295851319453
0	-1.1	2.9470998732836993
0	-1.25	3.165232667829168
0	-1.3	3.5054389158150463
0	-1.2	3.164990497533617
0	-1.15	2.7443207145851227
0	-1.3	3.428101022619808
0	-1.35	3.6433979542040977
0	-1.25	3.2207085157154607
0	-1.25	3.207577181795404
0	-1.3	3.199884875423325
0	-1.4	3.9690509702929293
0	-1.2	3.2537259661578757
0	-1.3	3.3372426886426094
0	-1.2	3.0138016565201693
0	-1.35	3.5279789477770307
0	-1.4	4.083991577242264
0	-1.35	3.6496145754514613
0	-1.35	3.4395063059124937
0	-1.4	3.921138587020195
0	-1.3	3.1446631791122335
0	-1.3	3.409224998102706
0	-1.4	3.8744098786323167
0	-1.3	3.309373236676425
0	-1.3	3.2782736428888333
0	-1.4	3.896613946993769
0	-1.4	3.9418538170484756
0	-1.3	3.362115685687816
0	-1.3	3.3734145254201797
0	-1.3	3.356296580814
0	-1.3	3.3380517698820134
0	-1.35	3.446855854826283
0	-1.2	3.154502889350918
0	-1.3	3.1281316063246405
0	-1.2	3.1432639102999342
0	-1.25	3.321727034075041
0	-1.4	3.953062063247836
0	-1.4	4.222482809161959
0	-1.4	4.0615836906831095
0	-1.3	3.311554202651755
0	-1.3	3.304105590037011
0	-1.4	4.040036029353429
0	-1.3	3.5002650790216996
0	-1.35	3.5572946556762144
0	-1.4	3.909759171125391
0	-1.3	3.363759892900664
0	-1.3	3.298261477130549
0	-1.3	3.4312837534799625
0	-1.4	3.8188121132127484
0	-1.15	3.016409852901168
0	-1.4	3.962285815611695
0	-1.4	3.795822899351726
0	-1.4	4.265918964050936
0	-1.35	3.700983968523658
0	-1.4	4.052974021789135
0	-1.2	3.1492696240484723
0	-1.35	3.653104701571621
0	-1.35	3.47582192803336
0	-1.3	3.200153009513659
0	-1.35	3.478373829071549
0	-1.25	3.0714296810342097
0	-1.35	3.5762957796395636
0	-1.25	3.1670531893574525
0	-1.2	2.9595348181348458
0	-1.35	3.6335389456748834
0	-1.35	3.5980829176649345
0	-1.4	3.965105641850406
0	-1.2	3.0494683160579856
0	-1.25	3.0921389089765574
0	-1.25	3.09913097499932
0	-1.4	3.946634041534526
0	-1.15	2.8778805482472496
0	-1.4	4.0668549204201305
0	-1.4	3.852420014666028
0	-1.35	3.736900193353846
0	-1.35	3.585596520359592
0	-1.35	3.551487323109082
0	-1.25	3.1316825886335047
0	-1.3	3.3779656731803347
0	-1.25	3.098234849351865
0	-1.4	4.06899683020577
0	-1.25	3.162971201897693
0	-1.35	3.5272093441226433
0	-1.25	3.17884113881141
0	-1.15	2.875394811851586
0	-1.3	3.3977106419741046
0	-1.35	3.6256326424829477
0	-1.4	3.87982465488222
0	-1.25	3.345244572676992
0	-1.35	3.558961186098582
0	-1.2	3.104545262626883
0	-1.3	3.2565745144457567
0	-1.3	3.398406316793268
0	-1.35	3.541456813318558
0	-1.25	3.2666694515001646
0	-1.25	3.120728732762009
0	-1.35	3.5915374791781063
0	-1.4	3.9779198736427306
0	-1.4	4.117450662258009
0	-1.4	3.9697829202046497
0	-1.35	3.56804629581976
0	-1.35	3.7374390158689903
0	-1.35	3.730009497313562
0	-1.35	3.6516323588851134
0	-1.35	3.696520029974637
0	-1.35	3.5489262787553626
0	-1.35	3.536624610505905
0	-1.35	3.7247872325689366
0	-1.4	4.0035950328063326
0	-1.25	3.121505475609282
0	-1.35	3.6096468082488538
0	-1.25	3.1074002574537345
0	-1.3	3.2621546840346003
0	-1.35	3.624060387019382
0	-1.35	3.6079075952713
0	-1.35	3.6840094014849774
0	-1.4	4.088306706394573
0	-1.35	3.679191416279119
0	-1.35	3.505008479626815
0	-1.35	3.7043212617763444
0	-1.2	3.1619613108619453
0	-1.4	4.129599251047829
0	-1.4	4.0901718520203865
0	-1.25	3.3067586638032265
0	-1.4	4.005161691132787
0	-1.3	3.2696643732135438
0	-1.4	3.9088254851372883
0	-1.35	3.567699659477689
0	-1.4	4.083877839184227
0	-1.3	3.293180298082524
0	-1.25	3.2954046732758386
0	-1.4	4.135612756529612
0	-1.4	3.996385250237965
0	-1.25	3.077323190913451
0	-1.3	3.352258688629348
0	-1.3	3.307726009340042
0	-1.2	3.0480325320816326
0	-1.4	4.149072588708132
0	-1.3	3.4207883556423764
0	-1.4	3.8819537449189463
0	-1.35	3.7340479594364404
0	-1.3	3.2479790085458284
0	-1.4	4.058781375764306
0	-1.3	3.2498874870550836
0	-1.4	4.011575485701078
0	-1.2	3.152728927705216
0	-1.35	3.638414235433844
0	-1.4	4.185268592064844
0	-1.3	3.3602259338298617
0	-1.3	3.2765296239328325
0	-1.4	3.9390793835081825
0	-1.35	3.672944272636279
0	-1.25	3.147712803249485
0	-1.35	3.770795971394266
0	-1.4	4.076317394788267
0	-1.3	3.435971470098458
0	-1.3	3.320947833715899
0	-1.4	4.013867684312494
0	-1.4	4.008734371123797
0	-1.4	4.317800969822524
0	-1.4	4.017147476763967
0	-1.4	3.8717929739902885
0	-1.4	3.905413132741419
0	-1.4	3.978114878460803
0	-1.4	4.1261050728220745
0	-1.4	4.160405755607438
0	-1.3	3.388664368349896
0	-1.4	4.138227038920429
0	-1.3	3.384970370133324
0	-1.35	3.5958203964178526
0	-1.4	3.899232891930183
0	-1.4	4.2323926064847495
0	-1.4	3.9812625229321554
0	-1.4	3.9056720480028617
0	-1.4	3.929454676489753
0	-1.4	3.983279092201782
0	-1.25	3.109174948018087
0	-1.35	3.6736996993393047
0	-1.3	3.422469624884688
0	-1.4	4.132535466394998
0	-1.3	3.233073853981946
0	-1.35	3.5697441695414076
0	-1.35	3.7043773493246417
0	-1.35	3.748129689402562
0	-1.3	3.4547692606146594
0	-1.25	3.121125159385047
0	-1.35	3.655339136316329
0	-1.35	3.59394664106812
0	-1.4	4.083101721757784
0	-1.35	3.8764314880295077
0	-1.25	3.262277779778444
0	-1.4	3.9318638531671315
0	-1.35	3.779830103947684
0	-1.4	3.9715588701573585
0	-1.35	3.804129065603658
0	-1.3	3.4226486021669857
0	-1.4	4.047306484489532
0	-1.35	3.6962189880783125
0	-1.35	3.5854483028714594
0	-1.4	4.015885188899125
0	-1.35	3.58779497143792
0	-1.35	3.633428372442038
0	-1.3	3.405028135601505
0	-1.4	3.984407784772098
0	-1.35	3.6922393210438824
0	-1.35	3.505039993112595
0	-1.4	4.0068208157755825
0	-1.4	4.061288074485772
0	-1.4	4.015796600796183
0	-1.35	3.6596370079233305
0	-1.3	3.284943832945312
0	-1.4	3.965726298880965
0	-1.4	3.9888167171894153
0	-1.4	3.84314295023146
0	-1.3	3.4323197693425302
0	-1.4	3.97380657205758
0	-1.4	4.012147156342378
0	-1.35	3.6971080941352246
0	-1.4	3.9796722299373357
0	-1.4	3.8889743082467727
0	-1.4	4.148786578985138
0	-1.4	4.059808312142857
0	-1.35	3.4798209475196966
0	-1.4	3.974104507683252
0	-1.4	4.114038859214275
0	-1.4	3.785446789797902
0	-1.35	3.5016402029870175
0	-1.35	3.667881843407794
0	-1.4	3.8174850201934705
0	-1.4	4.17787818943323
0	-1.4	3.996625265609031
0	-1.4	4.117989337341585
