0.0	0.25	0.5665833365159316
0.0	0.25	0.55927243547894
0.0	0.25	0.5616379562700611
0.0	0.25	0.5967976581107733
0.0	0.25	0.5949793146661576
0.0	0.25	0.6791295368163488
0.0	0.25	0.6386938485727335
0.0	0.25	0.6111182647727066
0.0	0.25	0.5977472868975237
0.0	0.25	0.6082324390240271
0.0	0.25	0.6017888707936692
0.0	0.25	0.5250566972119315
0.0	0.25	0.6021588608183038
0.0	0.25	0.5303076495226926
0.0	0.25	0.5722324759363927
0.0	0.25	0.5815227970735025
0.0	0.25	0.6138685289619132
0.0	0.25	0.509653409940041
0.0	0.25	0.5993702133146798
0.0	0.25	0.5788735928639646
0.0	0.25	0.6114090743680098
0.0	0.25	0.6136834787406031
0.0	0.25	0.616023258483489
0.0	0.25	0.5577152930994118
0.0	0.25	0.5207527006417545
0.0	0.25	0.4898504447632888
0.0	0.25	0.6221431008650999
0.0	0.25	0.5891355577372752
0.0	0.25	0.5753767422731855
0.0	0.25	0.6531977733286823
0.0	0.25	0.5811464524831876
0.0	0.25	0.6280637562325403
0.0	0.25	0.5989369941042539
0.0	0.25	0.6432744429322664
0.0	0.25	0.6359684494864328
0.0	0.25	0.5018160194434093
0.0	0.25	0.5479640557898802
0.0	0.25	0.6038916933167501
0.0	0.25	0.572761888777692
0.0	0.25	0.6629437792702209
0.0	0.25	0.5225674172720318
0.0	0.25	0.5878180795743917
0.0	0.25	0.5567824336215195
0.0	0.25	0.5623815824182452
0.0	0.25	0.5931220013269638
0.0	0.25	0.5651662113246618
0.0	0.25	0.6006942212215489
0.0	0.25	0.5315227339117428
0.0	0.25	0.6689878943536278
0.0	0.25	0.6199006909801156
0.0	0.25	0.5503728839304046
0.0	0.25	0.5827909736435128
0.0	0.25	0.624944371859991
0.0	0.25	0.6161482834745284
0.0	0.25	0.5914250671568827
0.0	0.25	0.5466516129261493
0.0	0.25	0.6367564349378051
0.0	0.25	0.6574908606256913
0.0	0.25	0.6005151380610478
0.0	0.25	0.5979285308840698
0.0	0.25	0.5706576156194615
0.0	0.25	0.6678888321631572
0.0	0.25	0.5621716249845797
0.0	0.25	0.599667426069392
0.0	0.25	0.6113476795495114
0.0	0.25	0.6057273591868536
0.0	0.25	0.5466026026316733
0.0	0.25	0.5376274070793085
0.0	0.25	0.6129483349465764
0.0	0.25	0.5888609257356052
0.0	0.25	0.546694632144938
0.0	0.25	0.6072765160639216
0.0	0.25	0.5597490423968166
0.0	0.25	0.6247179056772225
0.0	0.25	0.6286004184972646
0.0	0.25	0.601304995706627
0.0	0.25	0.6463888463953612
0.0	0.25	0.6063140649109315
0.0	0.5	0.5143146002553649
0.0	0.25	0.5485203948622221
0.0	0.5	0.563044134360458
0.0	0.5	0.5393738094655275
0.0	0.5	0.4807632836509323
0.0	0.5	0.5552711748464947
0.0	0.25	0.6394909599949625
0.0	0.25	0.5142048624277032
0.0	0.25	0.6311272888271509
0.0	0.25	0.6122507873265257
0.0	0.25	0.5712741117707298
0.0	0.5	0.5125331440415769
0.0	0.5	0.5213286621809995
0.0	0.5	0.5369626884068924
0.0	0.25	0.6085843248977104
0.0	0.25	0.6479606993380317
0.0	0.5	0.5363805329173371
0.0	0.25	0.6552303259694
0.0	0.5	0.5560680399612208
0.0	0.25	0.6195199996481183
0.0	0.25	0.6124483523210213
0.0	0.5	0.4352706592305423
0.0	0.25	0.5443601491731264
0.0	0.5	0.6121513246453217
0.0	0.5	0.5054365459304268
0.0	0.5	0.5992525172893768
0.0	0.5	0.5346422702350505
0.0	0.25	0.6018797332499889
0.0	0.5	0.48708714065135916
0.0	0.5	0.5002857300724051
0.0	0.25	0.6123635912305705
0.0	0.25	0.6248953846963039
0.0	0.25	0.5813363460759016
0.0	0.25	0.6344267051297205
0.0	0.25	0.5052770501429132
0.0	0.5	0.5450150189130807
0.0	0.25	0.6214122205624463
0.0	0.25	0.6345543776525008
0.0	0.25	0.618453147699491
0.0	0.5	0.539304207103908
0.0	0.5	0.5186069004460303
0.0	0.5	0.4425163906439711
0.0	0.5	0.5060378414679623
0.0	0.5	0.5683784286392133
0.0	0.5	0.5124098424259317
0.0	0.5	0.4613981046915093
0.0	0.5	0.433312788057252
0.0	0.5	0.5680897136592123
0.0	0.5	0.5323234062914686
0.0	0.5	0.4623618750029778
0.0	0.5	0.5924565725098159
0.0	0.5	0.5546670590891071
0.0	0.5	0.4234214710185921
0.0	0.5	0.5475857590682743
0.0	0.5	0.577317046072154
0.0	0.5	0.518848688263167
0.0	0.5	0.4901639824794644
0.0	0.5	0.49357888236853925
0.0	0.5	0.5095543013139405
0.0	0.5	0.586227449956649
0.0	0.5	0.5184096853499288
0.0	0.5	0.4919847972721272
0.0	0.5	0.527858592347908
0.0	0.5	0.5279470277119297
0.0	0.5	0.5297338697632448
0.0	0.5	0.46745096888220244
0.0	0.5	0.5649830821115528
0.0	0.5	0.524711160532729
0.0	0.5	0.4902046694859014
0.0	0.5	0.5178617042141785
0.0	0.5	0.5334309275547764
0.0	0.5	0.5447977544059431
0.0	0.5	0.5250637364395125
0.0	0.5	0.5476377560542443
0.0	0.5	0.5187875134901851
0.0	0.5	0.5721362804093358
0.0	0.5	0.5105606655740118
0.0	0.5	0.4854700930178056
0.0	0.5	0.4905592359741947
0.0	0.5	0.48411278163803145
0.0	0.5	0.4751890910054038
0.0	0.5	0.5379683983526619
0.0	0.5	0.5350191860578053
0.0	0.5	0.5770180991625515
0.0	0.5	0.49644066488340416
0.0	0.5	0.4523677701772067
0.0	0.5	0.4120371618201337
0.0	0.5	0.5746586085706515
0.0	0.5	0.47110589363025074
0.0	0.5	0.48527822812687255
0.0	0.5	0.5142844635765607
0.0	0.5	0.47933695622315103
0.0	0.5	0.5239609830819307
0.0	0.5	0.5361972418000057
0.0	0.5	0.5102850269005104
0.0	0.5	0.4914830085000103
0.0	0.5	0.5629009955154736
0.0	0.5	0.5902817526696996
0.0	0.5	0.5437190476360713
0.0	0.75	1.4187642190182117
0.0	0.75	1.4401748615809202
0.0	0.75	1.3382742985194913
0.0	0.5	0.5185882977679668
0.0	0.75	1.4346803746933297
0.0	0.75	1.4266274485955497
0.0	0.5	0.5838501127447135
0.0	0.5	0.4907200854554241
0.0	0.5	0.4633224948152837
0.0	0.5	0.43956381474452044
0.0	0.75	1.4416532987975497
0.0	0.5	0.5102661438581482
0.0	0.5	0.6020740368530848
0.0	0.75	1.4570935832735854
0.0	0.75	1.4001434272521833
0.0	0.5	0.5774775314586507
0.0	0.5	0.5647180228923779
0.0	0.75	1.456521470189744
0.0	0.75	1.4466016270536792
0.0	0.5	0.5553806599243172
0.0	0.75	1.498796264560371
0.0	0.5	0.575702367431591
0.0	0.5	0.5617915557981839
0.0	0.5	0.5711959811857867
0.0	0.75	1.4382987520076567
0.0	0.5	0.5047787188486128
0.0	0.75	1.3507793416431806
0.0	0.5	0.625446148137881
0.0	0.75	1.370971344560623
0.0	0.75	1.3885946320942941
0.0	0.5	0.5432208284498659
0.0	0.5	0.4503687194858148
0.0	0.75	1.3614437126991088
0.0	0.5	0.4633750270141344
0.0	0.75	1.416742065154814
0.0	0.5	0.5961128931152546
0.0	0.5	0.6004903399648776
0.0	0.5	0.5383837998371378
0.0	0.5	0.4737894097916661
0.0	0.75	1.4251383812484548
0.0	0.75	1.3990908747345856
0.0	0.75	1.4277284861091857
0.0	0.75	1.436506903887339
0.0	0.75	1.430794954549032
0.0	0.75	1.5197684913160663
0.0	0.75	1.4279684729834983
0.0	0.75	1.4871058299873905
0.0	0.75	1.5030489413855637
0.0	0.75	1.4524434927445014
0.0	0.75	1.3709961609534218
0.0	0.75	1.4205298796902892
0.0	0.75	1.4714052148482046
0.0	0.75	1.4354839766047822
0.0	0.75	1.458837931306192
0.0	0.75	1.4436839119045988
0.0	0.75	1.3648505485277749
0.0	0.75	1.3506521066970314
0.0	0.75	1.3798358638410961
0.0	0.75	1.3622629769807817
0.0	0.75	1.4507146221300276
0.0	0.75	1.488691274448249
0.0	0.75	1.3867771085173175
0.0	0.75	1.3617572589553217
0.0	0.75	1.431155238492444
0.0	0.75	1.4264062839933724
0.0	0.75	1.374150822596987
0.0	0.75	1.401234729605092
0.0	0.75	1.4142519852283664
0.0	0.75	1.4466989455170065
0.0	0.75	1.4055862223285578
0.0	0.75	1.4853371698574873
0.0	0.75	1.3381446014404277
0.0	0.75	1.459057921569614
0.0	0.75	1.3903094193460996
0.0	0.75	1.4214523373349366
0.0	0.75	1.4398852591603337
0.0	0.75	1.3475248631845533
0.0	0.75	1.504004191989343
0.0	0.75	1.355565301327046
0.0	0.75	1.3494598671613138
0.0	0.75	1.4161587246042127
0.0	0.75	1.3807939634613946
0.0	0.75	1.4461621267531815
0.0	0.75	1.4882299353769712
0.0	0.75	1.5046468531739834
0.0	0.75	1.4423470433397676
0.0	0.75	1.4783782480720122
0.0	0.75	1.5070264058504577
0.0	0.75	1.435478167645127
0.0	0.75	1.4869127637735715
0.0	0.75	1.446508925379015
0.0	0.75	1.4637742368715716
0.0	0.75	1.4264988125004918
0.0	0.75	1.4464125586015966
0.0	0.75	1.4479696444176013
0.0	0.87	1.7226098112972197
0.0	0.75	1.467588386994955
0.0	0.75	1.3947794587850488
0.0	0.75	1.4556175240925198
0.0	0.87	1.6925758299433777
0.0	0.75	1.3971959068312811
0.0	0.87	1.6831992807156804
0.0	0.87	1.680712379894887
0.0	0.75	1.5000195657964848
0.0	0.87	1.704111081363063
0.0	0.75	1.4723434761929475
0.0	0.87	1.6371851892586142
0.0	0.75	1.379443747403977
0.0	0.75	1.4065763857964473
0.0	0.75	1.4152548375891403
0.0	0.75	1.4993228017043188
0.0	0.75	1.3608711913887257
0.0	0.87	1.69406894333128
0.0	0.87	1.766356429499752
0.0	0.75	1.542690957535999
0.0	0.87	1.7329269102575064
0.0	0.75	1.4499922905217415
0.0	0.87	1.730348797870761
0.0	0.75	1.3820725253768036
0.0	0.75	1.4101837866042806
0.0	0.87	1.7484503921386776
0.0	0.75	1.3820582611359207
0.0	0.87	1.7714484201817589
0.0	0.87	1.757065690406163
0.0	0.75	1.3039412232454926
0.0	0.87	1.6655910398622757
0.0	0.75	1.3492359620734122
0.0	0.75	1.3986092819742315
0.0	0.75	1.3575543467842035
0.0	0.75	1.3688208272265772
0.0	0.87	1.6791414461022847
0.0	0.75	1.3230626454769503
0.0	0.75	1.4923541621638512
0.0	0.87	1.6866875916857804
0.0	0.87	1.6733175901291533
0.0	0.75	1.3390151393876994
0.0	0.75	1.401952888293125
0.0	0.87	1.7167487143094833
0.0	0.75	1.4362366806551459
0.0	0.87	1.760400912178432
0.0	0.87	1.8178523569605853
0.0	0.87	1.7215899408950945
0.0	0.87	1.6414563074010315
0.0	0.87	1.7215112018467658
0.0	0.87	1.594415776934298
0.0	0.87	1.7232045606202422
0.0	0.87	1.6105261788469083
0.0	0.87	1.7677019831841296
0.0	0.87	1.7890690438851686
0.0	0.87	1.8056866766021598
0.0	0.87	1.679801804937103
0.0	0.87	1.6438136831405947
0.0	0.87	1.778907326079142
0.0	0.87	1.7095920745034134
0.0	0.87	1.7239472316256266
0.0	0.87	1.6789356431931675
0.0	0.87	1.7624286455529734
0.0	0.87	1.706475933957713
0.0	0.87	1.74301898806509
0.0	0.87	1.6892220784229568
0.0	0.87	1.6289029425780315
0.0	0.87	1.6946110626977087
0.0	0.87	1.7151966531543477
0.0	0.87	1.8344751679368214
0.0	0.87	1.766454390505403
0.0	0.87	1.7684884919890453
0.0	0.87	1.653926925456016
0.0	0.87	1.8010413817989412
0.0	0.87	1.782785250113736
0.0	0.87	1.8042472979573985
0.0	0.87	1.690111986335199
0.0	0.87	1.8299531582242952
0.0	0.87	1.7601995687424645
0.0	0.87	1.746520826751002
0.0	0.87	1.6654657006634581
0.0	0.87	1.6515869731161423
0.0	0.87	1.695283214627907
0.0	0.87	1.737837072694042
0.0	0.87	1.754025804406158
0.0	0.87	1.6805564108945057
0.0	0.87	1.6321204004883314
0.0	0.87	1.634707387829849
0.0	0.87	1.7085381950493062
0.0	0.87	1.7351657176878912
0.0	0.87	1.783866139996546
0.0	0.87	1.8107205572226073
0.0	0.87	1.6248211512456043
0.0	0.87	1.705313179617689
0.0	0.87	1.6894888350467094
0.0	0.87	1.693767601942768
0.0	1.0	2.0680740899169447
0.0	0.87	1.7506755443537743
0.0	0.87	1.6423977849612807
0.0	0.87	1.7254780152614626
0.0	0.87	1.6111842067830284
0.0	0.87	1.7476522445689742
0.0	0.87	1.658702516854293
0.0	0.87	1.7789092481542492
0.0	0.87	1.6820368477281238
0.0	1.0	2.0489681367305397
0.0	1.0	2.1523573681625714
0.0	1.0	1.9578957739950742
0.0	1.0	2.0740005097869942
0.0	1.0	2.0971370683568407
0.0	0.87	1.7598266708617234
0.0	0.87	1.6849637180122818
0.0	0.87	1.7358231917579552
0.0	0.87	1.7271798096965436
0.0	0.87	1.7518682570281288
0.0	0.87	1.7568948598088032
0.0	0.87	1.676282235837282
0.0	0.87	1.7128220177702602
0.0	1.0	1.9954451852571677
0.0	1.0	2.1268609951254813
0.0	0.87	1.677231322581909
0.0	1.0	2.0266982519030514
0.0	1.0	2.059540637911965
0.0	0.87	1.712857298357853
0.0	0.87	1.6921185517775454
0.0	0.87	1.7699810003456002
0.0	1.0	2.2008176587104025
0.0	1.0	2.083337104646002
0.0	1.0	2.129375612304409
0.0	1.0	2.213951780113918
0.0	0.87	1.7140260166079262
0.0	0.87	1.6562355645554148
0.0	0.87	1.7735863721612357
0.0	0.87	1.546898254296782
0.0	0.87	1.64252495648851
0.0	1.0	2.094306210712436
0.0	1.0	2.1295436878868994
0.0	0.87	1.8186277352331937
0.0	0.87	1.7118056162416142
0.0	1.0	2.0864600845696817
0.0	0.87	1.7593470642668432
0.0	0.87	1.6838703296697848
0.0	1.0	2.162957281205696
0.0	0.87	1.691828288734478
0.0	1.0	2.141660051679067
0.0	1.0	2.1570124314438086
0.0	1.0	2.031231952801501
0.0	1.0	2.181056695377738
0.0	1.0	2.079949104498892
0.0	1.0	1.9878766869928144
0.0	1.0	2.137129146337474
0.0	1.0	2.231733069912059
0.0	1.0	2.1311396713048336
0.0	1.0	2.1909281230869206
0.0	1.0	2.1475883625706333
0.0	1.0	2.0427383026567565
0.0	1.0	2.1224755127671053
0.0	1.0	2.1413619174926155
0.0	1.0	2.1187576147906633
0.0	1.0	2.157622409104165
0.0	1.0	2.0295621578368004
0.0	1.0	2.175871428399001
0.0	1.0	2.200131639097956
0.0	1.0	2.035806085667797
0.0	1.0	2.131261499081957
0.0	1.0	2.0877409498739743
0.0	1.0	2.278725991926794
0.0	1.0	2.142253867424045
0.0	1.0	2.1156296128501832
0.0	1.0	2.1073069789095404
0.0	1.0	2.131236572528873
0.0	1.0	2.1078341257466637
0.0	1.0	2.0590523830665215
0.0	1.0	2.098261633168275
0.0	1.0	2.127521436630627
0.0	1.0	2.1118301764171017
0.0	1.0	2.0331160860916992
0.0	1.0	2.0090850109466434
0.0	1.0	2.0397983930484624
0.0	1.0	2.1205784875564437
0.0	1.0	2.05942698017426
0.0	1.0	2.115384846873229
0.0	1.0	2.0758313528728705
0.0	1.0	2.1850583636228764
0.0	1.0	2.2112458578553777
0.0	1.0	2.2400374308572863
0.0	1.0	2.143006065961378
0.0	1.0	2.1032688314390366
0.0	2.0	7.899947666904971
0.0	1.0	2.128155324552353
0.0	1.0	2.0754945252774823
0.0	1.0	2.172379928661489
0.0	1.0	2.1558702715367115
0.0	1.0	2.0987214608393163
0.0	1.0	2.0830100780022267
0.0	1.0	2.0307631351469144
0.0	1.0	1.956547807321679
0.0	1.0	2.2318409585811043
0.0	1.0	2.124798773078007
0.0	1.0	2.062013778776937
0.0	1.0	2.0601507099786014
0.0	1.0	2.2352045069220545
0.0	2.0	7.806388064784288
0.0	2.0	7.776951906852092
0.0	1.0	2.095343570347683
0.0	2.0	7.758322259842086
0.0	2.0	7.485739904471332
0.0	1.0	2.0458470945649596
0.0	2.0	7.682150205796273
0.0	1.0	2.155369521597485
0.0	1.0	2.071994469470281
0.0	1.0	2.1991897653735157
0.0	1.0	2.1163655338710594
0.0	1.0	2.11278807932307
0.0	1.0	2.048356950200192
0.0	1.0	2.0789745519089324
0.0	2.0	7.874623219237191
0.0	2.0	7.5544372081824696
0.0	1.0	1.9926667644207314
0.0	2.0	7.705681553865148
0.0	1.0	2.1322968220023095
0.0	1.0	2.164301706285109
0.0	1.0	2.0108507364826695
0.0	1.0	2.133976210525081
0.0	2.0	7.5339641349440045
0.0	2.0	7.805855634704098
0.0	1.0	2.082110926971222
0.0	2.0	7.435648060034935
0.0	1.0	2.071634674134084
0.0	1.0	2.098514611539288
0.0	1.0	2.1431768803715405
0.0	2.0	7.425716006426425
0.0	2.0	7.632646446834214
0.0	1.0	2.062429850990497
0.0	1.0	2.1308494766189523
0.0	2.0	7.917769527488692
0.0	2.0	7.641745269156165
0.0	1.0	2.1091994419789684
0.0	1.0	2.0684460628201533
0.0	2.0	7.653798280450017
0.0	1.0	2.18967714176066
0.0	2.0	7.96630858640171
0.0	1.0	2.054409837770792
0.0	1.0	2.0144567680505374
0.0	2.0	7.543002858873955
0.0	2.0	7.763967068961422
0.0	2.0	8.274443985431152
0.0	2.0	7.67853050176921
0.0	2.0	7.872046311654592
0.0	2.0	7.605849978378312
0.0	2.0	7.7486074006320464
0.0	2.0	7.620800341136982
0.0	2.0	7.97790892769307
0.0	2.0	7.575240956949561
0.0	2.0	7.935703645997953
0.0	2.0	7.356624088984502
0.0	2.0	7.780235921238713
0.0	2.0	7.811491214968265
0.0	2.0	7.536137242674396
0.0	2.0	7.723276771817136
0.0	2.0	7.736771473709361
0.0	2.0	7.670968499041492
0.0	2.0	7.739034851834615
0.0	2.0	7.595322275015116
0.0	2.0	7.519313680917421
0.0	2.0	7.8380872967407305
0.0	2.0	7.834881176096229
0.0	2.0	8.002943484194391
0.0	2.0	8.024306215761017
0.0	2.0	7.4523568564414004
0.0	2.0	7.923289695831502
0.0	2.0	7.918201729362516
0.0	2.0	7.5712215677393795
0.0	2.0	7.632636980363593
0.0	2.0	7.980625678616735
0.0	2.0	8.044812336907308
0.0	2.0	7.873956293161112
0.0	2.0	7.939604606821626
0.0	2.0	7.72898593709507
0.0	2.0	7.758019089728493
0.0	2.0	7.664381764605994
0.0	2.0	7.573548717853868
0.0	2.0	7.820827226955203
0.0	2.0	7.6502019768938085
0.0	2.0	8.029267722650125
0.0	2.0	7.693638871789102
0.0	2.0	7.676496066672773
0.0	2.0	7.938114464107217
0.0	2.0	7.400898818483745
0.0	2.0	7.910972566974617
0.0	2.0	7.903355320259277
0.0	2.0	7.831159950320891
0.0	2.0	7.741132304015829
0.0	2.0	7.350448047726368
0.0	2.0	7.566061354883614
0.0	2.0	7.789588327246198
0.0	2.0	7.341264657706244
0.0	2.0	7.573161891746886
0.0	2.0	7.724333324139683
0.0	2.0	7.697914458990452
0.0	2.0	7.829500899753207
0.0	2.0	7.609759291073761
0.0	2.0	7.885417532102793
0.0	2.0	7.6546603905777495
0.0	2.0	7.63293070948141
0.0	2.0	7.564890534415522
0.0	2.0	7.710189243506613
0.0	2.0	7.584452935511923
0.0	2.0	7.725512039300988
0.0	2.0	8.073032052652444
0.0	2.0	7.51910957059884
0.0	2.0	7.618106219715588
0.0	2.0	7.574431392020104
0.0	2.0	7.5798345021219165
0.0	2.0	7.60852639783348
0.0	2.0	7.539376468407635
0.0	2.0	7.9394187145100545
0.0	2.0	7.784611453789138
0.0	2.0	7.784673462371673
0.0	2.0	7.563441683143205
0.0	2.0	8.168584493114604
0.0	2.0	8.205465901475222
0.0	2.0	7.810173671407764
0.0	2.0	7.591355296248362
0.0	2.0	7.519826292580324