0.01	0	0.22170075193944622
0.01	0	0.08921446168510161
0.01	0	0.15155264314734138
0.01	0	0.16962275095284027
0.01	0	0.16539759444418212
0.01	0	0.13592010801457902
0.01	0	0.17256167312241869
0.01	0	0.11632364114520229
0.01	0	0.23068010361147284
0.01	0	0.24042853517207735
0.01	0	0.2507921564643264
0.01	0	0.18445479739063225
0.01	0	0.21946230493546598
0.01	0	0.19171598600076398
0.01	0	0.14576460417665618
0.01	0	0.2643253162744647
0.01	0	0.16539191910943088
0.01	0	0.12778413294951957
0.01	0	0.24599367170701314
0.01	0	0.15308562374009538
0.01	0	0.20618038330974534
0.01	0	0.20047463325120762
0.01	0	0.15934914901409633
0.01	0	0.13506342194171778
0.01	0	0.2536741999647126
0.01	0	0.19587845267545714
0.01	0	0.1686870726712587
0.01	0	0.24564948229571854
0.01	0	0.12118827514549056
0.05	0	0.803522014435227
0.01	0	0.21592564273398357
0.01	0	0.15363381073839405
0.01	0	0.1724918354930447
0.01	0	0.17842908236027122
0.01	0	0.2529051716229642
0.01	0	0.14866748239089933
0.01	0	0.15756455873672315
0.01	0	0.2029403647725877
0.05	0	0.8012965819720559
0.05	0	0.7919725977336138
0.01	0	0.26161608154183685
0.01	0	0.13046943470346076
0.01	0	0.13529154376225377
0.05	0	0.8003944520310813
0.01	0	0.060358244546765805
0.05	0	0.7358639741777873
0.01	0	0.21117550300299068
0.05	0	0.7748101473104911
0.01	0	0.19755957876917762
0.01	0	0.11756341418659312
0.01	0	0.24297785938373057
0.01	0	0.10619034605656981
0.01	0	0.22570495631895493
0.01	0	0.19994820046508854
0.01	0	0.15515609823978535
0.01	0	0.23983670278048858
0.01	0	0.1252443281552553
0.01	0	0.18045225176678076
0.01	0	0.18304689846138797
0.01	0	0.159483014343812
0.01	0	0.12083591086031811
0.01	0	0.20355100816666663
0.01	0	0.20814537275953493
0.01	0	0.20053635619013355
0.01	0	0.19952093071899055
0.05	0	0.7420111490556099
0.05	0	0.7779268602274423
0.05	0	0.7663823651495034
0.01	0	0.23838856237868264
0.01	0	0.1980011139140756
0.01	0	0.1834906499402511
0.01	0	0.22110996737457772
0.01	0	0.08129542815966653
0.01	0	0.18813665268184024
0.01	0	0.12015632532839553
0.01	0	0.12409862698647475
0.05	0	0.7535419377298496
0.05	0	0.8347589541654203
0.01	0	0.19331012855527213
0.05	0	0.8744836804758042
0.01	0	0.13784511924782333
0.01	0	0.1673139947776205
0.01	0	0.2218649851332394
0.05	0	0.8823702593484717
0.01	0	0.20029177492100256
0.01	0	0.07500283845012867
0.05	0	0.8480617327568536
0.01	0	0.19439332272378107
0.01	0	0.16691654757948826
0.05	0	0.7987219781689832
0.05	0	0.7653900576678937
0.05	0	0.7741884387658817
0.05	0	0.7497834584774894
0.05	0	0.8038621516639386
0.05	0	0.7935919577499372
0.01	0	0.23893447593528813
0.05	0	0.8622133896951559
0.05	0	0.8320119530514221
0.05	0	0.7999056290676059
0.05	0	0.7818074923222945
0.01	0	0.11318936346580016
0.01	0	0.1903532968510648
0.05	0	0.7735185611390167
0.05	0	0.7441001290049988
0.01	0	0.2870043734236797
0.01	0	0.1404896442577136
0.01	0	0.19928534316803678
0.05	0	0.7383965076002912
0.01	0	0.1738031672061843
0.05	0	0.7833008005958126
0.1	0	1.6835935122824732
0.05	0	0.8791241612254664
0.01	0	0.19252461344381194
0.01	0	0.1901638570103111
0.05	0	0.7514872084554829
0.05	0	0.7539296850583557
0.01	0	0.11735392112125881
0.01	0	0.20766956810589832
0.05	0	0.7689389926321428
0.05	0	0.7866604309917277
0.05	0	0.8607777225974934
0.05	0	0.7799082574654668
0.05	0	0.8327232151309344
0.1	0	1.8364910924465638
0.1	0	1.8183239528921777
0.05	0	0.7764199027204518
0.01	0	0.20053526318353818
0.05	0	0.8218906295773255
0.05	0	0.8740174974120266
0.05	0	0.8171449086751768
0.1	0	1.6307434431925913
0.05	0	0.8483576428653945
0.1	0	1.767273969839252
0.05	0	0.7481608154452486
0.05	0	0.7693574220254619
0.1	0	1.7396788757174015
0.01	0	0.20600463087589493
0.05	0	0.736592701418132
0.05	0	0.720124375183876
0.05	0	0.8577046847177828
0.05	0	0.8166702175366187
0.05	0	0.8224561286445694
0.05	0	0.7574575024995421
0.01	0	0.21196435136970967
0.05	0	0.7744763009375878
0.05	0	0.8106146796786462
0.05	0	0.799304602312856
0.01	0	0.12933264500524141
0.05	0	0.7907627600116267
0.05	0	0.7786661061867608
0.05	0	0.903268239442597
0.05	0	0.7195793441387257
0.05	0	0.8277737948482534
0.05	0	0.8565272204732715
0.05	0	0.7021307733006107
0.01	0	0.19064785600110273
0.05	0	0.8304946640817589
0.1	0	1.6158792653947334
0.1	0	1.6837639702882636
0.1	0	1.79240692919237
0.05	0	0.7718200057077249
0.01	0	0.24674919936275042
0.05	0	0.8125869324551084
0.05	0	0.7492468797646079
0.05	0	0.8006707443917872
0.05	0	0.7994758327924647
0.05	0	0.7568005378704147
0.05	0	0.7974718930596723
0.1	0	1.67327916016287
0.05	0	0.778331145130135
0.1	0	1.698922979139469
0.01	0	0.21582012042834345
0.05	0	0.7613971698109581
0.05	0	0.7937347323814624
0.1	0	1.639951923109734
0.05	0	0.7855564049866275
0.1	0	1.746856636101773
0.05	0	0.7284054275664781
0.05	0	0.8418812332323015
0.05	0	0.8227163239024441
0.1	0	1.7121300359670193
0.05	0	0.6999876088945878
0.05	0	0.8728420132777099
0.1	0	1.6830350912450667
0.1	0	1.7209213094878708
0.1	0	1.751115000983353
0.1	0	1.7041543564134987
0.1	0	1.7133860248333301
0.1	0	1.6664043731975964
0.05	0	0.7150049065843842
0.1	0	1.7677188815379599
0.1	0	1.6551855239369655
0.1	0	1.7030864362717832
0.1	0	1.6465773230395169
0.1	0	1.7064446520676468
0.05	0	0.8168295901173315
0.1	0	1.6746813964476808
0.05	0	0.7852674569973946
0.05	0	0.8445125054052057
0.1	0	1.824374233357871
0.05	0	0.8152336591337833
0.1	0	1.6731430155322977
0.05	0	0.8304685153717629
0.05	0	0.8259687670627202
0.3	0	5.113189075163285
0.05	0	0.7790814650885723
0.1	0	1.7219846798110845
0.1	0	1.7247093941028573
0.1	0	1.7668594466946261
0.05	0	0.7992114605938162
0.1	0	1.6873908257648564
0.05	0	0.664917712522798
0.1	0	1.6915605925611108
0.1	0	1.5976293113062257
0.05	0	0.7287310185333473
0.1	0	1.7670342347094428
0.1	0	1.7373967025143324
0.3	0	5.10467297063388
0.3	0	4.978963877261417
0.1	0	1.676706320013322
0.05	0	0.7663999297670456
0.1	0	1.6523838597178158
0.3	0	4.996086554080212
0.1	0	1.6393624160226528
0.1	0	1.7571832131759324
0.1	0	1.7306717760498238
0.3	0	5.028803967724529
0.1	0	1.6621105658936652
0.3	0	4.998982671968701
0.1	0	1.710051178250329
0.1	0	1.7474610146325784
0.05	0	0.7539763394286241
0.1	0	1.8545157629304303
0.1	0	1.6483253767133292
0.1	0	1.6394403289946138
0.1	0	1.718550122456805
0.1	0	1.7284721730143238
0.05	0	0.8139206046347847
0.1	0	1.6970981691776652
0.1	0	1.7449144439541826
0.1	0	1.8120265539105291
0.05	0	0.7840144486928196
0.1	0	1.7219049530892716
0.1	0	1.6777180245068362
0.1	0	1.6543964158580564
0.1	0	1.7205483916360576
0.1	0	1.712382837396948
0.1	0	1.7878353425102944
0.1	0	1.6965137495077023
0.05	0	0.8333362974534118
0.3	0	5.174277999303785
0.1	0	1.694626968989791
0.3	0	4.993217247193264
0.3	0	5.029435728224068
0.01	0	0.23004083066763256
0.1	0	1.7329098856294185
0.1	0	1.6064396322187955
0.05	0	0.7916160488749099
0.1	0	1.7483557732670356
0.1	0	1.8261991235553212
0.1	0	1.716070686221893
0.1	0	1.6990245662597765
0.3	0	5.009189048545428
0.3	0	4.956622060747883
0.1	0	1.722312714482609
0.1	0	1.6578002048618514
0.1	0	1.6425934363942916
0.1	0	1.638710163429155
0.3	0	4.968673591909908
0.05	0	0.8102816023124555
0.1	0	1.7994802619076917
0.3	0	5.15336906922506467
0.1	0	1.6549206831223495
0.1	0	1.5672741290862315
0.1	0	1.6150807614764269
0.3	0	5.181189805469236
0.1	0	1.7725553952523336
0.1	0	1.6636821400340844
0.3	0	5.1558315258179706
0.3	0	4.805200832281439
0.3	0	5.055192842761847
0.3	0	4.974802313121758
0.3	0	5.055649599452357
0.3	0	4.872024614978512
0.3	0	5.171001599555927
0.1	0	1.7180375720951058
0.3	0	5.132626854870621
0.3	0	5.066888396611261
0.3	0	5.128988380941645
0.3	0	4.970471939136845
0.1	0	1.7030646350687904
0.3	0	5.125239248699199
0.1	0	1.7103185155488037
0.3	0	5.066020393369474
0.3	0	4.876222981946429
0.1	0	1.6696963027204286
0.1	0	1.7603499986797388
0.1	0	1.6477687695618088
0.1	0	1.7788474564983492
0.1	0	1.7394314598080989
0.3	0	4.996306977153917
0.3	0	5.070118878343814
0.3	0	4.976985499123483
0.1	0	1.6855397583502256
0.3	0	5.391911699516317
0.1	0	1.6504284009779362
0.3	0	4.854885132685658
0.3	0	5.156561701684626
0.3	0	5.017529422562525
0.3	0	4.912833142932773
0.3	0	5.1419927895070865
0.1	0	1.7674117176631299
0.1	0	1.7638351587726584
0.3	0	5.0929383986335655
0.3	0	5.019470460758758
0.3	0	5.185162936241091
0.3	0	5.083683243792861
0.3	0	5.0301812118492935
0.3	0	5.248701286314509
0.1	0	1.8164196111831183
0.3	0	5.143307458804918
0.3	0	5.291867925122724
0.3	0	5.098867774356733
0.01	0	0.1592861188493376
0.3	0	5.065032240815075
0.3	0	5.188610287343718
0.1	0	1.8056292258127447
0.3	0	5.027853303071905
0.3	0	5.354436831785415
0.3	0	5.067793271205152
0.3	0	5.1312668242439905
0.3	0	5.105565751053887
0.3	0	5.0890229261599895
0.1	0	1.6779972366865334
0.3	0	5.030598645142753
0.3	0	4.9249362269158725
0.3	0	5.105782161365105
0.3	0	5.303570240077586
0.3	0	4.961714102717217
0.1	0	1.6766288609450002
0.3	0	4.848373528668186
0.3	0	5.1598731626074885
0.3	0	4.831349894502086
0.01	0	0.22124271376463353
0.3	0	5.051731710047009
0.1	0	1.7503559275796396
0.05	0	0.8115071939266602
0.3	0	5.153255201979784
0.3	0	4.984646223598975
0.3	0	5.171788519735124
0.3	0	5.272707519372991
0.3	0	4.990339163965973
0.3	0	5.0050953265269245
0.3	0	5.141435804619716
0.1	0	1.6982605037118106
0.3	0	5.168492016011054
0.3	0	4.9200396118754535
0.3	0	5.084649776886258
0.3	0	5.00557032966117
0.05	0	0.6928012185743675
0.3	0	4.931854134634811
0.01	0	0.1407986138454894
0.01	0	0.12528581681636292
0.3	0	5.171968313651692
0.3	0	5.118763513255617
0.3	0	5.086498114342526
0.3	0	5.029049272359475
0.3	0	5.140942030960105
0.3	0	5.062731161848658
0.3	0	5.140160243422355
0.3	0	4.893493808105743
0.3	0	5.156106037106079
0.3	0	4.982356775870547
0.3	0	5.410871473274039
0.3	0	4.83819445821612
0.3	0	4.975871357671085
0.3	0	4.993726971486799
0.3	0	5.1989782734394145
0.3	0	5.1803234636436954
0.05	0	0.7775789285770554
0.3	0	5.251007732681407
0.3	0	5.069539760250786
0.05	0	0.8007773099425516
0.1	0	1.6441774274865146
0.3	0	4.98017156583234
0.1	0	1.6677714707232614
0.05	0	0.8028404213435786
0.05	0	0.8733724141471442
0.1	0	1.6903659882875939
0.3	0	4.967394113514712
0.1	0	1.7511231638120208
0.3	0	4.933071767331663
0.1	0	1.7593423989667212
0.1	0	1.7614970067234552
0.3	0	5.272350902866228
0.3	0	5.051775064662977
0.3	0	5.191482086375045
0.3	0	5.2523899219911145