 -0.00008255364431354  0.00080963257608043  0.00191471146946451  0.00352633844120828
  0.00568495786521934  0.00834854183469333  0.01153055975786913  0.01512118968102632
  0.01908933035074843  0.02352673717192346  0.02837263607219123  0.03356643916032290
  0.03907808591429029  0.04510032596350980  0.05153025552656829  0.05817354869377436
  0.06502343961551399  0.07220888770174604  0.07964288816451391  0.08719067747638862
  0.09481153072349491  0.10273252489838185  0.11105318361956079  0.11963356146360077
  0.12827720492197189  0.13685022419836240  0.14545192887153613  0.15415966169775230
  0.16310057323120100  0.17260611411489193  0.18223689561134940  0.19189772976254757
  0.20198280654073339  0.21225408989978028  0.22254903836706438  0.23293601631511535
  0.24359549129694802  0.25427149831644963  0.26477575583255991  0.27529472606057581
  0.28586242348686930  0.29646044955748735  0.30714078435684972  0.31800623457139426
  0.32881569352341683  0.33956632976292189  0.35028432651675495  0.36109439183090364
  0.37195026755825161  0.38278357725705281  0.39358624705496092  0.40431548517435140
  0.41494728327935143  0.42573690410733650  0.43717650251661661  0.44844487763173585
  0.45994780007370173  0.47162755369621395  0.48334776475483110  0.49516989373190257
  0.50712158467644808  0.51923771784726513  0.53159081330414282  0.54385158760498198
  0.55642938177866574  0.56912930239923487  0.58172691511298014  0.59436559338931538
  0.60743486125285839  0.62079269844335028  0.63415156510318782  0.64752519538018838
  0.66082266194406392  0.67400352614592451  0.68712348165866421  0.70038794469756149
  0.71405921362732916  0.72817432579704822  0.74222920642419787  0.75605356856630412
  0.76997793255210445  0.78429420134792394  0.79873974193881836  0.81333926832201586
  0.82805967794357416  0.84290227272676654  0.85843408808132715  0.87380778770686618
  0.88899968865120138  0.90419615058613712  0.91967949250836989  0.93537899860891649
  0.95137196746681241  0.96750495322150132  0.98370528246453404  1.00000000000000000
 -0.00244483182407081  0.00972630840713576  0.02012997775495667  0.03037474367551244
  0.04091260894941539  0.05140285333302572  0.06174971369023596  0.07187743102091619
  0.08221060770425388  0.09296329896284883  0.10418574332553587  0.11511838808437526
  0.12589393590205078  0.13607021627684429  0.14634394058382033  0.15685970773580099
  0.16764494652467260  0.17861174866521673  0.18941189957603868  0.19971754272566616
  0.20989444837820403  0.21987793932936592  0.22994348353328548  0.23984814237390742
  0.24964436101603110  0.26001955730672321  0.27059691256173962  0.28095818654733229
  0.29141195470787673  0.30157863873779622  0.31193503290241886  0.32259973322269647
  0.33352534609726198  0.34443039989954194  0.35498669840779373  0.36554249869075428
  0.37612880416150052  0.38660743550932952  0.39724487033344857  0.40840661104683890
  0.41983238709199988  0.43098289317001209  0.44173866426393193  0.45230666482247522
  0.46286115868491040  0.47343501676605720  0.48418916630016845  0.49497593277307184
  0.50559637609045305  0.51625444301837276  0.52702204627366533  0.53768406552527293
  0.54792968354475369  0.55819222740799246  0.56862497819499891  0.57905549295507353
  0.58901403732034197  0.59906472680077438  0.60925094435583282  0.61949763772228605
  0.62968353343532646  0.63985955683831697  0.65045481027434349  0.66135244853405895
  0.67247696398767964  0.68373802990269050  0.69486207789236876  0.70566079152034755
  0.71629677287084126  0.72678313294422936  0.73730116005756619  0.74787036574537502
  0.75860723877548530  0.76932343995823893  0.77975425466159942  0.79011279317222149
  0.80039313555664293  0.81083723936267627  0.82095760505338145  0.83139868847323817
  0.84159801179328397  0.85180442321771943  0.86180797350616190  0.87183421041183817
  0.88183269486571625  0.89185309337865604  0.90214806332578357  0.91239713443823833
  0.92271513487001033  0.93318737119226824  0.94415127820855527  0.95538563838867463
  0.96682763744691480  0.97852329566912843  0.98922632949683509  1.00000000000000000
 -0.00350170742496684  0.02156188279467999  0.04048555694684543  0.05718279192727478
  0.07239922691384017  0.08663309126502540  0.10014800517766886  0.11298575872451187
  0.12538448126239388  0.13751234935608334  0.14895087563987350  0.15957218908510212
  0.17012835965766243  0.18097082633884437  0.19189369090190331  0.20270980879640035
  0.21353211051489093  0.22428595076190255  0.23466042228577796  0.24466423031021942
  0.25471694488983770  0.26504335879003188  0.27557111256052519  0.28604113333199255
  0.29619639189007702  0.30622349072775246  0.31588040343302792  0.32490775192218335
  0.33443767442122224  0.34398007184704105  0.35350517798337616  0.36257284268768969
  0.37132820231894359  0.38047787646031289  0.38948492490467956  0.39849316024156434
  0.40733712214739226  0.41623039708807630  0.42493691575460446  0.43343117031563261
  0.44193962052376484  0.45028853269888869  0.45865478546319155  0.46731834432751135
  0.47619872533335855  0.48538311412188295  0.49447766791024811  0.50341992802692015
  0.51215267527182173  0.52092180400936572  0.52965496180218175  0.53850516248797076
  0.54761933420624920  0.55697174753615220  0.56609621013164735  0.57497656454603041
  0.58381691201492059  0.59266450493451950  0.60129393531202624  0.60961132107254801
  0.61773117432812186  0.62610210371118891  0.63512387944930115  0.64456947490828875
  0.65443976189857656  0.66437309941399680  0.67425442331047447  0.68427596579058048
  0.69457549619875103  0.70505136597385354  0.71455129768943904  0.72396880551152831
  0.73369892788592239  0.74372279380460771  0.75341697391517481  0.76262375418593253
  0.77176043961065033  0.78117216705652925  0.79084359894055112  0.80051430060403272
  0.81008494934598074  0.81966322937377112  0.82961674267054675  0.84012476674030756
  0.85092774185979692  0.86172818123277994  0.87278277759224365  0.88446090847515013
  0.89646606042613508  0.90860672232011142  0.92074040971866733  0.93285153370962726
  0.94564461212611117  0.95975066959732291  0.97750749912696366  1.00000000000000000
 -0.01482293399257708  0.10712203048012331  0.17728562620078150  0.21992290352619803
  0.24838714600473971  0.27089658132967470  0.29027655853914069  0.30771724317701721
  0.32364029858181592  0.33815980040613985  0.35168871563737669  0.36467311451262074
  0.37684601385390443  0.38799971032264069  0.39898495300058301  0.40987512640363499
  0.42027492006261513  0.43030800831337762  0.44021366815888990  0.44982147530294458
  0.45908982940243881  0.46806187168229252  0.47679253155225776  0.48521652305037627
  0.49334610536576068  0.50133678891211608  0.50935799391642023  0.51731935785745942
  0.52487419841434024  0.53198966622615873  0.53887733372585778  0.54556594530681668
  0.55196384771174722  0.55849367080755885  0.56502924321690218  0.57163367623839290
  0.57801743570840314  0.58438427815026295  0.59072345347348199  0.59704985295325375
  0.60336315756735470  0.60968955735678620  0.61604929927496010  0.62229884945170966
  0.62826851827345542  0.63400233115968385  0.63968782472592489  0.64541855254362390
  0.65111162024405378  0.65669605231302541  0.66236995844971125  0.66799836242263910
  0.67363291173095452  0.67915026603780460  0.68452087030662134  0.68970617434640302
  0.69474352072923851  0.69977271176422873  0.70486878402239539  0.70998587053207529
  0.71513693230447795  0.72031342524555975  0.72546740422110034  0.73052546923224748
  0.73540023444768154  0.74014413867103102  0.74477747002239592  0.74951796997172471
  0.75438925085379105  0.75936776285560681  0.76439381534310125  0.76938932636278556
  0.77438844229732995  0.77955333944716831  0.78475935725643442  0.79014466503048231
  0.79563579020312258  0.80113586411483795  0.80657071741975583  0.81203292530192661
  0.81766344984171357  0.82346237157756130  0.82932494882199970  0.83520682709280913
  0.84116009778637357  0.84730470876632524  0.85373566050056870  0.86064901663958926
  0.86810931151641313  0.87606153592517877  0.88504684826998992  0.89505564745092225
  0.90684541040774902  0.92198487296037068  0.94596041690886912  1.00000000000000000
   9.3271951288775997E-004  -1.0000000000000000     
 T T T T F F F F F F F F T T T T F F F F F F F F F F F F F F F F
  <DiscreteSampler_grid>
  grouped_processes
  1 # 1 for a reference and 2 for a running grid.
  10 # Attribute 'min_bin_probing_points' of the grid.
  1 # Attribute 'grid_mode' of the grid. 1=='default',2=='initialization'
  0.0000000000000000 # Attribute 'small_contrib_threshold' of the grid.
  0.5000000000000000 # Attribute 'damping_power' of the grid.
 # binID   n_entries weight   weight_sqr   abs_weight
    10   10   1.562141069185437E+009   2.467691834002943E+018   1.562141069185437E+009
  </DiscreteSampler_grid>
