 -0.00000004149467625  0.00001245661148003  0.00002814558786201  0.00004301385755806
  0.00005729881162904  0.00007157152707952  0.00008609142093421  0.00010110651553600
  0.00011682734882180  0.00013290598183900  0.00014917009998604  0.00016571613504060
  0.00018310107605850  0.00020147906844294  0.00022071045992258  0.00024119980601131
  0.00026280405801163  0.00028566709456491  0.00031017014380107  0.00033546509311039
  0.00036190490475514  0.00038969225633576  0.00041876789730564  0.00044972438255411
  0.00048216870563352  0.00051586224949281  0.00055064112148530  0.00058700370940995
  0.00062514288753888  0.00066480396384996  0.00070673376175375  0.00075085058354875
  0.00079745264912179  0.00084554055468076  0.00089552353133398  0.00094789788492054
  0.00100273852850053  0.00105989817414865  0.00111842449523908  0.00118058565779067
  0.00124642177520269  0.00131574438274813  0.00138823032197869  0.00146314926721569
  0.00154022754722225  0.00161961609509643  0.00170151991861216  0.00178938574776981
  0.00188257611670831  0.00198201498700306  0.00209210988465543  0.00220211394503026
  0.00231477988220705  0.00243054540327282  0.00255064864560189  0.00267188070228085
  0.00279757828075882  0.00292997145644324  0.00307651773723332  0.00322949486624461
  0.00338826061260828  0.00355555192678698  0.00373013465759345  0.00391465123842423
  0.00410764651585528  0.00429909296094608  0.00450278659431608  0.00470794830039638
  0.00491534083271076  0.00513619977957955  0.00537397016831993  0.00561840947183697
  0.00590809981984705  0.00622306907029837  0.00657655685006003  0.00695191535943852
  0.00734614006503885  0.00779788613824371  0.00825847560247821  0.00877043458483947
  0.00930056385324432  0.00986320854233634  0.01051546016359145  0.01134436241087949
  0.01245535372793050  0.01362331816579429  0.01463251219875967  0.01564818372183297
  0.01659439139804958  0.01773335142972413  0.01909942724815868  0.02088718679471439
  0.02323519285960759  0.02687914146206885  0.29799270695176971  1.00000000000000000
 -0.00249898475972451  0.00952172560346456  0.01979799187359026  0.03038733733749188
  0.04082685535297281  0.05110824829952202  0.06132685755954662  0.07159841655157780
  0.08181012806660659  0.09208928221268883  0.10248932894210876  0.11294788149543201
  0.12316443324404888  0.13362782124804254  0.14397514084473306  0.15462585200773041
  0.16533692804268182  0.17618430012283190  0.18711121770999306  0.19759053799125059
  0.20804173711747134  0.21840331881865652  0.22886338965309053  0.23933842121091872
  0.24983409890525513  0.26039916429594540  0.27110048515672402  0.28196415906693306
  0.29283258417024960  0.30356197844267663  0.31445587437957062  0.32536944364999759
  0.33623102085187628  0.34683858346324953  0.35751761727712622  0.36820184653773513
  0.37880923480908435  0.38931539620252220  0.39985762059243857  0.41062124656565191
  0.42125579138174463  0.43198245370309230  0.44259444850679119  0.45330222711066220
  0.46373609937636390  0.47405156234056600  0.48444062317516046  0.49501355725800317
  0.50573486041040028  0.51630559351726035  0.52696569538213101  0.53761550515515011
  0.54828345921267596  0.55901253262386830  0.56964013702443994  0.58019233629813771
  0.59064471398950058  0.60121731484142793  0.61192397385445052  0.62252460001958787
  0.63308598599514854  0.64366409862580909  0.65436506551168372  0.66539963652561862
  0.67664974304918635  0.68783236432741901  0.69882456777828628  0.70950484501020272
  0.72016149576465416  0.73060600375956553  0.74095672593854822  0.75136800014298566
  0.76196493419985101  0.77265523938530367  0.78303352967914430  0.79329681526950024
  0.80367525616451274  0.81405349129413207  0.82444970120790484  0.83460169020953245
  0.84473232397943521  0.85480305128291945  0.86473510680368926  0.87484116958945868
  0.88494944379598550  0.89533261461928693  0.90558204004248344  0.91588217817977879
  0.92630550413848678  0.93670667633659621  0.94744500809732113  0.95797308896350042
  0.96874593679653709  0.97916588613619471  0.98963475375736543  1.00000000000000000
 -0.00393771429673373  0.02317934748666912  0.04241253278825746  0.05889285791637403
  0.07382584404661671  0.08791069135995630  0.10157983928523111  0.11458949724008621
  0.12711368752882904  0.13932674799537578  0.15135430609259204  0.16308764068080125
  0.17442577679924148  0.18550779724704081  0.19630635559503334  0.20688102389381624
  0.21716887599842422  0.22738495777487064  0.23756966687390091  0.24770148704790254
  0.25768969031989480  0.26754589693012748  0.27721736505188777  0.28674692453955103
  0.29614540120757910  0.30546051340196889  0.31472674147632101  0.32393339425799506
  0.33305365681047605  0.34212193538248026  0.35122160262898328  0.36036244010982732
  0.36944060981331628  0.37833353233898093  0.38711253546234348  0.39583524776042256
  0.40445389497636891  0.41309922716782843  0.42186294591880674  0.43065638188910349
  0.43933473672868373  0.44785657302104648  0.45635451493106094  0.46493384480807576
  0.47357096678705424  0.48212581212451167  0.49060572748814119  0.49903430825554873
  0.50743718811849503  0.51603305692511203  0.52457594859302226  0.53327957367025558
  0.54176427205491162  0.55038295139614746  0.55894733073046421  0.56750179089580133
  0.57598681884807046  0.58446339193644281  0.59299899291968583  0.60157516309386327
  0.61009919830069148  0.61854627172869681  0.62701769104369620  0.63562651030615003
  0.64436073165639596  0.65307075440211948  0.66165643310968336  0.67020946005882009
  0.67883065086090466  0.68748105460662945  0.69615783383829155  0.70476767802846951
  0.71335612863736331  0.72217173225998677  0.73108799267919589  0.74009046649849453
  0.74912165356543958  0.75837579608959771  0.76782973849343217  0.77727016460260556
  0.78674841356873892  0.79644669717463956  0.80640867994379173  0.81676221335816501
  0.82734575497940044  0.83800771176302791  0.84883500425481140  0.86005969154772888
  0.87194223104707780  0.88439272340858266  0.89735569716978381  0.91118336729906757
  0.92591815613431072  0.94305657965683831  0.96612750912619627  1.00000000000000000
 -0.02028576625082136  0.12252792254347383  0.16125606607979798  0.18449292772059170
  0.20236521950283792  0.21737192635224217  0.23058667685248213  0.24232448909620921
  0.25312559093806314  0.26305496439792758  0.27257048564552838  0.28144088700825892
  0.29000148408446541  0.29818584840669393  0.30601659415948473  0.31363915809236431
  0.32082497811510696  0.32795573956447349  0.33486718420872674  0.34145423541931313
  0.34784858959156795  0.35414750059316602  0.36040742171199669  0.36662515451581962
  0.37275048829751400  0.37875456244343048  0.38465173028081323  0.39054393387748115
  0.39636965912495670  0.40206833073398845  0.40767337815858179  0.41322222767115496
  0.41870304770420097  0.42407827823574817  0.42944406722970851  0.43473373129739801
  0.43991521947330470  0.44510862372253152  0.45025399979774305  0.45545463208520381
  0.46072564875171779  0.46599098437244507  0.47125039845508626  0.47646834661541826
  0.48164555783645391  0.48679978526810674  0.49190914845950734  0.49699231664683974
  0.50212466650512377  0.50720895344663230  0.51230564781018051  0.51740051125541175
  0.52253079268206104  0.52773456488637549  0.53297496007083378  0.53821029384553354
  0.54348128253302064  0.54881991759629378  0.55419417991472186  0.55958598503761225
  0.56499691663859042  0.57044467458418580  0.57594389175323035  0.58145111405829952
  0.58697531446406503  0.59255456261046058  0.59812581291958133  0.60373457265710473
  0.60941395991393033  0.61517835244246244  0.62103707560025478  0.62704220151916090
  0.63318808900325818  0.63935336394217890  0.64563137355951672  0.65213406005389962
  0.65874589228847169  0.66547226244921032  0.67230385841563101  0.67934954343323273
  0.68650663188701100  0.69405168349963231  0.70187236430040101  0.70993451266006791
  0.71844071976807156  0.72707982938503368  0.73649641326158322  0.74650516073648598
  0.75739888871021599  0.76943344009662396  0.78280894858982630  0.79806984776168921
  0.81625327757722099  0.83970153762229527  0.87883204723229436  1.00000000000000000
   2.5375002007278609E-002  -1.0000000000000000     
 T T T T T T T T T T T T T T T T F F F F F F F F F F F F F F F F
  <DiscreteSampler_grid>
  grouped_processes
  1 # 1 for a reference and 2 for a running grid.
  10 # Attribute 'min_bin_probing_points' of the grid.
  1 # Attribute 'grid_mode' of the grid. 1=='default',2=='initialization'
  0.0000000000000000 # Attribute 'small_contrib_threshold' of the grid.
  0.5000000000000000 # Attribute 'damping_power' of the grid.
 # binID   n_entries weight   weight_sqr   abs_weight
    10   10   1.638951816307067E+009   3.350219092676177E+018   1.638951816307067E+009
    16   10   1.638951816307067E+009   3.350219092676177E+018   1.638951816307067E+009
  </DiscreteSampler_grid>
