 -0.00000058675291426  0.00001150814028271  0.00002703955696243  0.00004032602933115
  0.00005352739509254  0.00006645898003198  0.00007974444798100  0.00009351116310096
  0.00010788095143425  0.00012268676549402  0.00013773504295725  0.00015294799410045
  0.00016881762695409  0.00018585373628773  0.00020434883791148  0.00022365622502431
  0.00024396064119368  0.00026524469939951  0.00028728304495494  0.00031004755394717
  0.00033393191063498  0.00035906255541281  0.00038560526633777  0.00041352536441986
  0.00044221166904916  0.00047200262175978  0.00050285157615701  0.00053542537239187
  0.00057066208053218  0.00060699471722996  0.00064458969994920  0.00068468326214805
  0.00072582431876807  0.00077000527745656  0.00081842453321378  0.00086999478772973
  0.00092242340444228  0.00097668877897589  0.00103196579662974  0.00108876397750726
  0.00114691423125568  0.00120780923670753  0.00127344330655661  0.00134071428749507
  0.00141221589652130  0.00148683125583359  0.00156754456804796  0.00165092507861052
  0.00173429229950920  0.00182178473255997  0.00191460986779542  0.00201344752078997
  0.00211373755853648  0.00221256541703337  0.00231369953113311  0.00241718952298124
  0.00252487705496609  0.00263529826509687  0.00275160579327155  0.00287083046649261
  0.00299496086766177  0.00312585865825940  0.00326806244954147  0.00343715479063664
  0.00362790698524211  0.00382579974224612  0.00403630138947831  0.00425772710720329
  0.00447647787507651  0.00470020196987884  0.00490131625773376  0.00510603202273788
  0.00531503462259309  0.00553357768820595  0.00576556733521926  0.00601734035213412
  0.00630690259399350  0.00661643094938379  0.00691426587274065  0.00722888711340989
  0.00754703621074087  0.00788225685145356  0.00824958963499060  0.00864892665002870
  0.00914659422671756  0.00992487537507255  0.01120209982614377  0.01295003062788542
  0.01423737114684334  0.01540401771431126  0.01707608080580692  0.01967400432849839
  0.02195134862390386  0.02718434477327817  0.35873832207730882  1.00000000000000000
 -0.00252683088480711  0.00965154557677666  0.01978832698769243  0.03013129252403732
  0.04059187310025342  0.05120914153843310  0.06181649364834704  0.07211921877019771
  0.08252863324873698  0.09294377528975992  0.10338852034085474  0.11380209685212805
  0.12435347518058847  0.13509352390958662  0.14600384439387351  0.15686395953240537
  0.16755296205010567  0.17797619179463073  0.18846807110713079  0.19894131856389649
  0.20938815524641585  0.21985968406175449  0.23041710271651336  0.24137207300330868
  0.25238944118261269  0.26342959884111505  0.27448739291887503  0.28534926696629548
  0.29613845455635629  0.30688084076668909  0.31749819314344047  0.32812079190489157
  0.33864062761261166  0.34919031068077983  0.35972736647031400  0.37040475977296744
  0.38142447740635760  0.39236484576844660  0.40308631680169421  0.41374037872902741
  0.42433392618865562  0.43491444926105077  0.44554456364825729  0.45614731618014565
  0.46677921671468942  0.47720915016956639  0.48796093252904665  0.49871503883599788
  0.50937717305605379  0.51996608730486282  0.53067352892756425  0.54146170089156520
  0.55187936778812019  0.56215086905363243  0.57232016487015758  0.58266071213490145
  0.59312135763647367  0.60342703926857544  0.61359818264361266  0.62357100886673500
  0.63360078867029035  0.64381333223861814  0.65406498998778817  0.66434245333168096
  0.67468078917262486  0.68494241105207110  0.69528244785491089  0.70553712681991343
  0.71583657891860364  0.72621649585732717  0.73662081535721768  0.74688063500689950
  0.75713549986711515  0.76733142752072969  0.77790093833659757  0.78820662738062686
  0.79868549097919572  0.80914459071254441  0.81986282093336660  0.83066351851495990
  0.84180149334085153  0.85278982590393493  0.86357173193571568  0.87420775389488625
  0.88505671111337725  0.89574998988981824  0.90610697646072880  0.91635562440964335
  0.92663441261296309  0.93704892528031625  0.94733776069878251  0.95750382788983057
  0.96789207533969912  0.97846785381044421  0.98919508773106457  1.00000000000000000
 -0.00395526336992682  0.02332987160677862  0.04306931379012516  0.05991044987358798
  0.07528928376771712  0.08942088462798826  0.10267691812392395  0.11547578779468307
  0.12771801676917838  0.13937168673031725  0.15066411993903620  0.16179659221315815
  0.17287106405296704  0.18396684476834144  0.19506723430735756  0.20593909293496290
  0.21653154954237655  0.22681221848973621  0.23684648589370527  0.24672448022289858
  0.25653137006251497  0.26618721250008703  0.27562787426811658  0.28485233394635784
  0.29401570493345724  0.30317132965903248  0.31233994974670520  0.32149930532346727
  0.33065475161163782  0.33977368870985758  0.34888741370618481  0.35796159825069351
  0.36692627876906908  0.37573526535486068  0.38440017944948374  0.39304184960148014
  0.40173122549103585  0.41048442258089168  0.41926535802450038  0.42801261040410543
  0.43672663203905004  0.44533711117803837  0.45386851223356345  0.46238480907889845
  0.47089441736322157  0.47943862792728809  0.48786978087126204  0.49629246935607013
  0.50466278401728648  0.51305854732545941  0.52142451256961719  0.52993729773286413
  0.53832819652726493  0.54702099716808605  0.55589898467565602  0.56473213400659472
  0.57339442891512582  0.58188912579059660  0.59025490437367134  0.59864310735087145
  0.60711060414582585  0.61565784605232299  0.62436420656238123  0.63322575844922124
  0.64218680489537650  0.65110747864565677  0.66002326211640161  0.66887583765113001
  0.67757356904111721  0.68627926696739516  0.69518520092709180  0.70426028873571145
  0.71331099785953234  0.72238693880013183  0.73141197773032707  0.74047742822301454
  0.74964081766612811  0.75884083002557634  0.76803564265173774  0.77724534656056421
  0.78652348877287881  0.79609840136765453  0.80595987271083736  0.81593958601722316
  0.82618597781167114  0.83672200661795304  0.84790878573697859  0.85950078839167943
  0.87130265826230968  0.88360591051848780  0.89639272578745410  0.90973824135438164
  0.92423251565337416  0.94147976425368385  0.96466269976040642  1.00000000000000000
 -0.02028638363597365  0.12114327607021515  0.15986856332542784  0.18319306795266405
  0.20150705117510326  0.21676566505508610  0.23011816879856617  0.24183613539804943
  0.25274450434148726  0.26279531653916210  0.27255935140512777  0.28156810034297336
  0.29024090289957216  0.29845209057062400  0.30626913592494465  0.31377681329634521
  0.32092627398669282  0.32798221618660384  0.33488651742744052  0.34153179696945857
  0.34803103571222799  0.35437727085783671  0.36056445907115359  0.36669325754759602
  0.37276964040667487  0.37867193723217107  0.38443669602051161  0.39018509099932197
  0.39586780350219608  0.40149532605793586  0.40706765131929162  0.41260966956384254
  0.41811129222014015  0.42356526258016286  0.42899726383585141  0.43433521669402347
  0.43969248068727779  0.44502249666934557  0.45038730374031100  0.45572048851867542
  0.46102241791086307  0.46623433307626760  0.47140979730726623  0.47655806075808554
  0.48165775954057050  0.48671342341152635  0.49173627712943779  0.49671426055310836
  0.50164142325518379  0.50655692640782990  0.51158471376886516  0.51661401608073698
  0.52172570264948737  0.52684464736473324  0.53196169567934437  0.53709661184980417
  0.54232779594055680  0.54764660891375094  0.55298551067354196  0.55832094088178608
  0.56371502082023184  0.56923938013134778  0.57484005985097320  0.58043836809114913
  0.58592806637797767  0.59148384392395015  0.59709397184679036  0.60283423491325294
  0.60864848071826705  0.61451942340863686  0.62044507688902306  0.62643737199262473
  0.63250155359356230  0.63862119850592003  0.64483737286386866  0.65124270339830892
  0.65777597123359710  0.66444704696178158  0.67128521684970888  0.67841093199095615
  0.68562786997241076  0.69326747184398807  0.70114556410837503  0.70927638061689668
  0.71784533159280450  0.72671870906460601  0.73640449471532698  0.74671161270931130
  0.75795169896840908  0.76995720159289727  0.78317015657722888  0.79819903435874906
  0.81634137530575834  0.83979643880211330  0.87847873443306157  1.00000000000000000
   2.5213439900538519E-002  -1.0000000000000000     
 T T T T T T T T T T T T T T T T F F F F F F F F F F F F F F F F
  <DiscreteSampler_grid>
  grouped_processes
  1 # 1 for a reference and 2 for a running grid.
  10 # Attribute 'min_bin_probing_points' of the grid.
  1 # Attribute 'grid_mode' of the grid. 1=='default',2=='initialization'
  0.0000000000000000 # Attribute 'small_contrib_threshold' of the grid.
  0.5000000000000000 # Attribute 'damping_power' of the grid.
 # binID   n_entries weight   weight_sqr   abs_weight
    10   10   5.836975429872656E+009   1.301869681496650E+020   5.836975429872656E+009
    16   10   5.836975429872657E+009   1.301869681496650E+020   5.836975429872657E+009
  </DiscreteSampler_grid>
