 -0.00000003945386203  0.00001506353788678  0.00003016649545117  0.00004460684831442
  0.00005868102072050  0.00007315325820249  0.00008841183258822  0.00010436391218026
  0.00012098542387176  0.00013846432269611  0.00015639547260505  0.00017524383788971
  0.00019515765634615  0.00021630965836201  0.00023889600438459  0.00026262733613022
  0.00028753007617375  0.00031353454176440  0.00034089956189115  0.00036988117921911
  0.00040045854707982  0.00043262707808434  0.00046611676166477  0.00050098030841129
  0.00053714468186516  0.00057486341091724  0.00061378892175554  0.00065433252353045
  0.00069645282574012  0.00074041928031486  0.00078693898565818  0.00083567546144159
  0.00088683402368128  0.00093981748198834  0.00099449111850999  0.00105072136513127
  0.00111049516991794  0.00117483715468862  0.00124170201651326  0.00131233093613306
  0.00138645425830590  0.00146369746209321  0.00154356533484813  0.00162538011254287
  0.00171121111860523  0.00179907421039366  0.00188885383534093  0.00198029638727158
  0.00207297409276081  0.00216842303303516  0.00227570977481399  0.00239123684828472
  0.00251467419310717  0.00264269026840909  0.00276996919688549  0.00289861050251766
  0.00303411950282325  0.00317646790912882  0.00332316790287292  0.00347408658322748
  0.00363177708432394  0.00379435709945842  0.00396452519854150  0.00414720953621638
  0.00433850134288548  0.00453333346243467  0.00474177671463385  0.00494822322225877
  0.00516269095678491  0.00539059252937504  0.00563820503331052  0.00590076041031251
  0.00617886109707804  0.00647662394390841  0.00679900657717956  0.00716934535364620
  0.00756286460850566  0.00794838832774872  0.00834461677692363  0.00878413200600152
  0.00926113165850232  0.00977236717028472  0.01034633013272489  0.01103714684037791
  0.01173971745551986  0.01266481655535198  0.01351096926907532  0.01441204699421466
  0.01534345096267107  0.01647730171023071  0.01786801381230655  0.01942569497747721
  0.02114792926788377  0.02417893464108721  0.31624222693424425  1.00000000000000000
 -0.00250783591258643  0.00947305754061672  0.01969480597678243  0.03027352146302806
  0.04089277309968015  0.05181812298813721  0.06269648304684708  0.07345273443263482
  0.08419651601128274  0.09486684992109630  0.10532851084905540  0.11552829306780656
  0.12588747083470536  0.13635054955702747  0.14693276728672297  0.15748602793579100
  0.16803476042625351  0.17868921161923262  0.18931618764277494  0.20004923809812392
  0.21066190123454395  0.22126460684958216  0.23180602826742641  0.24241627332731169
  0.25291871353885464  0.26354099249147173  0.27412276908959798  0.28493168457089912
  0.29559047898626628  0.30636182825940678  0.31696325888660754  0.32762319887945784
  0.33817646911145610  0.34876054225246816  0.35913333246462348  0.36943174725873257
  0.37978845593229776  0.39029273926518959  0.40083268925561188  0.41110728581804562
  0.42128367364597608  0.43155603463320447  0.44202627326707133  0.45242293014478702
  0.46275160637754170  0.47318193910876871  0.48350410516293951  0.49371566642018172
  0.50407883366316730  0.51480985262137147  0.52546065471454995  0.53609903613560350
  0.54689102545314761  0.55805143666715085  0.56889231623624115  0.57958731670632968
  0.59005745515670394  0.60079638061221030  0.61134416074393183  0.62203467858781192
  0.63247108447284428  0.64306407433020818  0.65377867771735054  0.66445830115217919
  0.67499847052579232  0.68540332918193447  0.69586044958065119  0.70642936516237276
  0.71695709847569422  0.72760121148381796  0.73833189390283793  0.74889477654151426
  0.75944973041017783  0.76985307287063032  0.78021744721830788  0.79051572652923896
  0.80086271264140985  0.81128402382778830  0.82182153786098577  0.83220915393927097
  0.84266443175912464  0.85312515535235378  0.86356568605039796  0.87408441755873145
  0.88445350661772948  0.89491578163715324  0.90520122805877268  0.91557464378416376
  0.92581828970741886  0.93616550866379311  0.94640582338196244  0.95666610564998777
  0.96731049489460541  0.97809184253568937  0.98910542832228232  1.00000000000000000
 -0.00466289701782964  0.02538263963744339  0.04627478587999181  0.06361956748632494
  0.07916337029687144  0.09361262983206360  0.10736330431087170  0.12051268511874323
  0.13302322038099679  0.14498632441993750  0.15654675857140576  0.16777479286768932
  0.17870763715953147  0.18945029723573645  0.20008357983379793  0.21054906750295654
  0.22080773899619840  0.23089680294501164  0.24084951703021773  0.25067211253272614
  0.26040646726561895  0.27008404285036719  0.27976450816294385  0.28937363252640264
  0.29876539238133010  0.30797357039435913  0.31705050581191968  0.32605643516885963
  0.33495681660182397  0.34362051797903553  0.35218399095482583  0.36073800071204326
  0.36928862201402690  0.37776303653081872  0.38616072776898136  0.39456258003505718
  0.40304905025880639  0.41154435522050803  0.41998173502437269  0.42831570547745174
  0.43661590428238983  0.44495449675527143  0.45333642024349957  0.46175406261469581
  0.47016646713929150  0.47856908504895546  0.48698050571205154  0.49546588852853118
  0.50387607846047522  0.51237564641661548  0.52085384415457991  0.52926168137901020
  0.53754852057320757  0.54584458986465800  0.55407202065948424  0.56234405897655237
  0.57055398356761178  0.57879306010343834  0.58713522618940472  0.59556031400550768
  0.60400588632386398  0.61239820005518097  0.62077013106702383  0.62921459726043150
  0.63770508602986287  0.64620891739916997  0.65475551879937666  0.66336065209654005
  0.67202295795495082  0.68072102142491564  0.68941743852408055  0.69815779996083516
  0.70697950533214104  0.71589325078003607  0.72493458831989632  0.73400352769898547
  0.74322116329119492  0.75242391420130350  0.76167985303348629  0.77102344033983383
  0.78056950474597286  0.79035922092513355  0.80031032159577475  0.81037844719745655
  0.82074617812835349  0.83143468428293021  0.84233885738583203  0.85363059780347361
  0.86529147485711755  0.87746771133778800  0.89027317190950561  0.90420014512882874
  0.91978002854014462  0.93772086369557994  0.96178477080637026  1.00000000000000000
 -0.02799252097175495  0.13574259786546622  0.17462323405170183  0.19748390129229784
  0.21487551493615828  0.22961670409892496  0.24224501468240078  0.25375431120017855
  0.26402280460634969  0.27381751837665569  0.28278624522098328  0.29149379191036145
  0.29971893783028764  0.30762925611484881  0.31518851440183654  0.32236729960982036
  0.32942493025342950  0.33624174045698896  0.34285204490597315  0.34933312881746037
  0.35563762973825735  0.36173720041928670  0.36777535560768460  0.37375605247098936
  0.37954515380274445  0.38518125089990235  0.39075341921619855  0.39626171796498316
  0.40166757836150502  0.40699468503475073  0.41229661793250327  0.41753064500551862
  0.42268010654794469  0.42781986937787464  0.43292498337605256  0.43796187441318218
  0.44296496125025808  0.44798055351799149  0.45302272722703080  0.45808383007584547
  0.46314673366479919  0.46815637019500123  0.47310919683714425  0.47803213741953493
  0.48294723047683763  0.48788728127949055  0.49283465558756895  0.49775483053110919
  0.50267282681718950  0.50754826712044943  0.51242149366927314  0.51724898832931687
  0.52209353662253011  0.52697977380907679  0.53191937118282284  0.53690294095532720
  0.54192178877217012  0.54696325543297242  0.55200618445728944  0.55705030414254197
  0.56212137595437850  0.56721705182187943  0.57231137559127621  0.57744292748538883
  0.58267648236461111  0.58797856817468230  0.59333451673804638  0.59871716464960534
  0.60414408018708099  0.60960368200758652  0.61509209013134092  0.62060786577159432
  0.62626745514118254  0.63215776384077993  0.63807987337822170  0.64409641587919164
  0.65029670588419308  0.65663507690618994  0.66310751938395951  0.66980794782894182
  0.67680480026155276  0.68391829070120769  0.69140040330058927  0.69925627873442675
  0.70743581833915115  0.71619988894456865  0.72525349021727303  0.73503767655091568
  0.74525334056974657  0.75660019945385515  0.76916419760777366  0.78373202319114044
  0.80116606275017210  0.82379780283255244  0.86198504720300795  1.00000000000000000
   1.2571113319445475E-002  -1.0000000000000000     
 T T T T T T T T T T T T T T T T F F F F F F F F F F F F F F F F
  <DiscreteSampler_grid>
  grouped_processes
  1 # 1 for a reference and 2 for a running grid.
  10 # Attribute 'min_bin_probing_points' of the grid.
  1 # Attribute 'grid_mode' of the grid. 1=='default',2=='initialization'
  0.0000000000000000 # Attribute 'small_contrib_threshold' of the grid.
  0.5000000000000000 # Attribute 'damping_power' of the grid.
 # binID   n_entries weight   weight_sqr   abs_weight
    10   10   2.884408893265494E+010   5.564477117721129E+021   2.884408893265494E+010
    16   10   2.884408893265494E+010   5.564477117721129E+021   2.884408893265494E+010
  </DiscreteSampler_grid>
