  0.00000262568057183  0.00001491991588186  0.00002737954921830  0.00004083509934009
  0.00005420234849813  0.00006741388648277  0.00008098222613213  0.00009506322270782
  0.00010961646676512  0.00012456030723260  0.00013981287503310  0.00015538116532860
  0.00017156234002985  0.00018867819380869  0.00020653250569745  0.00022547209236962
  0.00024530423922974  0.00026582760793605  0.00028743776492921  0.00031037575071561
  0.00033437372979560  0.00035988742637968  0.00038651667722465  0.00041406606011042
  0.00044304495278073  0.00047299802301662  0.00050407228933629  0.00053649895949112
  0.00057022805672600  0.00060582258708863  0.00064301002256369  0.00068218749101129
  0.00072323059198181  0.00076579922504649  0.00081136144233474  0.00085790567216888
  0.00090516493890129  0.00095482614825208  0.00100719478244511  0.00106226865887468
  0.00111945868548710  0.00117842539063289  0.00124224930863551  0.00130748501122207
  0.00137379090859180  0.00144232389719432  0.00151436254522567  0.00159078434523597
  0.00166995090250944  0.00175179228314409  0.00183888108589527  0.00193189615792995
  0.00202767896312241  0.00212480211396327  0.00222742903313338  0.00233460938256098
  0.00244581381094915  0.00256452027118488  0.00269247524826677  0.00283005094320264
  0.00297707623976773  0.00312768908872990  0.00327668008477930  0.00343245510777327
  0.00359238034747993  0.00374492295628736  0.00391017036166777  0.00408143044852269
  0.00426294569377442  0.00443587438674253  0.00464709104226219  0.00488865585567648
  0.00514792430861621  0.00543137203871800  0.00573882474032500  0.00604187949466084
  0.00637127051917965  0.00672252573676778  0.00713205546139624  0.00759727575852374
  0.00807095304277363  0.00855441507383990  0.00906952928660717  0.00961157972618143
  0.01019630696400072  0.01093768318599385  0.01159135874759466  0.01228492449846465
  0.01292020440144196  0.01353951457691912  0.01421885480702237  0.01512118413251121
  0.01614976773856226  0.01764049565549846  0.17267538504365529  1.00000000000000000
 -0.00246684314794032  0.00981527260306537  0.02017707203510960  0.03053114405993050
  0.04100855925166055  0.05114368644852168  0.06130105551664031  0.07144483807698458
  0.08181598234963093  0.09209196109768786  0.10253857139566720  0.11285884465931517
  0.12320969042484060  0.13338496992500282  0.14359834914613112  0.15413248737263965
  0.16494202756150717  0.17550411460375792  0.18608302132334070  0.19627729601776694
  0.20647034890938776  0.21666479339563691  0.22685459992430562  0.23719850545079688
  0.24734043139586037  0.25755390298222514  0.26753789477653861  0.27780684035115666
  0.28813325776206511  0.29859887237046157  0.30879123617407739  0.31922586591924090
  0.32989200134586300  0.34061294044451074  0.35140273378219072  0.36192481956172551
  0.37270495186596048  0.38349196301300609  0.39449860647977997  0.40502199409972384
  0.41534981636242191  0.42589068168850014  0.43669920782216182  0.44749649810528264
  0.45811318271541374  0.46862377002432842  0.47918394022781424  0.48999129003843600
  0.50085531335543165  0.51167249918085078  0.52254607953418686  0.53345912623746550
  0.54420492339286552  0.55479279515560209  0.56544481330390828  0.57619579861935388
  0.58692914667511842  0.59739002717546330  0.60776511295068469  0.61816349831491413
  0.62886485896712940  0.63948246310994306  0.64998972971026747  0.66041245924294467
  0.67103213335874035  0.68190468597772269  0.69262125154298082  0.70325309660591917
  0.71392223822163547  0.72465405048187592  0.73522570978995905  0.74569683741415604
  0.75611536807263047  0.76664226409917313  0.77688520270441286  0.78722161578917915
  0.79757488619137629  0.80797588783672025  0.81854239046950272  0.82883378528769025
  0.83936840966663351  0.84983269496794378  0.86071045777574173  0.87213687410576934
  0.88353893935049588  0.89475766280634628  0.90549589717548107  0.91615103720618041
  0.92663336315738687  0.93681168955680738  0.94719617919101229  0.95763912043723520
  0.96828120326425482  0.97877819277962697  0.98941935149417826  1.00000000000000000
 -0.00347058834360465  0.02259360076152159  0.04223208180966194  0.05897118988762517
  0.07421766594204712  0.08854355207724596  0.10215507886454241  0.11494597554410924
  0.12729174331438084  0.13926033825175599  0.15099217933892273  0.16242514746883213
  0.17366578479941627  0.18463157444351735  0.19543384956385682  0.20601724651066308
  0.21631968760776712  0.22642430886510564  0.23642064965442280  0.24632200467198379
  0.25608081675237820  0.26580701430049564  0.27534712316253868  0.28475497852244758
  0.29408218484035059  0.30343628247154264  0.31268550780594828  0.32187655508936264
  0.33098872434365328  0.34020065552446782  0.34935835042295205  0.35829632403521255
  0.36705727161052965  0.37578212848749676  0.38454328524201753  0.39336584329337421
  0.40225561685805378  0.41114246619502265  0.41999312435284686  0.42878544060700302
  0.43745778327749801  0.44605318356662094  0.45462694229121198  0.46313106698942769
  0.47164306725086597  0.48017225616992559  0.48868534880003295  0.49738348163781992
  0.50601062333003366  0.51457391703628141  0.52281281819147885  0.53092098162639922
  0.53902662963296444  0.54729121198889152  0.55558052847830497  0.56387860729323891
  0.57209509953385262  0.58021217853823071  0.58842002595510579  0.59672108357587772
  0.60514391920697708  0.61380370982615917  0.62253397032977997  0.63119468463442008
  0.63987227177888117  0.64866909407125217  0.65753917520691485  0.66631111232846707
  0.67502376751153603  0.68380426421434670  0.69262227344782579  0.70147550196560671
  0.71035478518375716  0.71931491383084201  0.72845841372893660  0.73773343610146169
  0.74716870237104893  0.75674759510896161  0.76645654812075403  0.77625485979471376
  0.78610529330514400  0.79613528571933867  0.80628204257719804  0.81668283813255083
  0.82762960564337706  0.83885217219763397  0.85005433927135465  0.86129672069146967
  0.87282670476536750  0.88501151185591143  0.89776236148244204  0.91177569493191191
  0.92736574413170469  0.94480022757507531  0.96654261858907375  1.00000000000000000
 -0.01936090181218945  0.12074305274827446  0.16016106861591892  0.18385098185730403
  0.20219192073776812  0.21749769163310786  0.23082639458290596  0.24273456455056969
  0.25370573287691928  0.26394008906647654  0.27368831654981279  0.28257024079785042
  0.29118894731783274  0.29910589751396810  0.30697921385360882  0.31456514386227480
  0.32193554039950917  0.32915656097220491  0.33617087606367574  0.34290457563491150
  0.34950182013309095  0.35592535875575543  0.36203335745037390  0.36810792023786892
  0.37410948412806255  0.38005470417201354  0.38594352989970598  0.39177879969246637
  0.39755114340215048  0.40325578850609145  0.40890010049549580  0.41448035393398724
  0.41999859582880439  0.42542978427000561  0.43090182522104165  0.43635849872711102
  0.44169072319874314  0.44690835880617297  0.45210791560274977  0.45726207819172060
  0.46245830241702035  0.46767444160598781  0.47289232989317903  0.47806744120420874
  0.48317239879242974  0.48823639184563034  0.49328136465664607  0.49830262810114728
  0.50328611996853956  0.50833512687081506  0.51342667091385663  0.51855114997299490
  0.52368589666664800  0.52879449558488201  0.53393719825745845  0.53911114619453593
  0.54427933384658200  0.54944255910070594  0.55456118954746481  0.55972694476259144
  0.56494615781288338  0.57024951493735720  0.57551931299259573  0.58076564140337017
  0.58621144385787982  0.59179029171838626  0.59744305075751247  0.60315815989543597
  0.60893042185314550  0.61475339337611590  0.62056820394163903  0.62643719499468697
  0.63256569551689801  0.63877914555241977  0.64511985480742906  0.65154489147428130
  0.65798885965845821  0.66459219402691960  0.67142597336542231  0.67859877483544995
  0.68582241949382927  0.69323568749815268  0.70087179290772217  0.70869452598129712
  0.71736212839872360  0.72628253744153370  0.73579865126076671  0.74588025430752780
  0.75676382141313980  0.76876133139267677  0.78200962938056606  0.79726171232440679
  0.81568304630289801  0.83945559982131490  0.87848547949918820  1.00000000000000000
   2.5309360110461993E-002  -1.0000000000000000     
 T T T T T T T T T T T T T T T T F F F F F F F F F F F F F F F F
  <DiscreteSampler_grid>
  grouped_processes
  1 # 1 for a reference and 2 for a running grid.
  10 # Attribute 'min_bin_probing_points' of the grid.
  1 # Attribute 'grid_mode' of the grid. 1=='default',2=='initialization'
  0.0000000000000000 # Attribute 'small_contrib_threshold' of the grid.
  0.5000000000000000 # Attribute 'damping_power' of the grid.
 # binID   n_entries weight   weight_sqr   abs_weight
    10   10   2.818224448398053E+009   1.280114352421297E+019   2.818224448398053E+009
    16   10   2.818224448398053E+009   1.280114352421298E+019   2.818224448398053E+009
  </DiscreteSampler_grid>
