 -0.00000099165858046  0.00001207396240378  0.00002795381331647  0.00004180229275319
  0.00005569541786974  0.00007005951153481  0.00008488638908958  0.00010033385875055
  0.00011646664569680  0.00013327743085049  0.00015072435467634  0.00016909295064675
  0.00018864671956435  0.00020920375649478  0.00023094551056473  0.00025367974132876
  0.00027764853401437  0.00030286686474477  0.00032940271179604  0.00035724443275329
  0.00038613181001869  0.00041654314014497  0.00044833853402325  0.00048151284890786
  0.00051610677887843  0.00055252173465839  0.00059052235393930  0.00063056167343470
  0.00067280744795578  0.00071662866656840  0.00076286734440204  0.00081063511499100
  0.00086057229109725  0.00091264982495677  0.00096705357054602  0.00102421353951396
  0.00108301877376239  0.00114423845711468  0.00120883554076439  0.00127586727406849
  0.00134615757091597  0.00141791618222007  0.00149334095658777  0.00157299496917165
  0.00165568299652634  0.00174182801747497  0.00183033987950119  0.00191990686167579
  0.00201297214827005  0.00211037749549928  0.00221198465773567  0.00231907816553744
  0.00242889006943187  0.00255331318909096  0.00268463609865419  0.00281994064363461
  0.00296173144317830  0.00310684301601355  0.00325457792573462  0.00340646068300725
  0.00356295435074006  0.00372396991339526  0.00389076449750953  0.00406395122676519
  0.00424436550635930  0.00443591602523425  0.00464515829236634  0.00488073324123699
  0.00511211302453940  0.00534195467084745  0.00558570677055349  0.00585021639576067
  0.00613423246062235  0.00642200004546417  0.00671074357590008  0.00701049915486862
  0.00732755749502761  0.00768497543065675  0.00803029343275057  0.00839574575079680
  0.00877097194898680  0.00916056442401003  0.00969344932634477  0.01020993305385569
  0.01074732249307027  0.01130105193902640  0.01208066857606774  0.01295097621219178
  0.01370279560038635  0.01462421389086313  0.01570643814929177  0.01703902344313757
  0.01903825056531562  0.03470591279977440  0.07113019580888048  1.00000000000000000
 -0.00240282519769249  0.00967020162534687  0.01976764690079128  0.03024137296706173
  0.04076819071314206  0.05144957332269425  0.06211510707295947  0.07258001724888595
  0.08304073711300626  0.09350254397878525  0.10392249352971619  0.11439785881453673
  0.12480364718843542  0.13537464943277810  0.14582604743708533  0.15645220028120596
  0.16699995971068865  0.17735889520739731  0.18792399254780950  0.19864385098357520
  0.20933127967404375  0.21993222832736811  0.23054702015818540  0.24144502231847981
  0.25218149294151521  0.26275023750039228  0.27337002291761520  0.28403314189547557
  0.29478971199763104  0.30526627599066980  0.31580690302041975  0.32631145760590169
  0.33695921285154706  0.34764347002834978  0.35819706789278033  0.36880341719895182
  0.37938098873897363  0.38990259215550238  0.40040165936891736  0.41079520495247313
  0.42134268506885714  0.43186291002937949  0.44251338536361617  0.45299078560300987
  0.46340174090811631  0.47371746747782678  0.48446370505046521  0.49524635501880770
  0.50601243614447300  0.51671491054489305  0.52754721036289054  0.53851329042794893
  0.54937843342354198  0.56023351767629281  0.57114879723802403  0.58190268883918206
  0.59256937729172909  0.60328845411320764  0.61422408926640326  0.62512291409221754
  0.63578882959454430  0.64631232024951801  0.65671828268818089  0.66716412625275856
  0.67755008116014792  0.68795437311598551  0.69846891085830543  0.70892242517218174
  0.71942479363460388  0.72988160916042599  0.74040490563043337  0.75080484306620798
  0.76124337005345644  0.77156515001418924  0.78181110104292861  0.79192137129563511
  0.80205104431474050  0.81218786321172487  0.82233492211278481  0.83249382190859889
  0.84278720519343964  0.85316303088113310  0.86354135998696935  0.87380082659459268
  0.88409938360020890  0.89455495590957024  0.90496032961372364  0.91549489797908734
  0.92595484144030571  0.93666103641533616  0.94714571907942924  0.95781086448813957
  0.96811894892031558  0.97869891966561451  0.98915630761578899  1.00000000000000000
 -0.00472239016134623  0.02560629366086316  0.04663446746796235  0.06412841088141592
  0.07968196786803862  0.09395115570416716  0.10736585207994834  0.12015468831619001
  0.13252328139945360  0.14458286723264296  0.15632801850325445  0.16768669091054203
  0.17870084872293954  0.18955450740814242  0.20034529357539144  0.21097326698192340
  0.22137263216221331  0.23165581255425244  0.24187241949072338  0.25192055615869835
  0.26177762062675125  0.27151441158950385  0.28112065983788920  0.29056114527382276
  0.29982777331364391  0.30895493095114474  0.31798898017277960  0.32691998867549382
  0.33574369388306535  0.34447756289425385  0.35318280274978309  0.36189594967096445
  0.37058584952217999  0.37924967633758250  0.38787789853928273  0.39646987249170967
  0.40506962812904512  0.41365944813259470  0.42218455190360565  0.43068312428214534
  0.43914124611303695  0.44755425748542926  0.45593569206808943  0.46421194208390393
  0.47232127037372212  0.48040952869695869  0.48851466089981366  0.49660494473406364
  0.50470793094995781  0.51278732494468460  0.52091884118628895  0.52912102471211653
  0.53724768299004111  0.54536092706457806  0.55354500799730466  0.56175738246489504
  0.57006743852853403  0.57853951312222940  0.58693141705288143  0.59530302393812851
  0.60363093510342924  0.61188586763486286  0.62013611424099391  0.62839192184587556
  0.63670478860965840  0.64510722384939012  0.65361310291614372  0.66216660049179255
  0.67082035013783770  0.67963238711203322  0.68852863910108431  0.69757341828618036
  0.70663133235778341  0.71563929882523603  0.72474621829143293  0.73382821824648581
  0.74287620660415876  0.75208523126009763  0.76149449621121401  0.77117415976667880
  0.78091979940559775  0.79080365059826385  0.80105127102070883  0.81155436167999895
  0.82221098077490007  0.83291547178636616  0.84380478282014726  0.85491882280418707
  0.86647779141919090  0.87875887679204556  0.89182547080295815  0.90568672601838762
  0.92050729956629651  0.93724182949692014  0.95998446568219731  1.00000000000000000
 -0.02806415797494849  0.13682676148832706  0.17560025619835345  0.19856464597198084
  0.21617475695605995  0.23089099698933591  0.24346619820771084  0.25473440900944466
  0.26491497377437145  0.27458540351569066  0.28346917983667913  0.29204083851874402
  0.30010525152236883  0.30787643435067275  0.31540769928856233  0.32258744137001455
  0.32956067400202232  0.33621595016502570  0.34262819121470312  0.34891319883867339
  0.35511618649821930  0.36125099722711618  0.36725718239452343  0.37318619815612664
  0.37900023300351848  0.38469904440955205  0.39031679856439283  0.39579726990945607
  0.40117398996911596  0.40646376431301090  0.41172543864343447  0.41698684394923607
  0.42222585115826439  0.42744775283579978  0.43265830262586052  0.43781368791735004
  0.44291361277232394  0.44798504288129343  0.45304568142058027  0.45806310359958974
  0.46299566665430247  0.46790160917467671  0.47280516693168118  0.47772567891724416
  0.48265903496994328  0.48756641051218891  0.49243263516813196  0.49734458398523318
  0.50223412209978824  0.50715319297432837  0.51209525207521134  0.51708326169789365
  0.52210566127495150  0.52710424379997467  0.53210349117404421  0.53709224847178716
  0.54210368484714044  0.54712042406069938  0.55213419013283194  0.55716564683322212
  0.56223825091246071  0.56734612276944929  0.57246032317089990  0.57761175167677470
  0.58282156178349254  0.58811587387048780  0.59345657705842969  0.59882212885430219
  0.60424883204509072  0.60981666543654556  0.61547536047516604  0.62114936512117658
  0.62694251969991099  0.63293611843974085  0.63900975274554395  0.64508946321794935
  0.65123544728625971  0.65753157865388079  0.66398221294644322  0.67073611032932212
  0.67767412892765511  0.68476251379570718  0.69209971327249764  0.69976960590640558
  0.70778923083978518  0.71640511574946764  0.72533948496900913  0.73510488249227679
  0.74542128443988709  0.75671833011817446  0.76908716998925286  0.78341956976257565
  0.80073757552401315  0.82349815391516490  0.86182891643012161  1.00000000000000000
   1.2688896161406929E-002  -1.0000000000000000     
 T T T T T T T T T T T T T T T T F F F F F F F F F F F F F F F F
  <DiscreteSampler_grid>
  grouped_processes
  1 # 1 for a reference and 2 for a running grid.
  10 # Attribute 'min_bin_probing_points' of the grid.
  1 # Attribute 'grid_mode' of the grid. 1=='default',2=='initialization'
  0.0000000000000000 # Attribute 'small_contrib_threshold' of the grid.
  0.5000000000000000 # Attribute 'damping_power' of the grid.
 # binID   n_entries weight   weight_sqr   abs_weight
    10   10   2.873120671614045E+009   1.441408539921529E+019   2.873120671614045E+009
    16   10   2.873120671614045E+009   1.441408539921529E+019   2.873120671614045E+009
  </DiscreteSampler_grid>
