  0.00000410241478135  0.00000938323911813  0.00001515825165448  0.00002054850465476
  0.00002568085492595  0.00003070596426291  0.00003573506673367  0.00004080282335864
  0.00004589021829296  0.00005100625425151  0.00005622128163748  0.00006153526037222
  0.00006693827480047  0.00007242960004369  0.00007802380322838  0.00008372453397168
  0.00008955491418064  0.00009560111997806  0.00010180212320269  0.00010818343168389
  0.00011477581331474  0.00012157564326512  0.00012851924400775  0.00013552054342541
  0.00014269586972927  0.00015005645626960  0.00015758248956106  0.00016507708741075
  0.00017282419997331  0.00018089206943530  0.00018920838897926  0.00019777137939388
  0.00020662438190200  0.00021578504968471  0.00022525381584347  0.00023507805117129
  0.00024528176923414  0.00025579262291272  0.00026672300943353  0.00027798422674901
  0.00028953745661686  0.00030153774377893  0.00031382605680717  0.00032698169292122
  0.00034068882362445  0.00035509930886743  0.00037023588324099  0.00038609649785892
  0.00040276491086722  0.00042014157684263  0.00043875847247447  0.00045831282365347
  0.00047902286685056  0.00050074225241891  0.00052364986304104  0.00054797180749364
  0.00057339961196295  0.00060045972737271  0.00062839187823596  0.00065837923012528
  0.00069060688553480  0.00072528929192396  0.00076296840651350  0.00080278447819429
  0.00084479470286480  0.00088953049883880  0.00093694375767757  0.00098935612168860
  0.00104641846330683  0.00110836676709283  0.00117554096193399  0.00124804494274335
  0.00132774622942841  0.00141601859610841  0.00151254313671043  0.00162122089436492
  0.00174167011146042  0.00187593839205234  0.00202740941442731  0.00219472482629712
  0.00237505863596686  0.00257920458248258  0.00282462250870388  0.00312074940362470
  0.00346918471931439  0.00388107612677517  0.00433429369690378  0.00481093218987949
  0.00538212028973246  0.00618545015930611  0.00713864877209124  0.00820589461185136
  0.00968210366647557  0.01216690641738580  0.34109007157283505  1.00000000000000000
 -0.00214220519727823  0.00902007588303264  0.01855162778199990  0.02866298133688231
  0.03882634319042146  0.04919401489297685  0.05951858299878577  0.07014039923656933
  0.08078803872103313  0.09142062858017182  0.10204232752253746  0.11279143322147256
  0.12375194484296839  0.13485538873891942  0.14585388328791266  0.15676340484228368
  0.16751738785305822  0.17787744632111124  0.18820251013626324  0.19843026852748019
  0.20862206699706157  0.21883796678339668  0.22907752787970784  0.23979315552386007
  0.25051954853140446  0.26136849138212592  0.27197533851027667  0.28233325905905365
  0.29265771821155623  0.30310810825274914  0.31357183349328915  0.32413688397124490
  0.33487625475259392  0.34580566554110442  0.35662118617075111  0.36737280457542076
  0.37804493970117853  0.38859129558192662  0.39905757920043899  0.40955148945763226
  0.42020843781232392  0.43091406937548737  0.44138852332318496  0.45169048438000775
  0.46206079345223261  0.47273779909082991  0.48345602582290675  0.49409720912750338
  0.50474182114794386  0.51536678505180022  0.52582318571566600  0.53603631398580776
  0.54632641169804563  0.55675009731778824  0.56728583469772331  0.57780930288592514
  0.58825158633887098  0.59869953478026883  0.60906264462970028  0.61933457247526180
  0.62960799986528448  0.63988168920414445  0.65026285972618858  0.66076417677615396
  0.67128853569023217  0.68187759170133522  0.69244800342699020  0.70306843489293569
  0.71352721150381915  0.72382836992596544  0.73426358089654264  0.74480559394510948
  0.75527725258457523  0.76565269552907211  0.77613431043499992  0.78677882976658020
  0.79727330529836582  0.80757669058438653  0.81809190983125291  0.82865110021344457
  0.83909612308988657  0.84937147466548646  0.85995172077918181  0.87076271605773137
  0.88137883208695722  0.89185341517015027  0.90251325240259284  0.91346930097016688
  0.92447090842209811  0.93528465939277883  0.94596781872581148  0.95661078879692341
  0.96745990533091275  0.97832187901898848  0.98909323736968957  1.00000000000000000
 -0.00387558997377959  0.02393085098610125  0.04399509094450209  0.06066481666225057
  0.07556110968749734  0.08938242261605019  0.10246705563468764  0.11500106742883234
  0.12706099714180791  0.13871293342808511  0.15004383123048476  0.16102798444490674
  0.17167035662176930  0.18205519729719200  0.19231891929941120  0.20241949275800458
  0.21223568175874880  0.22178873353035894  0.23120615725418409  0.24049901584009456
  0.24974935406280724  0.25886393730373070  0.26795114026233385  0.27684734323146803
  0.28556667087165805  0.29418468758392546  0.30280913057231196  0.31144585804568753
  0.32012746081273258  0.32884646962037506  0.33754365015174509  0.34619980995737248
  0.35475740721230398  0.36312556348136937  0.37133015523285240  0.37946619530661047
  0.38754501576671574  0.39566235860019211  0.40370214297458340  0.41168527690369261
  0.41962669995370855  0.42746791407183293  0.43521006312497063  0.44323172637862468
  0.45128712813304400  0.45937416670119940  0.46721597520048946  0.47487386367057954
  0.48243143508533920  0.48999757234849212  0.49762597603421210  0.50537869990741846
  0.51318372978553639  0.52100019254977459  0.52890103130309196  0.53688801659050955
  0.54492699506598019  0.55305963602519803  0.56118608123699032  0.56925327439307216
  0.57730358558056682  0.58533235598789513  0.59324211578577457  0.60125594791729176
  0.60936011959153236  0.61753609362201634  0.62577787506488047  0.63411052318529260
  0.64256200082540782  0.65117143974653335  0.65981781540987205  0.66840814656669623
  0.67702889903216767  0.68571380861735254  0.69460068777176087  0.70353512422037279
  0.71261213084983344  0.72174517895792067  0.73108433428484043  0.74077114596873972
  0.75085420464484132  0.76118319942276691  0.77161376611824661  0.78215533281513350
  0.79303405111182534  0.80433190367094864  0.81589527859537903  0.82774439810035927
  0.84019401713641817  0.85352966916172524  0.86779478890852380  0.88380591604860903
  0.90199783674414469  0.92324040495666271  0.95122067684976974  1.00000000000000000
 -0.01827555171370637  0.10950322817187870  0.14515386226212645  0.16706689864742308
  0.18459011936617609  0.19970721237041739  0.21304019985262188  0.22510290535828159
  0.23619936047328488  0.24664924983156633  0.25655601999756616  0.26607614874787539
  0.27509164053370339  0.28362543818982328  0.29177033552352988  0.29963431182682637
  0.30730829715702623  0.31480141973274378  0.32206008994215624  0.32923153948790790
  0.33620557995431544  0.34299312093246964  0.34965981036159738  0.35625436987319276
  0.36282179725572661  0.36934987351627524  0.37577136537078731  0.38202863922171604
  0.38815036782317908  0.39420437936948843  0.40021924063789471  0.40628101817337386
  0.41231412087951808  0.41825145485242643  0.42408683201082492  0.42989998873113111
  0.43573078257710607  0.44150944152092148  0.44718451609979354  0.45278135942515690
  0.45835475821000149  0.46393304511128913  0.46951145801599120  0.47506237740566221
  0.48056682832215086  0.48604840652203624  0.49154155372925562  0.49710140133820968
  0.50262701084205852  0.50819304654459119  0.51375862197538624  0.51933680726507914
  0.52489489069320472  0.53043670176506608  0.53596024778484852  0.54149648942797146
  0.54706201596818826  0.55266098930042429  0.55832025511204697  0.56395176874367503
  0.56957661471283438  0.57519634215941029  0.58086066588892160  0.58663669702770571
  0.59252152615521692  0.59838111368997993  0.60424500020454397  0.61025178375310996
  0.61634297304714403  0.62256757539691587  0.62894815156418649  0.63544942980723962
  0.64201298951971864  0.64868402950667925  0.65552505427640329  0.66245898421638227
  0.66960012292875093  0.67694840785964916  0.68445777017105358  0.69213085791719842
  0.69993735164674142  0.70797870369088944  0.71634884660853271  0.72499993630388071
  0.73403948196991842  0.74350931691331923  0.75350500935170017  0.76420354719421468
  0.77558283222431257  0.78774261475360829  0.80095914660512080  0.81571952328715691
  0.83282658902360907  0.85447655265877753  0.88973180985963396  1.00000000000000000
   3.2158210643681902E-003  -1.0000000000000000     
 F T T F T T T T T T T T F T T F F F F F F F F F F F F F F F F F
  <DiscreteSampler_grid>
  grouped_processes
  1 # 1 for a reference and 2 for a running grid.
  10 # Attribute 'min_bin_probing_points' of the grid.
  1 # Attribute 'grid_mode' of the grid. 1=='default',2=='initialization'
  0.0000000000000000 # Attribute 'small_contrib_threshold' of the grid.
  0.5000000000000000 # Attribute 'damping_power' of the grid.
 # binID   n_entries weight   weight_sqr   abs_weight
    10   10   2.479922269020790E+008   1.240450572020206E+017   2.479922269020790E+008
    16   10   2.517758718750627E+008   1.252401714892537E+017   2.517758718750627E+008
  </DiscreteSampler_grid>
