 -0.00007528256482959  0.00071450342869188  0.00158492098559978  0.00287200759151040
  0.00456939025197837  0.00662793285820095  0.00919110859772841  0.01197517112477311
  0.01510291221152365  0.01856244846185465  0.02234353206385548  0.02637812640888682
  0.03081583349532771  0.03569239710285917  0.04074026571655656  0.04600498844248902
  0.05159035325994952  0.05757268096866477  0.06373467618459816  0.07001134383648153
  0.07626401615330976  0.08269864224323285  0.08949872776468290  0.09662603177072597
  0.10402967901437289  0.11159746864162974  0.11934048140144446  0.12724588748852889
  0.13546793470632518  0.14403151034958547  0.15289765460756094  0.16193266779545903
  0.17134399287418203  0.18111605708965828  0.19113848739748907  0.20137975841996214
  0.21177701739522728  0.22237544979763069  0.23310239391893681  0.24388110215619213
  0.25478536086741904  0.26584552093268410  0.27716973881296819  0.28868511440779321
  0.30016829634736764  0.31201375725505848  0.32391476548824821  0.33615016473696530
  0.34866389456772634  0.36129462655724925  0.37402418459448467  0.38684873989989399
  0.39966255990792288  0.41238581108305911  0.42514318812452423  0.43816239518332045
  0.45117738025868681  0.46428443489017202  0.47743373431109132  0.49062968480763780
  0.50412955951570582  0.51810374727308051  0.53240837954414644  0.54679646912433921
  0.56106306693032726  0.57537497100167245  0.58960368339685298  0.60401593514741192
  0.61866054675021420  0.63327406357565497  0.64754352213195032  0.66190047434883970
  0.67625582384412330  0.69045962701764985  0.70489648248226311  0.71969133899999505
  0.73442185767904211  0.74918568379855988  0.76386046840594690  0.77844775392411725
  0.79293429914051250  0.80729126440303534  0.82144180798949862  0.83554212034207143
  0.84967939892978861  0.86376144789325882  0.87772392031566504  0.89161789226019206
  0.90530863744036094  0.91908125426808873  0.93290072230211418  0.94661115422837139
  0.96009146904174791  0.97345369815109672  0.98674239555531928  1.00000000000000000
 -0.00282480423469969  0.01044286665867758  0.02134857203046266  0.03218579252517201
  0.04299495584334113  0.05399046569205335  0.06520578946482306  0.07666692146583709
  0.08802551783477602  0.09961744150687668  0.11050494358309801  0.12140335118961845
  0.13163388420252792  0.14170350330945861  0.15191736484842996  0.16264027612152296
  0.17397116188035414  0.18514941061794307  0.19618932357714727  0.20721740450639686
  0.21818478249899570  0.22910895940299852  0.23966003488087428  0.24990814426729913
  0.25976604826393079  0.26955233603359396  0.27937778616135267  0.28897654990072258
  0.29896200465704659  0.30921716034219116  0.32037122920993055  0.33155184525447556
  0.34295891855465988  0.35415758892196786  0.36476392366499344  0.37506434121424181
  0.38542855581939395  0.39593150197426702  0.40635021130228965  0.41690091265651763
  0.42778054575535729  0.43856563754228478  0.44887793343074378  0.45902016956495101
  0.46913651017189739  0.47932043993862000  0.48940184548806948  0.49936746563705992
  0.50949932189246450  0.52004011954518614  0.53162907076739940  0.54323361543778215
  0.55406820361217690  0.56451935180065249  0.57505743050783631  0.58550501517336240
  0.59577641409071869  0.60609282023844779  0.61646006626637495  0.62670084218643685
  0.63669545669234173  0.64649725186797713  0.65636831542013874  0.66636169871110362
  0.67665600542639992  0.68713335945092735  0.69757559907193500  0.70808425650075812
  0.71877867739843027  0.72966417689287222  0.74055571246461194  0.75121365170685406
  0.76174918393331625  0.77249261132806579  0.78335091836526993  0.79395833352373768
  0.80417309481010457  0.81425491572149511  0.82433436825491568  0.83465090774376660
  0.84522536375893575  0.85577000635314504  0.86623005820161003  0.87670770464490233
  0.88719242041318658  0.89770147240916365  0.90811259406891753  0.91845165899047820
  0.92869057572971669  0.93907284017984516  0.94935975779378612  0.95965739479083056
  0.96974275653248065  0.97992286466035239  0.98997444508270305  1.00000000000000000
 -0.00297636321421275  0.01901330633508302  0.03579738438789315  0.05042831545728772
  0.06396388876401464  0.07670185540700940  0.08890730632228158  0.10054467129652243
  0.11165407481275573  0.12229317044717086  0.13240723617327901  0.14227742732218263
  0.15202202930480779  0.16157422249338402  0.17087089794474747  0.18005050169888515
  0.18924377755674851  0.19842087088131610  0.20738278298214569  0.21616908707061194
  0.22498279971897128  0.23364930911892776  0.24217652800486070  0.25089912102156398
  0.25937149534435905  0.26775093323357507  0.27575013311161956  0.28341891933271701
  0.29098656333421219  0.29894279767317838  0.30701368767436832  0.31526079534113277
  0.32326933711499650  0.33137906309784337  0.33953939376989878  0.34783791458063090
  0.35595273913808040  0.36386329990296967  0.37170380797248442  0.37973227502483670
  0.38804366103149762  0.39633313174954810  0.40404127550846353  0.41170590300374071
  0.41974885902356729  0.42819746024929067  0.43667639649260981  0.44487232156180462
  0.45283752466217997  0.46085555130345490  0.46926016202484006  0.47783399330333476
  0.48621281825032842  0.49449115920964182  0.50269393883730085  0.51104522399891816
  0.51948215694159638  0.52780411534576155  0.53613489931845171  0.54433616094130988
  0.55248934492303359  0.56076753616215991  0.56922933555043265  0.57782651004937668
  0.58652543132648327  0.59514830591406676  0.60381234413071183  0.61275622671542129
  0.62186743486823692  0.63091968364125006  0.63996627205249867  0.64900502124625448
  0.65801834138931570  0.66715868252616595  0.67659889576061416  0.68642277257492945
  0.69653303697399682  0.70691451339108879  0.71746522118271883  0.72840540953562771
  0.73982656608800335  0.75159517810695997  0.76356821350424731  0.77584088280192753
  0.78851098156069388  0.80142275854736800  0.81440853495478971  0.82744959464639301
  0.84077469090194379  0.85491350072570882  0.86985749343905172  0.88691731952166930
  0.90595736005312777  0.92802569390161282  0.95609213325220210  1.00000000000000000
 -0.02014103141905500  0.12112900848039845  0.16035470658391260  0.18393690616910041
  0.20190946653464226  0.21695612115915319  0.23042579778830105  0.24260309915370440
  0.25380060577004304  0.26406220769521538  0.27369279390941131  0.28229024875824199
  0.29066440037850888  0.29879329464751320  0.30696195096126605  0.31479632178524825
  0.32222125342605618  0.32941554861491412  0.33645716647132312  0.34320846265556992
  0.34990659089044929  0.35658345533371844  0.36314770412884129  0.36959056159407960
  0.37572777583877981  0.38174419517654706  0.38778356389398044  0.39381995283677951
  0.39978275895682919  0.40559501102067613  0.41128052436063040  0.41685595917839047
  0.42202661037598682  0.42719092375411216  0.43234010592509931  0.43759710340950125
  0.44298579041992886  0.44844145885474751  0.45384916226803873  0.45930334756131413
  0.46480629788702749  0.47028211823291449  0.47568384319944745  0.48101428257366746
  0.48636566168429307  0.49173859971325928  0.49717550572494357  0.50259295079777022
  0.50806951078601614  0.51356515185057272  0.51900108471083617  0.52432863031082488
  0.52951910778191169  0.53458830922460554  0.53962882008553648  0.54473786465937835
  0.54989593700636941  0.55505405169583033  0.56024552926536830  0.56546220227470501
  0.57078763811283617  0.57614229614830392  0.58148885584716070  0.58681788147980229
  0.59217367856580627  0.59765249381579089  0.60327688837979621  0.60896824183361675
  0.61465956272844302  0.62014000327806906  0.62565553765692705  0.63146942840438702
  0.63739241305266492  0.64345659342737571  0.64962900756280695  0.65592767334540436
  0.66223880876126939  0.66866998228793750  0.67527065541262354  0.68209762587462452
  0.68911697903332958  0.69638106572313940  0.70394164105062729  0.71197857192898695
  0.72032594238157777  0.72906837197105323  0.73865602874768710  0.74836136489501170
  0.75924229137924892  0.77112031810850679  0.78439445610592917  0.79913877424410007
  0.81690530821990270  0.84002793318199387  0.87915605544502473  1.00000000000000000
   2.1414290524666281E-003  -1.0000000000000000     
 T T T T T T T T T T T T T T T T F F F F F F F F F F F F F F F F
  <DiscreteSampler_grid>
  grouped_processes
  1 # 1 for a reference and 2 for a running grid.
  10 # Attribute 'min_bin_probing_points' of the grid.
  1 # Attribute 'grid_mode' of the grid. 1=='default',2=='initialization'
  0.0000000000000000 # Attribute 'small_contrib_threshold' of the grid.
  0.5000000000000000 # Attribute 'damping_power' of the grid.
 # binID   n_entries weight   weight_sqr   abs_weight
    10   10   3.066464363100445E+008   1.356818624048248E+017   3.066464363100445E+008
  </DiscreteSampler_grid>
