 -0.00000247774236350  0.00001439723027708  0.00002869897861186  0.00004244142728861
  0.00005599111709107  0.00006975920214150  0.00008427918203005  0.00009971936541036
  0.00011604209710052  0.00013289836065498  0.00015024620489469  0.00016836287033539
  0.00018767099080328  0.00020802446901174  0.00022943988626447  0.00025215931275079
  0.00027615065126838  0.00030136436207888  0.00032802868085755  0.00035607326150586
  0.00038509191511517  0.00041548325300594  0.00044731195627353  0.00048037315916890
  0.00051562976341466  0.00055203457847359  0.00059036284152522  0.00063077218392873
  0.00067186674671121  0.00071426483121500  0.00075838276232296  0.00080466268902965
  0.00085332289907301  0.00090402767064350  0.00095663131158010  0.00101101706914922
  0.00106802596041699  0.00112972653627538  0.00119330361644376  0.00125930128308406
  0.00132757641029365  0.00139890024508474  0.00147443041131356  0.00155226480170347
  0.00163129349845726  0.00171512859673903  0.00180431965238110  0.00190082357797430
  0.00200363045435231  0.00211006342607157  0.00222013791487497  0.00233169109823709
  0.00244355070824792  0.00255593912362342  0.00267286144981772  0.00280141678501522
  0.00293599503908926  0.00306976511284975  0.00320751471046281  0.00335686123852102
  0.00352405513856605  0.00371426986602370  0.00391756477626557  0.00411354245385602
  0.00430385277752358  0.00450475263103654  0.00472634278240826  0.00496535916312732
  0.00519818599510974  0.00543416669292035  0.00569991777311941  0.00598276027920124
  0.00628655834399589  0.00660551832386326  0.00693263935734128  0.00727862157984741
  0.00765820488104862  0.00806270002134492  0.00848702879503374  0.00893955269427108
  0.00943679282475689  0.00999398097567326  0.01060636196597830  0.01128298232903822
  0.01198575578530934  0.01277730871271448  0.01388736713006162  0.01619663145609304
  0.01814771259792438  0.01939715615620006  0.02064530559702037  0.02227157684369541
  0.03573269059831695  0.07579551490531918  0.12102599285406601  1.00000000000000000
 -0.00230601505968649  0.00937942056398971  0.01964789762558634  0.02998404156941734
  0.04040552956257248  0.05067067999475922  0.06092633738139941  0.07118011497496404
  0.08134429596334675  0.09163102194831414  0.10213750808954095  0.11246619039484046
  0.12291996676960533  0.13322952135539207  0.14356194620095827  0.15389706987448276
  0.16422364873366196  0.17458603881954951  0.18500322367086353  0.19549645592468842
  0.20589415622539969  0.21627723711324945  0.22676989575013493  0.23738734371135606
  0.24805937671038281  0.25858605098652071  0.26923319042375343  0.27981912478720522
  0.29043691662531729  0.30099091530551869  0.31171293940873168  0.32248003725953861
  0.33342605297310451  0.34419665404907251  0.35517806402943314  0.36578924130011520
  0.37652036656315568  0.38712678515419108  0.39787394427788736  0.40843176213010329
  0.41899626992842376  0.42964087833053344  0.44043697899287204  0.45066395754219302
  0.46107095172819434  0.47139472573544688  0.48190431843055848  0.49222654358789786
  0.50254719387091862  0.51306126282017583  0.52365195597152869  0.53456371748680354
  0.54545252809920985  0.55616429386586674  0.56664159768976596  0.57695665262996831
  0.58722074015853309  0.59743977745783372  0.60789264264516385  0.61860163102095278
  0.62923652299584298  0.63998352789528590  0.65057486019103783  0.66129112385536049
  0.67189543733544199  0.68233984666950120  0.69266424104271540  0.70283514544080794
  0.71307854642346413  0.72334928358332007  0.73375215580759068  0.74450395567687555
  0.75534714893325883  0.76604497590212384  0.77666192291873892  0.78732142336547928
  0.79801229601987178  0.80866234689272787  0.81930725634962820  0.82994476463232891
  0.84067233322778878  0.85151312427746295  0.86241770558999586  0.87324255448213761
  0.88394497368369529  0.89465605922191238  0.90526944191613867  0.91593264869420943
  0.92624115243073546  0.93637145130669452  0.94654340420365535  0.95705565302735873
  0.96774863522044818  0.97849009822883359  0.98918449943622200  1.00000000000000000
 -0.00471411708937413  0.02541189199929536  0.04626268728309657  0.06354596027770018
  0.07910200930471115  0.09357264914941348  0.10729233667865605  0.12046962336455785
  0.13325151063758051  0.14565238213192380  0.15764114157942907  0.16922396760421865
  0.18045832592380637  0.19142707971422782  0.20211808429091957  0.21255020064187824
  0.22277505021906382  0.23288325617058314  0.24288502341249635  0.25277024713467111
  0.26253252571238395  0.27213031866652487  0.28157722693931558  0.29094444195847802
  0.30029604285555078  0.30959564372236531  0.31875325399142029  0.32782663127405365
  0.33688550907567683  0.34594313755153439  0.35491492477364861  0.36374008870328167
  0.37247689312533450  0.38112524820485749  0.38970047451470829  0.39819671045523963
  0.40660161030154746  0.41498180077683977  0.42337973780824462  0.43172403476885007
  0.43997563164718145  0.44819362522088751  0.45637079609205661  0.46468372955980602
  0.47291494190553479  0.48111321295216719  0.48921010602750520  0.49741670957838940
  0.50571637828868365  0.51404918573101366  0.52230358854568004  0.53050929799317614
  0.53866142057788946  0.54680993096725117  0.55498441620658889  0.56319492879956956
  0.57140393211708074  0.57955403875733025  0.58774958414531842  0.59600534578950559
  0.60426327761663068  0.61255846163750238  0.62090287152347801  0.62934122100928325
  0.63784068596064991  0.64635667698552113  0.65482854753569386  0.66328367369884744
  0.67183641288576756  0.68051568440607613  0.68934722900626855  0.69823630968450889
  0.70704438823094984  0.71579489003069519  0.72459383392544863  0.73359590291262700
  0.74280425217094348  0.75215723972092197  0.76160705869520195  0.77119195867723489
  0.78099674321123480  0.79097537722902878  0.80107170239432468  0.81127740088465716
  0.82161739474244144  0.83203134583152105  0.84264733474542064  0.85372543732476158
  0.86565088642355881  0.87827798976399318  0.89139133172972385  0.90536103816826452
  0.92105319308124256  0.93925862548525474  0.96340540244205874  1.00000000000000000
 -0.02841106627833744  0.13688632479958379  0.17561881221705430  0.19856036186544204
  0.21598544530581423  0.23052118750126621  0.24315568641307900  0.25471046611710835
  0.26494256457076104  0.27465646708521757  0.28355964626936486  0.29225829272813064
  0.30044993924537489  0.30833972705494933  0.31577610990227256  0.32284374971379853
  0.32982432654884414  0.33664232375194780  0.34330795861376839  0.34977104364318107
  0.35601719203622989  0.36204724452813791  0.36803081969769319  0.37398160508925732
  0.37977949584742055  0.38540977920454500  0.39091405759654924  0.39637240878784435
  0.40174157697648050  0.40710086882998087  0.41242412931574635  0.41772098806340957
  0.42294557243142628  0.42819725535517084  0.43342254522150253  0.43860235958953792
  0.44370523988649763  0.44875194299773907  0.45377598953476556  0.45879689748795821
  0.46381745641886785  0.46880240912653193  0.47373563434429228  0.47861706348249505
  0.48351761993682391  0.48843569475173648  0.49333380293078788  0.49821780772519914
  0.50308729929286777  0.50801952901880398  0.51293661811633551  0.51777571533786126
  0.52263893783092363  0.52753136695245251  0.53246469468452839  0.53742284061344370
  0.54237460701041817  0.54734527665510202  0.55237850248969200  0.55745668541891880
  0.56252018305833629  0.56757253415006370  0.57267350502811309  0.57782968581148664
  0.58304011499641883  0.58830738873821653  0.59357411814012151  0.59886001022557611
  0.60421399549304688  0.60966997815231749  0.61520873077160121  0.62079176950753268
  0.62634772348426060  0.63211010289820380  0.63802325704636675  0.64416249757852073
  0.65056657517855632  0.65705442622719479  0.66365462070185099  0.67036570671516826
  0.67721785814300806  0.68420610271806326  0.69153279236243437  0.69923905332019942
  0.70728302758949790  0.71586540168228130  0.72478729379383156  0.73438789069866095
  0.74471715876498679  0.75606950230671022  0.76863902716707388  0.78302297567191348
  0.80033433641199259  0.82319155961071533  0.86165316870899411  1.00000000000000000
   1.2614574820559081E-002  -1.0000000000000000     
 T T T T T T T T T T T T T T T T F F F F F F F F F F F F F F F F
  <DiscreteSampler_grid>
  grouped_processes
  1 # 1 for a reference and 2 for a running grid.
  10 # Attribute 'min_bin_probing_points' of the grid.
  1 # Attribute 'grid_mode' of the grid. 1=='default',2=='initialization'
  0.0000000000000000 # Attribute 'small_contrib_threshold' of the grid.
  0.5000000000000000 # Attribute 'damping_power' of the grid.
 # binID   n_entries weight   weight_sqr   abs_weight
    10   10   1.637354715033685E+009   3.611993927571272E+018   1.637354715033685E+009
    16   10   1.637354715033685E+009   3.611993927571272E+018   1.637354715033685E+009
  </DiscreteSampler_grid>
