  0.00000241402262677  0.00001613789772556  0.00002883531564752  0.00004208782459320
  0.00005532269657578  0.00006888905854709  0.00008304861367682  0.00009791760197028
  0.00011358081114166  0.00012989380133325  0.00014666546008536  0.00016410019886508
  0.00018268450029863  0.00020227765821636  0.00022274504251168  0.00024444386746904
  0.00026721500318406  0.00029100870447755  0.00031611737688677  0.00034245815376134
  0.00036971592552924  0.00039818975379942  0.00042793185310339  0.00045905192871715
  0.00049143407959466  0.00052506819784824  0.00056049342221705  0.00059675673715230
  0.00063510079706339  0.00067544187927467  0.00071683395127276  0.00076046354202141
  0.00080595452094867  0.00085395747446681  0.00090445561255994  0.00095633871429279
  0.00100940567994350  0.00106456366926765  0.00112242998728369  0.00118340253015299
  0.00124736233530397  0.00131449978508532  0.00138594666690122  0.00146155385452224
  0.00153886173284860  0.00161637818531511  0.00169659648649221  0.00177860651763014
  0.00186345408632235  0.00195146003935345  0.00204171632893001  0.00213555156159391
  0.00223135282896185  0.00232906677275657  0.00243135027922647  0.00254210271005701
  0.00266318930186282  0.00279353469458227  0.00292872334113859  0.00306651651906029
  0.00320677154488293  0.00334976533647199  0.00349673391373531  0.00364984032125880
  0.00380834531662804  0.00398617823819688  0.00417385625021639  0.00436283455659530
  0.00455479911221775  0.00475227708494973  0.00496489552454871  0.00520425081707476
  0.00547296781266757  0.00575753690104213  0.00604217400621909  0.00628151211532236
  0.00655901474791611  0.00687307327471668  0.00723386337480818  0.00763815408106076
  0.00807192036126224  0.00852244783700974  0.00895786826730106  0.00941513077313450
  0.00986799998312035  0.01029700194192419  0.01078074538405074  0.01132946899002068
  0.01191464970497003  0.01269986587564564  0.01343187349099102  0.01423579530760700
  0.01499241374016061  0.01719829488170893  0.27552243339952998  1.00000000000000000
 -0.00233258610925997  0.00919026912747671  0.01904618896642397  0.02967676568277223
  0.04019389182965119  0.05069108008108585  0.06102403544546353  0.07154546094306860
  0.08218107269099645  0.09271450566917525  0.10328681424019250  0.11389719307484665
  0.12460217510516983  0.13498634587965433  0.14526031285588059  0.15559832714022451
  0.16587639530219955  0.17613487375633588  0.18652126125707730  0.19719342377504095
  0.20786129912208637  0.21846579709442809  0.22896527404483538  0.23964783214558397
  0.25002332395989985  0.26064653923460362  0.27128353966264018  0.28206498555373061
  0.29265859459850030  0.30319464240971089  0.31370766712096876  0.32428833445172345
  0.33490267598255735  0.34541932459185237  0.35589966858359856  0.36634583639679869
  0.37667997696507521  0.38698014120006718  0.39721108458067478  0.40752582884992616
  0.41791198717283617  0.42819177382702533  0.43870482224686413  0.44917388153440163
  0.45985457037645405  0.47029965306182381  0.48091812882742602  0.49166888723299529
  0.50251184796996118  0.51315898616302835  0.52390119252545198  0.53465061810403980
  0.54540601262803490  0.55607495106812421  0.56667505678416852  0.57724716956545508
  0.58771732346687611  0.59825573066507831  0.60888474282458815  0.61965682495036900
  0.63061266979864994  0.64171089770732492  0.65268571162169331  0.66348305509339478
  0.67445556706044640  0.68537390402993048  0.69617055699343078  0.70699325267263280
  0.71780368549253226  0.72860167925078068  0.73920009937355013  0.74971679218705245
  0.76008082239619912  0.77054610176976523  0.78092968248448313  0.79125722805687981
  0.80148840282560041  0.81188442796797378  0.82228692345663135  0.83263147126318227
  0.84307481464881684  0.85342396751018390  0.86380841968761857  0.87407457821186219
  0.88447485870585307  0.89479629818045514  0.90521955449675673  0.91569840225464849
  0.92639575612065594  0.93696696036115101  0.94744957424264709  0.95784148755748322
  0.96834525351444523  0.97895216553801789  0.98951659997445740  1.00000000000000000
 -0.00458658497220929  0.02538136914059295  0.04657697945681453  0.06418972543492996
  0.07988518428604993  0.09441761758851329  0.10803425297667045  0.12094695212064881
  0.13344663132448484  0.14556871909256056  0.15726442302046406  0.16863417538677625
  0.17975717415679410  0.19058456534867024  0.20114142650225800  0.21150296833192955
  0.22166713145172495  0.23164497819443661  0.24152340341592635  0.25135630401295728
  0.26113094369875295  0.27076053611864265  0.28019464146146722  0.28951781958912798
  0.29872736078971812  0.30784475134600009  0.31687018974789438  0.32580481047791110
  0.33469619449892618  0.34352563538424535  0.35226124635324030  0.36088879791451273
  0.36945449945258757  0.37799186087454700  0.38653848701706944  0.39509330106244273
  0.40358751349258942  0.41198503341621912  0.42028709291588151  0.42852701620646538
  0.43674554793480236  0.44498422969879908  0.45327305147965019  0.46161025161219782
  0.46992376822223791  0.47814033050198340  0.48624017551601528  0.49438607476376356
  0.50249322953490994  0.51064427555026526  0.51874341381240052  0.52691397557048836
  0.53517229233283037  0.54345255217765809  0.55172729501074858  0.56009682258188309
  0.56846066631971615  0.57681773239113598  0.58507327048927404  0.59322054474435504
  0.60138754873398881  0.60965861782973940  0.61802521088602991  0.62641772954827635
  0.63484057226796597  0.64340463996752106  0.65211430117117597  0.66087185861581677
  0.66956617289210496  0.67814361804137413  0.68664897818512671  0.69515415731713615
  0.70380660118897009  0.71270298196567483  0.72170331238461549  0.73070816764458213
  0.73975926452262641  0.74892793381993050  0.75827997885098308  0.76777367841631583
  0.77740218637526270  0.78715730531724803  0.79701521503781969  0.80709741497130771
  0.81750678199377680  0.82828899137886802  0.83939318775532923  0.85094621698298933
  0.86312236121892305  0.87598314003953104  0.88962202705403970  0.90402390427081603
  0.91956260641012355  0.93723223980480275  0.96114319655391711  1.00000000000000000
 -0.02826636274632948  0.13719153308745441  0.17577656641884670  0.19863011230918673
  0.21609010438496651  0.23060709780464250  0.24294195844684099  0.25416549787923476
  0.26428016456983777  0.27388565843533175  0.28273982110473267  0.29127629995365251
  0.29934645610690336  0.30701877708970182  0.31450160770307750  0.32152642301777468
  0.32844781052917710  0.33510258700764317  0.34163484373758890  0.34804313211933630
  0.35432741501603404  0.36044270403623341  0.36642863652627239  0.37226507253267449
  0.37800944921088270  0.38367965675943544  0.38933679247396508  0.39492158161429813
  0.40038588393657842  0.40582512127810716  0.41121570353818010  0.41657706944814904
  0.42181228851866770  0.42695206855070245  0.43205752864533947  0.43712717794816708
  0.44218810175451262  0.44725783182549700  0.45230958645585395  0.45729893162021962
  0.46219758852161480  0.46702414173620255  0.47183883215802253  0.47670796641096758
  0.48163535368937144  0.48656862304441006  0.49149786516055055  0.49638052089795559
  0.50126046612281328  0.50613482965313772  0.51099624736502736  0.51587112072688768
  0.52086227358013160  0.52591796694690407  0.53097249713891059  0.53601142238498245
  0.54102663671439999  0.54603350336389711  0.55105555872561551  0.55611933830648030
  0.56122857031047557  0.56637425371697259  0.57156925376184353  0.57679359354286452
  0.58200666575182980  0.58726690293421968  0.59253518325618137  0.59788785403800482
  0.60336550745198403  0.60896627502862966  0.61464224320685890  0.62035515161981003
  0.62611726444451998  0.63197953229744408  0.63792661013490115  0.64394706986859263
  0.65010394867073562  0.65638145661536784  0.66280492169787386  0.66946298146251793
  0.67642346058115710  0.68359578057141746  0.69104758593504567  0.69883018458068369
  0.70682278158622580  0.71539401368629063  0.72432423966120851  0.73404071912139468
  0.74441914951899835  0.75565805694932253  0.76812498563907139  0.78281798057003382
  0.80054651801449017  0.82357155997102394  0.86225154334286158  1.00000000000000000
   1.2596733243461507E-002  -1.0000000000000000     
 T T T T T T T T T T T T T T T T F F F F F F F F F F F F F F F F
  <DiscreteSampler_grid>
  grouped_processes
  1 # 1 for a reference and 2 for a running grid.
  10 # Attribute 'min_bin_probing_points' of the grid.
  1 # Attribute 'grid_mode' of the grid. 1=='default',2=='initialization'
  0.0000000000000000 # Attribute 'small_contrib_threshold' of the grid.
  0.5000000000000000 # Attribute 'damping_power' of the grid.
 # binID   n_entries weight   weight_sqr   abs_weight
    10   10   1.638433661976200E+009   4.457011162992528E+018   1.638433661976200E+009
    16   10   1.638433661976200E+009   4.457011162992528E+018   1.638433661976200E+009
  </DiscreteSampler_grid>
