  0.00000265627266041  0.00001718239502807  0.00002964959748246  0.00004351397463312
  0.00005696770998081  0.00007084848451567  0.00008541411967422  0.00010071930985727
  0.00011663755601130  0.00013318142577495  0.00015040208220960  0.00016858129403677
  0.00018784241738828  0.00020791004432738  0.00022920237071389  0.00025154138310147
  0.00027478270127311  0.00029914733223964  0.00032468452721038  0.00035154516779190
  0.00038016945181071  0.00040990888779011  0.00044103840978307  0.00047372202642784
  0.00050813059799227  0.00054434434215015  0.00058186804771654  0.00062145627331785
  0.00066324253143763  0.00070660311798475  0.00075108473041584  0.00079748465711837
  0.00084622420208464  0.00089627656458259  0.00094769485272499  0.00100285935529117
  0.00106186470249254  0.00112381384015624  0.00118843361582265  0.00125477506485302
  0.00132269927731539  0.00139273107482410  0.00146543834396107  0.00154095166644165
  0.00162060364215268  0.00170292537892327  0.00178924211988875  0.00187827480289760
  0.00197247506295155  0.00207156894149023  0.00217540647432186  0.00228578650172616
  0.00240068191141360  0.00251711077689205  0.00264151801542205  0.00277755517424632
  0.00291788524364277  0.00305775949223721  0.00319828587742021  0.00335260843065448
  0.00352005139779408  0.00370325033572673  0.00389175961201944  0.00409348741090661
  0.00431138569103140  0.00454353108823473  0.00478886255305127  0.00502772546112388
  0.00526350023186484  0.00550239778840179  0.00573928385684805  0.00599059253017164
  0.00627070175654165  0.00656846578033740  0.00688679524679070  0.00721943672025695
  0.00760032417008035  0.00802647688496228  0.00852355272439384  0.00911834627653883
  0.00975539279852629  0.01047740316128998  0.01127870863329633  0.01209820798863328
  0.01282482482905839  0.01346111891927602  0.01408065822794576  0.01483155475122755
  0.01563986706304339  0.01664008128360877  0.01791610904953224  0.01950551108723415
  0.02113820874135574  0.02303832463997622  0.40172410830723237  1.00000000000000000
 -0.00247603738417313  0.00965187317743272  0.01952040660728365  0.03000935877064173
  0.04028581458117167  0.05081866957487072  0.06129567422080649  0.07209094077670838
  0.08274365286644529  0.09338883967340211  0.10403520092983577  0.11473528035873387
  0.12530775748543604  0.13595499759453214  0.14651106160125044  0.15699566756687514
  0.16758304964521123  0.17814995582237941  0.18880758684155100  0.19952937245930974
  0.21025050814795576  0.22093326608899097  0.23150521980552563  0.24196023739673667
  0.25233187914664590  0.26265966685489939  0.27299890772319535  0.28356066947796776
  0.29436871917271279  0.30529928333490119  0.31598518359134714  0.32633509905537933
  0.33652378583740550  0.34666562228747005  0.35673732888672743  0.36696159256558475
  0.37727652684842267  0.38791396284649737  0.39858554655175260  0.40915570827647618
  0.41974730180585723  0.43048087902126630  0.44120632115542846  0.45187814680545985
  0.46236151369025236  0.47303667571627700  0.48353490978393415  0.49379478793027010
  0.50415100776191801  0.51465853562524211  0.52538470728061448  0.53601697140505222
  0.54657795379438967  0.55742775782199949  0.56813626707156517  0.57886887861991521
  0.58969366693915759  0.60062475652964031  0.61132099507434368  0.62183963092192285
  0.63242541866366986  0.64319258505634191  0.65376173324454301  0.66411345752672701
  0.67427343428638054  0.68457525233424454  0.69487714350183860  0.70529284595489905
  0.71567826174014804  0.72606293929584365  0.73647853585087153  0.74682944840555410
  0.75718472065844311  0.76741721277979436  0.77777092613005072  0.78811379059021547
  0.79856471265889262  0.80902411828821164  0.81943945677032271  0.82992862871295037
  0.84046820304635539  0.85124493161835801  0.86212509156584705  0.87293857527992624
  0.88360084912582937  0.89434302136230281  0.90536993022252776  0.91637817453742498
  0.92685647211316013  0.93727734879004276  0.94795920419316460  0.95843981246182353
  0.96881604597304105  0.97915429084348315  0.98964413397527695  1.00000000000000000
 -0.00465594586402310  0.02535961834929203  0.04617920763055508  0.06346557876825265
  0.07905075961740633  0.09352668157916988  0.10717802027858729  0.12016731331093544
  0.13264419320311016  0.14464948655288337  0.15627699322372368  0.16754192544544838
  0.17850818112382452  0.18927572441656346  0.19991957546279904  0.21043454160840139
  0.22074356994345748  0.23089771441161158  0.24094727593863483  0.25088739712121227
  0.26069114249722736  0.27033876866234235  0.27979937582830539  0.28913517417612045
  0.29843452953621408  0.30772572542607785  0.31698705421587908  0.32616004430285783
  0.33514674952829226  0.34396400201533062  0.35274420953805619  0.36147866409128654
  0.37013132299945650  0.37866608626483489  0.38712106561785181  0.39558246417189663
  0.40407044397304837  0.41254956757928535  0.42099561567627664  0.42944482847318627
  0.43789831087366837  0.44633134224265875  0.45467915964830130  0.46294423271158414
  0.47121864098088795  0.47950932800734952  0.48784430475475210  0.49618496445034643
  0.50442467611072472  0.51267568382961248  0.52092736199710554  0.52902089460064006
  0.53711759520812341  0.54524627203966791  0.55347336174726047  0.56175076737286134
  0.57002687436969723  0.57830372627583093  0.58660648687816508  0.59500348616510768
  0.60345639945483853  0.61187060244033231  0.62020083277935045  0.62847789100711549
  0.63675313192970473  0.64506980392644586  0.65342175833882876  0.66175158043331073
  0.67014519939448181  0.67866232209754973  0.68729746753579268  0.69600419234854605
  0.70475409215003393  0.71357455817905269  0.72254538529683643  0.73169095533248840
  0.74089275063739690  0.75016095697552976  0.75959344361429260  0.76915070296411947
  0.77876526760342157  0.78852934196473923  0.79853674066562819  0.80875607384977455
  0.81906103836920419  0.82966593751651108  0.84099194495913521  0.85298725594623859
  0.86533815982032192  0.87800556917063688  0.89119025747240199  0.90510672903988088
  0.92020657866833544  0.93803175627165414  0.96273945114277881  1.00000000000000000
 -0.02801668001454707  0.13681314255019406  0.17624131207863689  0.19912245775234316
  0.21638578872158776  0.23075639824154343  0.24314853293002167  0.25445068701478102
  0.26476183025210975  0.27447818159642645  0.28346949209891537  0.29211105038929219
  0.30016480740164869  0.30788518120460495  0.31530403419261432  0.32237233576730628
  0.32937392157030132  0.33620908716233017  0.34273988295194707  0.34906103809066197
  0.35524094166271342  0.36134252311957715  0.36745598524701611  0.37350234308097152
  0.37941651273865851  0.38523181604039886  0.39095404436762954  0.39656034800991846
  0.40204361045369824  0.40741931090324429  0.41279695180552450  0.41812313227072323
  0.42336522736913185  0.42856003363449263  0.43368423235286618  0.43873917313408944
  0.44373400455919948  0.44871766444924971  0.45370751114129731  0.45871751240120523
  0.46374576884567120  0.46874860045889138  0.47374677647183194  0.47868642632297514
  0.48355057177968730  0.48839874176706838  0.49327623372109036  0.49819641939573450
  0.50314518411716957  0.50799330951034349  0.51284847052997973  0.51771075546372036
  0.52261911780156245  0.52753017546469327  0.53248095170065568  0.53745699239567446
  0.54243423038442762  0.54741936243752010  0.55241926636561078  0.55745300168481760
  0.56254516302969093  0.56768088125953153  0.57284039238783913  0.57802994442031175
  0.58326844261471678  0.58859841025351378  0.59393235714717452  0.59926537904655464
  0.60467367099319991  0.61018725325226053  0.61580667572870385  0.62150079714593454
  0.62725853543295562  0.63311652552004993  0.63910326889031555  0.64518059624361479
  0.65143953883772254  0.65778210292581829  0.66428269747432700  0.67099070021423868
  0.67783060264581330  0.68486548292392357  0.69223689558261914  0.70001721716466492
  0.70803668663162356  0.71645735492097617  0.72519888132179899  0.73482049420283146
  0.74514366614706651  0.75644698385668263  0.76888447318962516  0.78317061545371947
  0.80060185654499405  0.82339981457292355  0.86174446447411990  1.00000000000000000
   1.2589431854834182E-002  -1.0000000000000000     
 T T T T T T T T T T T T T T T T F F F F F F F F F F F F F F F F
  <DiscreteSampler_grid>
  grouped_processes
  1 # 1 for a reference and 2 for a running grid.
  10 # Attribute 'min_bin_probing_points' of the grid.
  1 # Attribute 'grid_mode' of the grid. 1=='default',2=='initialization'
  0.0000000000000000 # Attribute 'small_contrib_threshold' of the grid.
  0.5000000000000000 # Attribute 'damping_power' of the grid.
 # binID   n_entries weight   weight_sqr   abs_weight
    10   10   1.729492614767125E+009   5.064339453679499E+018   1.729492614767125E+009
    16   10   1.729492614767126E+009   5.064339453679499E+018   1.729492614767126E+009
  </DiscreteSampler_grid>
