  0.00001009762102504  0.00001419731295411  0.00001828369366871  0.00002235082216888
  0.00002627856821042  0.00003009758107618  0.00003454784287391  0.00003926634301950
  0.00004394131842366  0.00004858655698148  0.00005322387118892  0.00005795766426105
  0.00006273731070660  0.00006761607540257  0.00007259769246818  0.00007764658640448
  0.00008279666716018  0.00008815594484383  0.00009366581690814  0.00009929557689881
  0.00010502185860157  0.00011086949469546  0.00011683391760042  0.00012284619141642
  0.00012888132370174  0.00013505628254506  0.00014139850403510  0.00014789652419367
  0.00015457822001126  0.00016140388333901  0.00016833431124009  0.00017537751248374
  0.00018256406722921  0.00018991409305010  0.00019747013638177  0.00020527606179250
  0.00021317350943889  0.00022126331064869  0.00022945964423344  0.00023778857999819
  0.00024658903001540  0.00025563129671398  0.00026509198116828  0.00027495463685780
  0.00028510148925818  0.00029580964501441  0.00030694367668869  0.00031831040744023
  0.00033032443548425  0.00034310389443615  0.00035645261393500  0.00037025818792950
  0.00038434098038443  0.00039883342759821  0.00041409822688298  0.00043019687156328
  0.00044740280192754  0.00046580756778718  0.00048498016009459  0.00050538189165716
  0.00052708984253432  0.00055046675084184  0.00057543275577913  0.00060150522937394
  0.00062874625397224  0.00065775596204424  0.00068919522530793  0.00072329776367882
  0.00076032692849998  0.00080032986899928  0.00084400191729759  0.00089141607190924
  0.00094281299004012  0.00099722859708864  0.00105647272366782  0.00112061752169304
  0.00119101750277961  0.00126864627251032  0.00135559423311378  0.00144756729138262
  0.00155293603040683  0.00167197190157344  0.00181499777776741  0.00199101080398884
  0.00220193853055665  0.00244270725840974  0.00271931221775325  0.00304242690286116
  0.00343936144443995  0.00392911907972278  0.00454219521695879  0.00533304822914058
  0.00658270142271083  0.00874193611587664  0.09554066695981420  1.00000000000000000
 -0.00187073266152628  0.00972970727624425  0.01986473357729026  0.03063792537103691
  0.04151953279490979  0.05254409004744997  0.06346010327331496  0.07433692146758263
  0.08524816811721675  0.09610508821801617  0.10675575190178251  0.11698589086087496
  0.12731190459539166  0.13772590981900995  0.14819918613136640  0.15863058343404363
  0.16917896591426396  0.17999162950310496  0.19067347142072080  0.20114452761895990
  0.21170429445321925  0.22215676086503358  0.23251061233725581  0.24292749706147770
  0.25352332249023868  0.26436754979420113  0.27501586499222391  0.28546576884172997
  0.29587344611265143  0.30618353911087920  0.31668745141090221  0.32726665006041050
  0.33780717581026215  0.34847880153802502  0.35939011782105085  0.37065278079393427
  0.38165905383260024  0.39241906420764944  0.40272895684143117  0.41296748831918961
  0.42325152133230382  0.43349445544760029  0.44364871935949707  0.45386736371821917
  0.46458117544817240  0.47538356708348761  0.48579179322637139  0.49618910217910195
  0.50666030839568765  0.51716457819165396  0.52721441856054241  0.53706410106162095
  0.54716343624547792  0.55756611759958197  0.56806004569960145  0.57867818426391104
  0.58932631077398467  0.59997911555557148  0.61031412819701336  0.62046546129490410
  0.63058938085056493  0.64078995543607409  0.65098163576699453  0.66138805652036747
  0.67207427905333461  0.68270971526832436  0.69348722489394454  0.70394759448221766
  0.71447959190613597  0.72485193326377906  0.73535271977625105  0.74560536879273942
  0.75577623092901758  0.76594471838816625  0.77627923103534213  0.78663031909825032
  0.79727604995318524  0.80806469356207122  0.81888589062068984  0.82966534757190624
  0.84049919304956233  0.85172762060309570  0.86291119795660098  0.87409435779180578
  0.88495197478546417  0.89542138804091920  0.90568059359925257  0.91576161424601110
  0.92611895768478247  0.93658911880905127  0.94706171898804026  0.95745663757355193
  0.96790283658435683  0.97848884796702007  0.98914613756221892  1.00000000000000000
 -0.00401350822455930  0.02497990163977243  0.04457458096204915  0.06095838896058886
  0.07597107438125983  0.09034160340428604  0.10417727332830384  0.11718131844180732
  0.12966510703945952  0.14160066070105234  0.15319477051804767  0.16457404142895354
  0.17569318957232644  0.18642612177344497  0.19683280591396979  0.20698028295191551
  0.21722472301423373  0.22744226723132785  0.23763900148225425  0.24746081139980114
  0.25706640639413325  0.26643023385414183  0.27560798085146437  0.28464592445661990
  0.29353637255191956  0.30242145625795697  0.31111436093883527  0.31944911494529343
  0.32764647776959488  0.33584322641420056  0.34407030231762964  0.35226898200669948
  0.36030797374294327  0.36819861322456765  0.37603247569488935  0.38384733324020792
  0.39170941781770108  0.39960460914996726  0.40740641864555749  0.41510540188735773
  0.42265940174474609  0.43028174030508243  0.43812396351887478  0.44627159237055325
  0.45412293702709383  0.46182097045837617  0.46938526377877998  0.47711460393088079
  0.48490468653720292  0.49277508455856339  0.50074728005261582  0.50884558434804339
  0.51711386818272487  0.52555917634522109  0.53409388601155172  0.54259311352138273
  0.55101433050030724  0.55933996249109741  0.56741096564762017  0.57525894281748280
  0.58307848914781202  0.59098008515585998  0.59894185069830741  0.60717526953120560
  0.61553149838556720  0.62383469513405077  0.63209057514335854  0.64044656522264676
  0.64888578400602492  0.65739985914895316  0.66596921617703120  0.67442547156568244
  0.68271861426007263  0.69129944677623023  0.70002833086999983  0.70886019331079542
  0.71789630879938948  0.72731377690199306  0.73710557024387935  0.74699353012139424
  0.75679954895269019  0.76661424657811750  0.77659241409714685  0.78679235145879556
  0.79751127171012781  0.80881697919621220  0.82052862063866194  0.83261044440839016
  0.84520161838075214  0.85830683093704030  0.87188460660097966  0.88668185896894880
  0.90323099447435751  0.92318138354920454  0.94991465211636594  1.00000000000000000
 -0.01893386551808159  0.11043137130961844  0.14653369786638093  0.16831511805173061
  0.18570753212633204  0.20044824677721435  0.21349911867129109  0.22562009238060740
  0.23678448988443729  0.24718325442788208  0.25706496104351073  0.26662531080454244
  0.27576679023659517  0.28449206278008254  0.29284864616200140  0.30070216908511715
  0.30852620180879836  0.31617041915177774  0.32358010197328146  0.33081814525744846
  0.33769058402170865  0.34437171789355520  0.35100381062421704  0.35767679271134817
  0.36439978462207634  0.37108897904236554  0.37761398490531534  0.38391267936478973
  0.39005127118784999  0.39610275080347118  0.40206042741606107  0.40797186115829298
  0.41377289061715067  0.41965793459739703  0.42556002626951861  0.43153252761734479
  0.43740173078979527  0.44313016569691582  0.44874923192675797  0.45441468162382392
  0.46005727343097075  0.46562794657258366  0.47116557321633917  0.47662822551634126
  0.48204934776271607  0.48745965071521613  0.49283718159246365  0.49822986474735198
  0.50368211969602672  0.50919279481810054  0.51472330282886558  0.52034752371737580
  0.52612602711904322  0.53198649394042785  0.53786305092431019  0.54373581571200991
  0.54960748965381889  0.55550636152616895  0.56140595276531502  0.56738608453704054
  0.57331207480147262  0.57924234862959822  0.58508803979132229  0.59094954700818891
  0.59690037091523029  0.60297749476055063  0.60909495814618997  0.61518353658820868
  0.62128637150793442  0.62741019561957956  0.63362047881236194  0.63996941943702912
  0.64631774687820120  0.65286645245836983  0.65948082731651758  0.66626594646067505
  0.67322383237421113  0.68028203379206287  0.68751016947516308  0.69502591173082373
  0.70275368816079042  0.71064674199095890  0.71890216794085238  0.72739623701042211
  0.73631257454504229  0.74576701566198222  0.75567838002024390  0.76623261419405786
  0.77717496586945067  0.78889281816175172  0.80170971349416276  0.81628322807017706
  0.83332180279041368  0.85525362081731238  0.89102372579931388  1.00000000000000000
   1.0724238722684871E-002  -1.0000000000000000     
 F T T F T T T T T T T T F T T F F F F F F F F F F F F F F F F F
  <DiscreteSampler_grid>
  grouped_processes
  1 # 1 for a reference and 2 for a running grid.
  10 # Attribute 'min_bin_probing_points' of the grid.
  1 # Attribute 'grid_mode' of the grid. 1=='default',2=='initialization'
  0.0000000000000000 # Attribute 'small_contrib_threshold' of the grid.
  0.5000000000000000 # Attribute 'damping_power' of the grid.
 # binID   n_entries weight   weight_sqr   abs_weight
    10   10   1.251778285020355E+008   2.723471288489128E+016   1.251778285020355E+008
    16   10   1.273089658496231E+008   2.761558916766486E+016   1.273089658496231E+008
  </DiscreteSampler_grid>
