  0.00000261867479780  0.00001450999012962  0.00002961362281025  0.00004356982893407
  0.00005760007511427  0.00007189827840361  0.00008672639516380  0.00010228416955376
  0.00011868083731322  0.00013579074002649  0.00015339763547848  0.00017177645922470
  0.00019114754184414  0.00021146249248173  0.00023309023664764  0.00025619101336760
  0.00028037203707069  0.00030587805206959  0.00033237082413565  0.00035992889097228
  0.00038910282990599  0.00041967808155426  0.00045200876268428  0.00048552001270427
  0.00052056580994651  0.00055781324630802  0.00059609825676192  0.00063550141483895
  0.00067633537065100  0.00071921549568741  0.00076479524676558  0.00081255990162887
  0.00086229871555895  0.00091372514507905  0.00096727905959048  0.00102378578497611
  0.00108339955813730  0.00114816338951919  0.00121626856638051  0.00128576706671312
  0.00135876667357453  0.00143240804903186  0.00150950230227547  0.00158891744398369
  0.00167006834622887  0.00175478544861970  0.00184137377330175  0.00193311665305468
  0.00203229920113101  0.00213468898051316  0.00224025929592648  0.00234808294990422
  0.00245962475769478  0.00257582236118138  0.00269727682681058  0.00282545662383605
  0.00295764043060915  0.00309211118818721  0.00322301124011286  0.00335367286009017
  0.00348786537514523  0.00363008176475797  0.00377951858002661  0.00393552658217801
  0.00410086807376947  0.00427937882853027  0.00447412736357738  0.00468708965913748
  0.00491949370939555  0.00517442523760133  0.00544531566273498  0.00569777408428022
  0.00595481142951210  0.00622439868603937  0.00651496068283931  0.00682733292946852
  0.00718239728437526  0.00758223547304706  0.00799670592623120  0.00840703934111317
  0.00883575320201151  0.00926309224281106  0.00982857831649639  0.01037326396651479
  0.01088891109579184  0.01141262553912021  0.01199304290799956  0.01265563990059116
  0.01362971046597790  0.01461303627038679  0.01550266801469088  0.01631317039520766
  0.01824242789625556  0.04967593145439780  0.18740521537773253  1.00000000000000000
 -0.00230140643508967  0.00934418655257049  0.01910238138156746  0.02945637057997222
  0.03964653889538793  0.05016055121687389  0.06088193510530812  0.07139478765305876
  0.08184338307698807  0.09213238843338464  0.10241061018639037  0.11273249385203286
  0.12315163796869372  0.13364365403267969  0.14439864484651108  0.15502233545915237
  0.16556445212229176  0.17601543759187396  0.18659260994701993  0.19733488948400518
  0.20796344000589295  0.21863707556882975  0.22942530485680093  0.24015405160884057
  0.25089417004148695  0.26148128800462722  0.27201901443141868  0.28275027986399920
  0.29351145197848305  0.30433677696998518  0.31499088471637993  0.32582938043096799
  0.33652899731803282  0.34710875837209149  0.35762903306007676  0.36817784459542213
  0.37872038085157256  0.38931109115073881  0.39987517722698979  0.41042997448459034
  0.42102943224529782  0.43175682509182228  0.44221243410709349  0.45269812683090910
  0.46330779521671844  0.47406157621371992  0.48466053937190157  0.49528282112275490
  0.50593020538085953  0.51638822152967789  0.52688413134446321  0.53730156862633605
  0.54812365538618113  0.55891192286285551  0.56978599039207045  0.58031929437367802
  0.59056637717348415  0.60099020722163987  0.61131406079431228  0.62175464947386727
  0.63202739421127030  0.64235606988095939  0.65291444314368052  0.66357883603902768
  0.67435852070247548  0.68501141161958601  0.69562297663902517  0.70638660702027178
  0.71687176365510363  0.72731686324954203  0.73780664219673842  0.74814131612099355
  0.75899791705657571  0.76966279267706850  0.78039736165915696  0.79119646318200121
  0.80175161678952500  0.81245748961149378  0.82272454108125948  0.83306695132674424
  0.84339956153413664  0.85390246325752683  0.86449576371472081  0.87509646483450487
  0.88530561100630356  0.89560503123399460  0.90605205021195323  0.91657406511122907
  0.92710318604786091  0.93746026264411764  0.94778729598938827  0.95803387971568066
  0.96839276963944121  0.97881924495189476  0.98937127759714594  1.00000000000000000
 -0.00468445806493248  0.02549227751852550  0.04631148510338060  0.06353841294714523
  0.07894647636697308  0.09321751709398650  0.10671612189219959  0.11969293338352319
  0.13224969420759358  0.14443421779432261  0.15630630701894099  0.16786176869409516
  0.17906878479031121  0.18995692042573870  0.20057812939946446  0.21096943196626233
  0.22117448744617407  0.23117816196098948  0.24095491791139648  0.25063575257841092
  0.26027417250507678  0.26982602745021095  0.27921898965986591  0.28845962038551010
  0.29761158480024436  0.30669604804271483  0.31568395210511963  0.32459689407483483
  0.33348469972273553  0.34235302893331632  0.35121275426363713  0.36003430591901081
  0.36877747237045838  0.37745440593110302  0.38608532901851877  0.39468357531477266
  0.40319099635029759  0.41162063965630907  0.42002035177804808  0.42841436991251380
  0.43680873516695845  0.44513325683444960  0.45332381235651215  0.46154983591154947
  0.46988732641640163  0.47822353223044184  0.48646285935168310  0.49476555327434774
  0.50299914422140479  0.51124606019380514  0.51943346494820131  0.52766894695492950
  0.53587144646949370  0.54406906577940051  0.55235264780824045  0.56065441509268599
  0.56915700141754910  0.57773514474431564  0.58629263356320593  0.59485941110803586
  0.60339406045234467  0.61184325581650678  0.62016683430928032  0.62842750142114201
  0.63666388789525175  0.64503253341361000  0.65359323670330549  0.66221001386392486
  0.67084321165150385  0.67949363011141828  0.68821392662782455  0.69698971934684018
  0.70575289057084389  0.71457409873768596  0.72351504607588490  0.73261445342800746
  0.74183059810744933  0.75106517967162056  0.76027284543350260  0.76945119771120563
  0.77871437589706671  0.78815838761175816  0.79790785429727884  0.80794249721118083
  0.81826941914208373  0.82883373997848753  0.83950369462967589  0.85053538936677386
  0.86205354987995808  0.87426095844029639  0.88725531125184198  0.90138181671683959
  0.91720409841615791  0.93564340233842080  0.96036848520649698  1.00000000000000000
 -0.02742838683009639  0.13617243210816093  0.17467586818771938  0.19760795414621743
  0.21499268106614633  0.22955326153297834  0.24207257320163905  0.25369570389918367
  0.26398949194456639  0.27363448573784438  0.28256921342716818  0.29114958921591544
  0.29927268823565056  0.30704247515721667  0.31454886024450213  0.32166718165303165
  0.32860775864581993  0.33540265116298323  0.34202522508343314  0.34850106608322767
  0.35475572694144891  0.36085590955284269  0.36684770918410375  0.37277298160792349
  0.37864088364247345  0.38445477434683728  0.39022797466399495  0.39582922859028752
  0.40126681016305954  0.40662644782958801  0.41191695950454321  0.41716692534098243
  0.42238310901137394  0.42757493816621656  0.43277789191009586  0.43789874936820933
  0.44292980667869170  0.44792049713743870  0.45289709786210991  0.45789268298915087
  0.46291150800543268  0.46790758680031153  0.47286278225135542  0.47777064260757041
  0.48261891769926052  0.48744439201144324  0.49228149512161484  0.49720416557828306
  0.50207905848102397  0.50701546611350912  0.51186460191869343  0.51673296464830754
  0.52161927290371846  0.52654731881273675  0.53151755772127007  0.53651339708679524
  0.54151549928703346  0.54653573617296647  0.55155794658695112  0.55658178562837801
  0.56164523958507029  0.56674991269073827  0.57186011885952637  0.57696941463999951
  0.58217887644917188  0.58745520658597006  0.59279643685099082  0.59815158654544687
  0.60355277133230045  0.60908016105926333  0.61474116696597314  0.62050291344913133
  0.62634198723821455  0.63234571126397088  0.63837276772917606  0.64449853329208673
  0.65083656328963324  0.65730380490058216  0.66393771384805933  0.67076482654871550
  0.67778689147954974  0.68494149394949710  0.69226894429313446  0.69988931399535503
  0.70785032827933081  0.71649649720313413  0.72541900393885839  0.73502449613828902
  0.74522950524369169  0.75665204419181731  0.76938343545670984  0.78386304150438268
  0.80144525553070733  0.82456607918767388  0.86307783319705478  1.00000000000000000
   1.2598251103751432E-002  -1.0000000000000000     
 T T T T T T T T T T T T T T T T F F F F F F F F F F F F F F F F
  <DiscreteSampler_grid>
  grouped_processes
  1 # 1 for a reference and 2 for a running grid.
  10 # Attribute 'min_bin_probing_points' of the grid.
  1 # Attribute 'grid_mode' of the grid. 1=='default',2=='initialization'
  0.0000000000000000 # Attribute 'small_contrib_threshold' of the grid.
  0.5000000000000000 # Attribute 'damping_power' of the grid.
 # binID   n_entries weight   weight_sqr   abs_weight
    10   10   2.703102809665216E+009   1.499713618201288E+019   2.703102809665216E+009
    16   10   2.703102809665215E+009   1.499713618201288E+019   2.703102809665215E+009
  </DiscreteSampler_grid>
