 -0.00015873788378088  0.00138033199751139  0.00349792977236982  0.00630284222199213
  0.00973062032613027  0.01365482879162215  0.01792798534371454  0.02259530332199515
  0.02760579565713809  0.03278691298598131  0.03838838680741858  0.04439438038172430
  0.05066892927380165  0.05733025335115473  0.06423597115750695  0.07125421017336921
  0.07831964195041512  0.08551745395472979  0.09293525344236964  0.10061964576111369
  0.10851195541846248  0.11662982552453774  0.12496890005878325  0.13341579340940177
  0.14205417413389596  0.15105494256389387  0.16018709074963539  0.16960709331445434
  0.17945980381628149  0.18953967979730674  0.19978603603492229  0.21009734327709095
  0.22033941389183528  0.23054940951467198  0.24087441219495367  0.25137806671151258
  0.26182553341941955  0.27239497944292834  0.28311243854624929  0.29405311933673378
  0.30518714148749049  0.31648769587113079  0.32822405633417084  0.34020193051869574
  0.35224471691355747  0.36437156893174871  0.37658993973999699  0.38886148827334593
  0.40132636012467582  0.41394949013039140  0.42663196311849949  0.43935079636961738
  0.45206548759080611  0.46485610503936864  0.47782745455326842  0.49095704149806296
  0.50419701814987194  0.51752211548244120  0.53102882705224108  0.54437108676776103
  0.55787582028700688  0.57134505810687775  0.58462484756197597  0.59787727286115178
  0.61130777558345795  0.62492589812234001  0.63860555282051223  0.65225633670348449
  0.66585104328423572  0.67928183227918315  0.69262422330563889  0.70587869338450415
  0.71913385071511970  0.73242119489259139  0.74569248012165856  0.75893751071999571
  0.77215672100029875  0.78532039877953952  0.79841479873470422  0.81135214231400610
  0.82371992428654628  0.83606449717398268  0.84839351308888911  0.86064839268988214
  0.87281819279611694  0.88489312553156885  0.89682781762988040  0.90860692506121798
  0.92046871615029435  0.93231749251574003  0.94397271972527996  0.95536818011078251
  0.96662022985604334  0.97780895313528249  0.98892512293242885  1.00000000000000000
 -0.00243332924800489  0.00987101748311492  0.01999176131053930  0.03150646736702924
  0.04281309063308421  0.05404384970631260  0.06503558809445154  0.07589820026331826
  0.08650928913182560  0.09665261141124186  0.10673427790834007  0.11696764017619488
  0.12719010438918787  0.13794207940770381  0.14849221943999621  0.15955131902635275
  0.17033959670147411  0.18118425644474723  0.19185421146552475  0.20248377685527449
  0.21307001215174154  0.22392238154548505  0.23459962840002058  0.24523554848464768
  0.25572387731182461  0.26596799122369530  0.27640264960879674  0.28666097611443098
  0.29753642645337136  0.30832022505127510  0.31927243957881080  0.33017380973068255
  0.34081857035071689  0.35129080262020546  0.36152576341423537  0.37175693043352120
  0.38196093730691766  0.39213854215574689  0.40256439595550669  0.41302428649888817
  0.42340438588138024  0.43368841773771449  0.44427664443854770  0.45477085065048223
  0.46499101533365672  0.47501650883384516  0.48519000793566119  0.49550438613432918
  0.50588196967739596  0.51622210861486006  0.52682593325038307  0.53744864840914475
  0.54804607793947668  0.55871834466196635  0.56914406520460592  0.57949001721237459
  0.58975228842600802  0.59993287084232017  0.60990122519238932  0.61989625183381147
  0.63004211445409042  0.64057093728013326  0.65074157185830483  0.66085626975988843
  0.67119919563450048  0.68181827133560524  0.69244803260487364  0.70279282122028286
  0.71326875347570173  0.72361425326096551  0.73410889044254857  0.74442676710947597
  0.75492427621133895  0.76541747523408976  0.77588798523441993  0.78632946287463534
  0.79717758283655504  0.80820607589802207  0.81921267247342300  0.83038617299907014
  0.84123432099520612  0.85222338489051763  0.86242137877813285  0.87250759779907439
  0.88265870801027335  0.89306367942321963  0.90333528134300889  0.91361826623996878
  0.92410635096577431  0.93506160283956574  0.94576394214546933  0.95639530345567425
  0.96714744446329537  0.97800660640835335  0.98889979153683816  1.00000000000000000
 -0.00362466909083025  0.02044440807705147  0.03728850775818654  0.05193732986130302
  0.06543850477153404  0.07781602188195949  0.08917698923792385  0.09977666237197479
  0.11000539442890914  0.12000406846987020  0.12979180491972911  0.13935921725147526
  0.14891162791555754  0.15862994026278612  0.16831558159348212  0.17786570840802676
  0.18736185425032512  0.19677227086612351  0.20598270647967051  0.21503759235794787
  0.22401059979946983  0.23280038785148077  0.24141918279274030  0.24982386853466654
  0.25810793573422186  0.26626259389715384  0.27417607773824854  0.28217650758351864
  0.29010795575493342  0.29847372386766818  0.30694985848669037  0.31519961062213470
  0.32330291161222535  0.33125502212402552  0.33912301825519231  0.34697817068230102
  0.35492889239060721  0.36298314012233163  0.37100526026836805  0.37907844246077099
  0.38722648568183854  0.39542293073970808  0.40376158587866567  0.41207884362035779
  0.42011757436063130  0.42796274715909405  0.43572039345829672  0.44336072653071301
  0.45098217246094485  0.45867618534431792  0.46643669376782504  0.47423004683476100
  0.48215277120989664  0.49032745111365017  0.49861300659771307  0.50694303186912815
  0.51530939008147358  0.52364352913422962  0.53220644487402935  0.54089114196622989
  0.54952275144260532  0.55821083585837872  0.56678443742138085  0.57530159311459683
  0.58390984925625311  0.59245793992582718  0.60104303950748506  0.60975214197786431
  0.61861866643599928  0.62776153181543959  0.63706201243174221  0.64653933462655233
  0.65630407911220012  0.66623762694382427  0.67621745088893992  0.68625112802781452
  0.69646246924999888  0.70667643469954011  0.71701628768695902  0.72754401354319365
  0.73838132097436338  0.74939823751678369  0.76048669345255782  0.77171101082432347
  0.78320844921558119  0.79504987027876151  0.80751223533241423  0.82060143688561826
  0.83438457186858750  0.84869506758731372  0.86351844128311550  0.87933795390920755
  0.89756333773695041  0.91955292091196073  0.95016421470287127  1.00000000000000000
 -0.02826828972147111  0.13567124495577537  0.17519603991026433  0.19819106564615777
  0.21571712530541667  0.23034074648598776  0.24295880058005312  0.25415399285605139
  0.26442913184305661  0.27412258539046469  0.28313351708694079  0.29176019532406733
  0.29952592048602728  0.30702098653901394  0.31432831422011287  0.32146309294029107
  0.32856156461502062  0.33543426847069341  0.34205203463048284  0.34855166499754292
  0.35492768571803729  0.36109975031756003  0.36707439299078271  0.37289322324778645
  0.37850126098467357  0.38415731612609416  0.38979355311547914  0.39534943475920081
  0.40075734684079439  0.40603484168110549  0.41127369807851655  0.41646618889351161
  0.42167464436172603  0.42687090156441510  0.43198381593955948  0.43707402720000221
  0.44216311133547315  0.44725422824790478  0.45229347386260138  0.45722839479559529
  0.46211353796866217  0.46700267749127583  0.47191659321624058  0.47684120329684482
  0.48178345151705804  0.48667934313387667  0.49156625275594318  0.49644803533947990
  0.50132399843498199  0.50625486917538987  0.51109845862096293  0.51594902710481838
  0.52085757528095777  0.52588414466206179  0.53098884937134638  0.53612495867685417
  0.54126177328572611  0.54638065499172617  0.55149798807072559  0.55662019846993283
  0.56174738838797456  0.56690658314562703  0.57209262391984173  0.57728388291081678
  0.58247738521275483  0.58773272717159186  0.59307438679179780  0.59842465999623184
  0.60380750088484014  0.60924641222597908  0.61474186461818414  0.62041398668463854
  0.62618178673556524  0.63202736125278280  0.63794354096595096  0.64395044415501068
  0.65009291164498872  0.65639373114526378  0.66277821780080948  0.66942150332011208
  0.67627684465980220  0.68340487785991066  0.69093257739752734  0.69881494012042045
  0.70690798358271933  0.71537341339079263  0.72434235772932820  0.73410569123872738
  0.74487447984694188  0.75635832165527039  0.76879578360898781  0.78321826635361069
  0.80091939633972453  0.82411274959766190  0.86267278811982995  1.00000000000000000
   1.0643570103239491E-003  -1.0000000000000000     
 T T T T T T T T T T T T T T T T F F F F F F F F F F F F F F F F
  <DiscreteSampler_grid>
  grouped_processes
  1 # 1 for a reference and 2 for a running grid.
  10 # Attribute 'min_bin_probing_points' of the grid.
  1 # Attribute 'grid_mode' of the grid. 1=='default',2=='initialization'
  0.0000000000000000 # Attribute 'small_contrib_threshold' of the grid.
  0.5000000000000000 # Attribute 'damping_power' of the grid.
 # binID   n_entries weight   weight_sqr   abs_weight
    10   10   2.267843465621441E+008   6.570347161299383E+016   2.267843465621441E+008
  </DiscreteSampler_grid>
