 -0.00009001507370695  0.00086051534482451  0.00194516827508989  0.00356668131524848
  0.00559939946598494  0.00816301504469165  0.01137658224853020  0.01477379006189763
  0.01865967395572709  0.02296088148033119  0.02759245021247106  0.03249819105848797
  0.03784746516984686  0.04345584754760958  0.04942097656920115  0.05570545430499488
  0.06217999476823789  0.06885850544433313  0.07575419157565058  0.08281230821214686
  0.09033443365365057  0.09827578480180889  0.10626210169919334  0.11428943218099437
  0.12238680636623332  0.13081864948699160  0.13956164338363380  0.14842377183616393
  0.15735761772496248  0.16632585093669008  0.17527351204557065  0.18460393105928238
  0.19423227565234147  0.20404588569340090  0.21399778287559412  0.22405471426971607
  0.23414033068259851  0.24437068076346635  0.25485788040017765  0.26543032233089159
  0.27606782628507925  0.28687727328820162  0.29780821139171954  0.30880477367146092
  0.31996043681692815  0.33124918513764473  0.34276757830256938  0.35445711458712270
  0.36621932475624436  0.37777390851348236  0.38932353496767924  0.40097799422313218
  0.41261288847803784  0.42419276700114450  0.43613821206996289  0.44822398551674275
  0.46021836397295218  0.47289165061811123  0.48564280498412810  0.49793572138792913
  0.50998021893462908  0.52164726058175448  0.53394363922935995  0.54644741013151610
  0.55904111916558619  0.57160983007312893  0.58410957358441540  0.59665535753944732
  0.60951321350167986  0.62267963786676628  0.63557454057669516  0.64924090841953641
  0.66363110230736833  0.67843891889855978  0.69329043515324318  0.70796586694539021
  0.72275039313368450  0.73739905796246219  0.75191840931957676  0.76652308538384073
  0.78086438249905932  0.79548083512328649  0.81022337057657901  0.82501071263159309
  0.83989633230631211  0.85450638508263332  0.86894439590889605  0.88318009930154484
  0.89735765684860269  0.91191188655208777  0.92621321805183099  0.94069524434240315
  0.95539705168519662  0.97029794937234271  0.98526881243315834  1.00000000000000000
 -0.00234574963399361  0.00973442926297651  0.01983777102426880  0.03096849486457723
  0.04203631424206892  0.05345294081629343  0.06463649974135599  0.07582848386311250
  0.08678412521513741  0.09760184345973627  0.10836535667498878  0.11893387521395896
  0.12954039243729923  0.13983379691644718  0.15044735609978596  0.16133831039681296
  0.17277776113658647  0.18452139530658102  0.19655520903483831  0.20803163318379911
  0.21864782015930490  0.22893728974784061  0.23915740298785332  0.24973145783874096
  0.26065402614566530  0.27178072448686108  0.28308332410359144  0.29472900621360049
  0.30630447240351077  0.31712752787276244  0.32694364446729302  0.33691343714433586
  0.34712533828783321  0.35730420439152666  0.36738721316574452  0.37727495255048044
  0.38692733222503167  0.39651296569916999  0.40616533812394545  0.41587966650435682
  0.42573448787118379  0.43565297648580659  0.44549105442521575  0.45508000108986657
  0.46507805329506907  0.47465025839572628  0.48413945398954034  0.49366357103871444
  0.50355250676809038  0.51445724721959418  0.52557384013073571  0.53671790348332782
  0.54724620165252302  0.55775095850223211  0.56868166525733232  0.58036297171370199
  0.59221003896957891  0.60368599233006348  0.61480870144050415  0.62586379605082576
  0.63680852948113220  0.64759014281602478  0.65800955797344807  0.66849938849207513
  0.67933858796459268  0.68980934214882994  0.70015370983665426  0.71025596744631125
  0.72057969171429670  0.73074607506014222  0.74088008079852896  0.75075340204161134
  0.76087528953970263  0.77077884387307183  0.78128690101867115  0.79153524015605869
  0.80173233730718152  0.81174434308652865  0.82198878144700926  0.83224258391222916
  0.84243684580542466  0.85273129842947848  0.86311481572132664  0.87365277529598229
  0.88476706962465734  0.89579280890219470  0.90599691568331475  0.91594916939439808
  0.92621788340137967  0.93631255941230707  0.94591963395486822  0.95553704252871319
  0.96609697741563927  0.97735102231712900  0.98872032623104567  1.00000000000000000
 -0.00300179752021086  0.01954402388809505  0.03618059502670292  0.05029871026411589
  0.06368180226328737  0.07615835586128387  0.08860627440093349  0.09993119364591789
  0.11061754055968294  0.12048789821691185  0.13049313872788260  0.14084439895160239
  0.15158596310943095  0.16262902261148679  0.17241392930422200  0.18182058780737517
  0.19056869409257310  0.19890480258959975  0.20767988156661985  0.21657619829702823
  0.22505692854686254  0.23379032188030782  0.24273624273278036  0.25203242159505290
  0.26190952329889267  0.27192482675371477  0.28165604224338076  0.29093121446487397
  0.29957254959553187  0.30773737866746026  0.31612156314382012  0.32472649434750483
  0.33315258412677345  0.34131413039711217  0.34928322124118133  0.35750498429846844
  0.36605792882945098  0.37434467415511857  0.38157320755147472  0.38822836881655798
  0.39507619144703204  0.40189040788125335  0.40880890290537081  0.41580161077419986
  0.42296287901481427  0.42988530859968815  0.43673841825259374  0.44418350397712714
  0.45199774138907839  0.46005384400669996  0.46814208431675397  0.47600260741683914
  0.48353132616013234  0.49094589449264348  0.49877127147549399  0.50726086702381157
  0.51601579437784173  0.52466741607750778  0.53332593224904068  0.54211131133418977
  0.55115521685649216  0.56045659654239044  0.56970662299947827  0.57889095718332417
  0.58827290365882223  0.59750556409050049  0.60667271993176275  0.61576031759154126
  0.62513031356522664  0.63464136259530590  0.64404080015167553  0.65346609614294093
  0.66312026307502436  0.67314752382649934  0.68329684478360808  0.69385928984064760
  0.70465530915621744  0.71482526040796490  0.72457142748951620  0.73470042728078333
  0.74504302736771710  0.75576953539189684  0.76676896544385043  0.77828650320140103
  0.79000702526395994  0.80189751364747874  0.81451024536167849  0.82838924352077092
  0.84393138393334133  0.86080475319255956  0.87725643091736349  0.89285568517793157
  0.90949575165856489  0.92931793609613689  0.95520590153025831  1.00000000000000000
 -0.03516364792158762  0.16696032686142975  0.18676425814235595  0.20213539461547086
  0.21562262331604878  0.22820751383447893  0.24049631125856294  0.25191100284068862
  0.26149086631100366  0.27028683804948800  0.27888468149206458  0.28765186844981666
  0.29572199243902947  0.30348236730112332  0.31094300555872045  0.31829504643132089
  0.32552902243138176  0.33223546383953062  0.33882203627910706  0.34501029019261836
  0.35129901805161762  0.35709502764682571  0.36258685614323510  0.36818889522503606
  0.37382224706928285  0.37933063459587613  0.38454507702716617  0.38963781423511912
  0.39472568758923338  0.39984926029830359  0.40507708537318193  0.41035313644151250
  0.41573680411679098  0.42061291175034121  0.42541669224414796  0.43002113362958444
  0.43462783979669034  0.43914672700151947  0.44358940062507674  0.44807767490609018
  0.45253843455867665  0.45696236057559064  0.46142628120146656  0.46590428881330465
  0.47037476356907409  0.47483545522642923  0.47925692233064376  0.48368488661764913
  0.48823581646732173  0.49294958464539351  0.49769413574928217  0.50250504809093166
  0.50723076821900204  0.51194495995499234  0.51666432652176508  0.52133153815585676
  0.52591433329245929  0.53048657357335838  0.53515345506048839  0.53992859806890892
  0.54473806960802618  0.54936075543151164  0.55392978768423473  0.55858741819434243
  0.56352432203872371  0.56873219075719061  0.57386830922478760  0.57884542771189762
  0.58370667720904501  0.58843534125711339  0.59312134504816372  0.59788211449696271
  0.60283116038822637  0.60814594383610887  0.61371937502403384  0.61932742409527797
  0.62486181242734462  0.63020709163382882  0.63553538583019520  0.64052320078972957
  0.64571067502336410  0.65123286261288016  0.65701031366181106  0.66302618939262115
  0.66933902876102158  0.67598406216996676  0.68277291032938092  0.69008151535341689
  0.69775735316703225  0.70569701314941891  0.71426128608433881  0.72383837736062739
  0.73506123328194672  0.74783970040150083  0.77017131241993242  1.00000000000000000
   6.6516781463239765E-005  -1.0000000000000000     
 T T T T F F F F F F F F T T T T F F F F F F F F F F F F F F F F
  <DiscreteSampler_grid>
  grouped_processes
  1 # 1 for a reference and 2 for a running grid.
  10 # Attribute 'min_bin_probing_points' of the grid.
  1 # Attribute 'grid_mode' of the grid. 1=='default',2=='initialization'
  0.0000000000000000 # Attribute 'small_contrib_threshold' of the grid.
  0.5000000000000000 # Attribute 'damping_power' of the grid.
 # binID   n_entries weight   weight_sqr   abs_weight
    10   10   1.785010464531178E+009   3.734738309742053E+018   1.785010464531178E+009
  </DiscreteSampler_grid>
