  0.00000155630361082  0.00000548264529810  0.00001184638573220  0.00001810645780397
  0.00002410069820091  0.00002981201070239  0.00003525962922283  0.00004064299044553
  0.00004595626171224  0.00005138693129842  0.00005691289390445  0.00006248707491458
  0.00006813945062604  0.00007394657329332  0.00007987122913145  0.00008591938052147
  0.00009206396154624  0.00009837372651910  0.00010490112707286  0.00011160262984674
  0.00011848205637540  0.00012551224768239  0.00013256594855175  0.00013976175085925
  0.00014708593809923  0.00015453791709987  0.00016211993585889  0.00016986797175464
  0.00017783276314825  0.00018600067467481  0.00019439233465713  0.00020307151033140
  0.00021208411592480  0.00022143145273327  0.00023106296335071  0.00024115264202393
  0.00025167636846008  0.00026257819701969  0.00027427717698674  0.00028640047049849
  0.00029965725451621  0.00031297805636793  0.00032677862224733  0.00034101739787988
  0.00035578786633959  0.00037145032651497  0.00038758177033780  0.00040476846990211
  0.00042266831816832  0.00044161273727558  0.00046154699601003  0.00048256575123346
  0.00050491755806776  0.00052832241787371  0.00055301268480084  0.00057899584620254
  0.00060664232661259  0.00063631682627980  0.00066766958549938  0.00070100906230443
  0.00073636153968266  0.00077448048104182  0.00081482290401583  0.00085858999039579
  0.00090617148629556  0.00095790854369454  0.00101322603906728  0.00107259609519109
  0.00113635417266736  0.00120519956011808  0.00127993135134958  0.00135952986270661
  0.00144822933762846  0.00154900035855472  0.00166280242806056  0.00178792446349916
  0.00192287124113409  0.00206978066686259  0.00223543685816806  0.00241826547177366
  0.00261682112811537  0.00284493482976156  0.00311105813227565  0.00343030865796167
  0.00380153745470224  0.00421385094830116  0.00467058162519131  0.00521339885165894
  0.00593789255227917  0.00679126199410969  0.00772703269600787  0.00911215079596746
  0.01085375335573776  0.01344349170796426  0.26851710633711473  1.00000000000000000
 -0.00235860753953638  0.00905069494974990  0.01877882311744249  0.02909499602098711
  0.03941674782642243  0.04998317944691279  0.06053057699360151  0.07076372544281255
  0.08109703704042605  0.09171170570037800  0.10239692433426530  0.11301012806496692
  0.12336860343832147  0.13367796013751290  0.14409892477833031  0.15453984072606206
  0.16495927066972443  0.17546241556398601  0.18590533176754062  0.19661942663531101
  0.20750139377848498  0.21845930639111327  0.22950761726618835  0.24036966363070389
  0.25104863843814973  0.26172006244639506  0.27234324298908180  0.28291954572132821
  0.29346883087707998  0.30385402078368084  0.31413586508120861  0.32422149927650351
  0.33449025269071908  0.34517686722270086  0.35586658879288191  0.36638542838048155
  0.37680563518103127  0.38734453607783359  0.39771173026909390  0.40812216465372581
  0.41842286682895213  0.42912720741247812  0.43972510338174475  0.45017086537357143
  0.46073055066604357  0.47153114441424332  0.48221928995706287  0.49276550745821557
  0.50302866751691500  0.51351080350552436  0.52392726455193317  0.53438333120441239
  0.54486262050270395  0.55557869547939820  0.56630538384501272  0.57711475426663750
  0.58784227133385902  0.59856925813604878  0.60906765299923493  0.61942757385130165
  0.62980375314312265  0.63997326947176436  0.65007808263181299  0.66023745102166198
  0.67041985587681452  0.68079734606565756  0.69121710299151129  0.70187831881898743
  0.71223051356724965  0.72257126743088673  0.73280222855748478  0.74323511073845283
  0.75371827805853120  0.76420499212084658  0.77470410713813953  0.78503897869947703
  0.79549977740149358  0.80636394661365396  0.81721803772827040  0.82820553273550845
  0.83902730490655253  0.85015473587421797  0.86115880159792646  0.87212329720956205
  0.88300443494980974  0.89385971300925493  0.90456844349941101  0.91550036322821038
  0.92638473152466971  0.93734344128843017  0.94790935917110075  0.95847079161972248
  0.96882914083370242  0.97916392240369554  0.98954673114795855  1.00000000000000000
 -0.00350915245192175  0.02275244446334561  0.04208778421529956  0.05839509974660324
  0.07320641128766864  0.08707180777274748  0.10038406127444992  0.11321015954620660
  0.12551351479434109  0.13733321649604005  0.14875007159713452  0.15992785308617588
  0.17091186400178138  0.18175193457610220  0.19229736341406711  0.20247154602214384
  0.21235003345648984  0.22204480939377136  0.23170301414569727  0.24128356154013123
  0.25060769851393877  0.25970941324601426  0.26873885874121517  0.27775604568732637
  0.28672256365849336  0.29551893402992652  0.30418135875222235  0.31286617985617682
  0.32157984529752753  0.33026355757355386  0.33870382562478424  0.34692961318288679
  0.35505122231477132  0.36309556564130430  0.37108290211581263  0.37904352772198191
  0.38702901173356857  0.39505687874524786  0.40314142057774111  0.41119679111949997
  0.41912863098672265  0.42688654708033413  0.43460315465066729  0.44239000099989084
  0.45037616340795633  0.45822981178869859  0.46590390566140250  0.47359658928431131
  0.48133661069960804  0.48908442033753408  0.49688177837004932  0.50460993317018532
  0.51232713319492118  0.52006617850164183  0.52792021279828805  0.53581599075767128
  0.54372660349227431  0.55168935627771787  0.55965939301576528  0.56764099475531504
  0.57566051463081824  0.58371793992280752  0.59186070619128273  0.60005587983322195
  0.60832275789945844  0.61670743024059316  0.62525053748551229  0.63402168210029441
  0.64289835568461029  0.65158199879230949  0.66009581493974201  0.66887223136531260
  0.67767601724500748  0.68656197147137155  0.69537143176040395  0.70423479265646505
  0.71352336626238866  0.72312250029187564  0.73277904018567486  0.74249047706835192
  0.75239732547469285  0.76268629283157319  0.77337264884677703  0.78434111088885150
  0.79537334759076539  0.80647025890521695  0.81799889889883937  0.83003337313843506
  0.84265726377722361  0.85586600660606427  0.87041492742383175  0.88603763035712868
  0.90344332236845903  0.92380321451138991  0.95111035508988717  1.00000000000000000
 -0.01855840459146856  0.10861901378919717  0.14423098688548738  0.16616743999390476
  0.18382368295064622  0.19880396709470868  0.21199729003069326  0.22400887425380858
  0.23512805549322283  0.24562393153871570  0.25548403487667509  0.26492115613910827
  0.27388680606318955  0.28242359353178292  0.29063932600278491  0.29857755053554302
  0.30633020691523277  0.31397353873421457  0.32149006689575654  0.32886376468558742
  0.33599818423910516  0.34299865378411576  0.34987751978559167  0.35661554815943564
  0.36324665602865902  0.36981453479560072  0.37624271886277694  0.38246630681280325
  0.38855733962375183  0.39459747594278488  0.40062096588686885  0.40665544885359400
  0.41265577971529493  0.41865078944831857  0.42458203080891788  0.43045934077297759
  0.43624012997075695  0.44190993281535007  0.44751014166969799  0.45319062304442975
  0.45883776772524804  0.46440411221085320  0.46989891255866661  0.47534145439050018
  0.48075306078832236  0.48615893339605248  0.49161028899993892  0.49707057290479650
  0.50264712419375512  0.50822427902146239  0.51376879610130421  0.51931099210155995
  0.52484183160160158  0.53040293372974523  0.53594659490101404  0.54151727320249055
  0.54715492208966987  0.55284769682984014  0.55857216310582580  0.56430715865098124
  0.57003976849973514  0.57580418602985273  0.58159936286028280  0.58751213834761173
  0.59343353827067058  0.59938710178949939  0.60539148365138018  0.61146316084813890
  0.61763161398199828  0.62390710475085731  0.63039374658775116  0.63699556590850859
  0.64356869873955580  0.65016156807856929  0.65681608198528774  0.66359682923350927
  0.67061996170003213  0.67785842883750191  0.68521796787108868  0.69285185067952193
  0.70073923191779819  0.70886639011133523  0.71730056555651234  0.72598806528169113
  0.73503364330083498  0.74454457264642393  0.75445512759550892  0.76494683492041382
  0.77609070914449096  0.78832182003344886  0.80162223839369839  0.81639764355896649
  0.83338919579207216  0.85504594423193636  0.89093797214239545  1.00000000000000000
   3.2181673179329669E-003  -1.0000000000000000     
 F T T F T T T T T T T T F T T F F F F F F F F F F F F F F F F F
  <DiscreteSampler_grid>
  grouped_processes
  1 # 1 for a reference and 2 for a running grid.
  10 # Attribute 'min_bin_probing_points' of the grid.
  1 # Attribute 'grid_mode' of the grid. 1=='default',2=='initialization'
  0.0000000000000000 # Attribute 'small_contrib_threshold' of the grid.
  0.5000000000000000 # Attribute 'damping_power' of the grid.
 # binID   n_entries weight   weight_sqr   abs_weight
    10   10   3.409221189653662E+008   4.150811878914096E+017   3.409221189653662E+008
    16   10   3.444945810999079E+008   4.162112133382572E+017   3.444945810999079E+008
  </DiscreteSampler_grid>
