 -0.00000101942262251  0.00000786464415990  0.00001414592541859  0.00001895420414158
  0.00002397451356223  0.00002876588512854  0.00003343255923414  0.00003806512453041
  0.00004269320792414  0.00004733968535383  0.00005203945649190  0.00005678883705821
  0.00006157080795365  0.00006648564084738  0.00007149687042180  0.00007657095638868
  0.00008172237703506  0.00008698812840674  0.00009251918582022  0.00009816545614355
  0.00010389111785622  0.00010969747971054  0.00011562067759765  0.00012167076827558
  0.00012782306821584  0.00013407446241208  0.00014045931941626  0.00014700104581784
  0.00015368956342882  0.00016041797952202  0.00016717166918338  0.00017405068757053
  0.00018115586619971  0.00018840051604084  0.00019581062177310  0.00020344190513711
  0.00021132187595260  0.00021953659474356  0.00022811801549224  0.00023698587810857
  0.00024610633567809  0.00025557224460549  0.00026531978309658  0.00027557797768723
  0.00028616792574035  0.00029701619293659  0.00030860164050146  0.00032006898515378
  0.00033283494497831  0.00034590692287162  0.00035969359461425  0.00037442059319063
  0.00038957228902685  0.00040566611009200  0.00042243732349422  0.00044020491557672
  0.00045899589990957  0.00047866382511976  0.00049937716575793  0.00052120224941007
  0.00054444583687848  0.00056923979232735  0.00059540268104823  0.00062315551333313
  0.00065247339266282  0.00068365427069166  0.00071681009663462  0.00075198655592596
  0.00078972227126404  0.00083032460157515  0.00087477184516752  0.00092308208749083
  0.00097566374002723  0.00103254538256967  0.00109609242363119  0.00116908101122289
  0.00124754622538476  0.00133462220592993  0.00142976923187310  0.00153887268321363
  0.00166438438237972  0.00180561110531381  0.00196915380408376  0.00216263779886788
  0.00238597177704129  0.00263851566045658  0.00294865721141550  0.00333763126973621
  0.00380962524950298  0.00441755652007079  0.00521145807365637  0.00632107237616908
  0.00798242644319155  0.01141513039788664  0.07985861968517335  1.00000000000000000
 -0.00243706395160739  0.00940803834821911  0.01947474417261956  0.02990021858831387
  0.04016485659509808  0.05019514744384712  0.06027280272975279  0.07077522166541564
  0.08134378214501758  0.09175757779471740  0.10222763698110178  0.11287404859193352
  0.12358754246901954  0.13412435418014557  0.14464988461740150  0.15547385966837568
  0.16626670226721263  0.17698307963755786  0.18756206110091983  0.19814701276201760
  0.20881645566197482  0.21931933055291566  0.22972988104178424  0.24020608154691012
  0.25070743213207264  0.26116081240759398  0.27162752868520335  0.28226082599994312
  0.29289816736719104  0.30356784171854734  0.31422132130742431  0.32493802123158055
  0.33567373409944168  0.34626246292618929  0.35680641536462915  0.36714219801510900
  0.37745441900241866  0.38782845625883972  0.39835567075916528  0.40904981222207321
  0.41971477817763964  0.43028841154785019  0.44077135611224383  0.45110365667063579
  0.46137690724452413  0.47168668963597526  0.48204589318593200  0.49237773325186140
  0.50284282596107654  0.51352378355475603  0.52412033381365375  0.53467736352891382
  0.54538654683953613  0.55640394792632808  0.56712969528454960  0.57752881372700227
  0.58812140793073830  0.59878700876519497  0.60930270664734509  0.61953589905402084
  0.62997526743534804  0.64042915225287256  0.65080235676544518  0.66101041529266447
  0.67143130085526648  0.68210943063791296  0.69272535565842208  0.70321783141782246
  0.71375636835820400  0.72435827709993039  0.73491666692301827  0.74525422451561862
  0.75591604130232048  0.76661758831986015  0.77730291187832412  0.78763709610509780
  0.79797269659763947  0.80837002642470634  0.81896123044734426  0.82957781750967119
  0.84013495471347854  0.85057285542609595  0.86109648017683715  0.87153392382723505
  0.88210857363485984  0.89269455351037874  0.90360562732227623  0.91445064138866883
  0.92511849355641118  0.93564024837348325  0.94639010879433583  0.95721546277529534
  0.96789760708536521  0.97839405088457165  0.98924135689229198  1.00000000000000000
 -0.00409878677547503  0.02527130091215541  0.04622861965230154  0.06360694890895763
  0.07897346573405489  0.09314296135623189  0.10658023012891712  0.11938618787256251
  0.13183271301242624  0.14392681182878547  0.15550550305521735  0.16654195520089426
  0.17721379029918419  0.18771978720039342  0.19807873438056295  0.20846323053241739
  0.21859767648892842  0.22857868026073916  0.23810856492543292  0.24747518123076093
  0.25662992186387845  0.26564605753880599  0.27460547385991635  0.28344231896799421
  0.29225271523634377  0.30080274000389184  0.30916868412917758  0.31746725551157834
  0.32590063416869464  0.33425469060393470  0.34260744504701024  0.35085382905950901
  0.35906200503869906  0.36715509327228385  0.37512374705520413  0.38309810993452353
  0.39106361568700737  0.39905262628706273  0.40705208469970772  0.41504599024507710
  0.42314833860050965  0.43130820086913613  0.43939003453045306  0.44752332214829937
  0.45561614249536614  0.46359663770703674  0.47162245130916552  0.47957241366505626
  0.48736683619750748  0.49508447417555568  0.50270943513780397  0.51030460016983425
  0.51783522410482785  0.52552715585829501  0.53318694095921315  0.54093955134458493
  0.54874467920532399  0.55665199276154498  0.56454323885637347  0.57230682006982025
  0.58001341550404784  0.58776044345497558  0.59563288637380263  0.60357652706654152
  0.61157131576098767  0.61958371284478808  0.62773318252711152  0.63606546840642542
  0.64447653494909818  0.65292277627435913  0.66149443028316923  0.67003541440486403
  0.67890773508854019  0.68770099051947919  0.69668782929540696  0.70567837823195578
  0.71474148630955736  0.72394939038597539  0.73349777661975690  0.74326865339791948
  0.75308720609278035  0.76304389983662235  0.77316664569370730  0.78355560890607989
  0.79411734985688787  0.80490408262840463  0.81626782195901670  0.82818125431828660
  0.84101669895431030  0.85459634044669253  0.86955949268211830  0.88560598161236015
  0.90325915578235660  0.92398337880201276  0.95201634034659333  1.00000000000000000
 -0.01849494926685341  0.10944377921639416  0.14543129931491855  0.16778487369049511
  0.18518997321375905  0.19986936845048545  0.21286818138996916  0.22482381669987392
  0.23591372631130039  0.24636935206116709  0.25627209376386079  0.26571977044064560
  0.27465134977031441  0.28316359118090900  0.29140688835783723  0.29940139122015336
  0.30721161177323830  0.31478505193685991  0.32208410892309736  0.32934488212168722
  0.33652174594001177  0.34350546106353308  0.35035870988838219  0.35703808386969144
  0.36361512525976891  0.37013703896562938  0.37658231616979426  0.38290273555730586
  0.38907499597894546  0.39514281410433760  0.40113893363746950  0.40710803976969195
  0.41312310470821700  0.41908923394331749  0.42496037965313438  0.43078527443176740
  0.43657942666890132  0.44229522591098464  0.44794380548427482  0.45355620998452045
  0.45912770747167697  0.46468054686451987  0.47026230553076276  0.47584325892934637
  0.48132907190665986  0.48669250179113199  0.49200743918282897  0.49729450179980472
  0.50266410237464165  0.50806265825277097  0.51352602382227763  0.51901277719234296
  0.52449242056708345  0.52996275638865509  0.53540972404526244  0.54090363441644118
  0.54652606758169908  0.55223197034411386  0.55794633731889354  0.56371276529265013
  0.56954758894143376  0.57545537697550520  0.58132688913410091  0.58718975052225852
  0.59303951819217482  0.59896633389232312  0.60492944970997564  0.61092147691488474
  0.61695887711943320  0.62310694900660324  0.62946444901598786  0.63598923510702887
  0.64254360193999394  0.64912774418337049  0.65575539024186513  0.66250048586187915
  0.66940155029448223  0.67652531187198106  0.68375910523467653  0.69118529113403704
  0.69880688294679238  0.70664792080720629  0.71493055598148580  0.72365196287208677
  0.73270689171456560  0.74230865415874658  0.75226832051810744  0.76294161777484115
  0.77435417678407492  0.78671061520242780  0.80027352725210776  0.81541613246669331
  0.83294040136235259  0.85487020240882661  0.89061447075070854  1.00000000000000000
   2.4839227969166659E-003  -1.0000000000000000     
 F T T F T T T T T T T T F T T F F F F F F F F F F F F F F F F F
  <DiscreteSampler_grid>
  grouped_processes
  1 # 1 for a reference and 2 for a running grid.
  10 # Attribute 'min_bin_probing_points' of the grid.
  1 # Attribute 'grid_mode' of the grid. 1=='default',2=='initialization'
  0.0000000000000000 # Attribute 'small_contrib_threshold' of the grid.
  0.5000000000000000 # Attribute 'damping_power' of the grid.
 # binID   n_entries weight   weight_sqr   abs_weight
    10   10   1.239215965916470E+008   2.819135166208458E+016   1.239215965916470E+008
    16   10   1.222493430234379E+008   2.809573912806578E+016   1.222493430234379E+008
  </DiscreteSampler_grid>
