  0.00000083538640916  0.00000687274108745  0.00001391448955579  0.00002004831824747
  0.00002581393176168  0.00003133599094364  0.00003670784383765  0.00004218239656890
  0.00004765415220048  0.00005330034595695  0.00005904836360279  0.00006471476195273
  0.00007020055380264  0.00007594596039498  0.00008177481267715  0.00008769375429982
  0.00009376854107406  0.00010002107384334  0.00010641933744514  0.00011294243375841
  0.00011957807599187  0.00012634423355734  0.00013328322425497  0.00014044485255140
  0.00014778249647422  0.00015521205927635  0.00016271876840120  0.00017032028343309
  0.00017812826682183  0.00018612181773876  0.00019441584961072  0.00020306190264066
  0.00021192798109266  0.00022114778173288  0.00023067678519031  0.00024052219706424
  0.00025078107182357  0.00026125211045094  0.00027241911297421  0.00028385218893716
  0.00029626286203921  0.00030912803917480  0.00032269964357310  0.00033682850330868
  0.00035144150299361  0.00036696751616742  0.00038303256080972  0.00040022053751785
  0.00041801647880652  0.00043679204703737  0.00045656893384358  0.00047732992798949
  0.00049922215511842  0.00052190103440593  0.00054571331409026  0.00057072787421055
  0.00059734588712431  0.00062599351172163  0.00065606315209642  0.00068848544561653
  0.00072258926313757  0.00075977972455383  0.00079915466159902  0.00084120778819718
  0.00088617131681713  0.00093468450087012  0.00098705179824461  0.00104294895838773
  0.00110375314630156  0.00116882018553377  0.00123892825503023  0.00131497205896146
  0.00140065608458768  0.00149535730743103  0.00159726296445860  0.00171100428731875
  0.00183602099814896  0.00197762470080985  0.00213843259874671  0.00232018592669153
  0.00253427059399559  0.00277842098644602  0.00304743978705570  0.00333896587729120
  0.00368612605514598  0.00411968940738869  0.00469363623933186  0.00544065821728784
  0.00641143509193103  0.00759319953417731  0.00909358321172430  0.01083063146562480
  0.01339138441243283  0.01719088138841544  0.30621293925177051  1.00000000000000000
 -0.00256605932252636  0.01033334561907337  0.02097463815168354  0.03169079856562439
  0.04225029015350682  0.05286860649375947  0.06344224748116935  0.07425939482619821
  0.08505692714291306  0.09593151066479136  0.10676827551412253  0.11790941032534390
  0.12908727622324925  0.14017758671983632  0.15106620771756990  0.16188453004020870
  0.17263740155532703  0.18340648145609764  0.19403624085059615  0.20442951332701312
  0.21477509346263374  0.22511441690819869  0.23544410138214814  0.24574080963504671
  0.25628096867798106  0.26694898885324381  0.27739743936546796  0.28786065775198827
  0.29851692933849516  0.30920366778681518  0.31956275915626636  0.32963854497259154
  0.33986666207520833  0.35031223441527426  0.36073942364030614  0.37102171390866706
  0.38105634306734765  0.39120394697198219  0.40144521925331500  0.41177050192935510
  0.42225110344984079  0.43266340217600935  0.44302579796043745  0.45346133101786940
  0.46394883931416470  0.47479494561468127  0.48536789117802376  0.49588217298630982
  0.50634025608919397  0.51693657074979238  0.52732332482077626  0.53759079682648214
  0.54765457956854813  0.55767764544091603  0.56797000347791649  0.57846188034069812
  0.58910729546627949  0.59943422338608210  0.60979748310677362  0.62029339098901792
  0.63080852481189920  0.64128918234691468  0.65183622598867685  0.66255211093420630
  0.67312510035678419  0.68374272478729869  0.69440466431806813  0.70532688448146741
  0.71593655032133874  0.72655579659445835  0.73714633171108601  0.74773868361857554
  0.75846701973870378  0.76934272257665037  0.78012863346295591  0.79071220765405603
  0.80121699862284923  0.81170718532337338  0.82204666004329374  0.83224793014162179
  0.84274276519867497  0.85317284002351690  0.86366564326807294  0.87406227668518488
  0.88457163029275543  0.89507415860145134  0.90549719007630247  0.91583121440540904
  0.92637180699984367  0.93699680705407651  0.94766160909087571  0.95832937073990465
  0.96865102591839169  0.97913001940507727  0.98949350033315253  1.00000000000000000
 -0.00373889947421703  0.02316821300300685  0.04267920886228162  0.05904630483257812
  0.07386469581700265  0.08778161755995376  0.10097754883711933  0.11341450732984590
  0.12540979759412088  0.13692294131363306  0.14813009638030378  0.15885370376322475
  0.16944075226192234  0.17993379835719170  0.19025917532933428  0.20051963861945951
  0.21062781310119391  0.22058888036893656  0.23030310331605475  0.23969705655378246
  0.24912161006967085  0.25839766630815203  0.26767344497771639  0.27660861581863805
  0.28532847681913442  0.29384740233603279  0.30222592288699968  0.31068202597717781
  0.31917904726233726  0.32760862191042461  0.33599484313866468  0.34428946650760162
  0.35252285116644305  0.36077063633891121  0.36908720103233472  0.37749162625141403
  0.38589198776742456  0.39415110380347512  0.40225194233333345  0.41022095028744404
  0.41817984519514523  0.42614346797902741  0.43410476421619265  0.44212666850404936
  0.45013875238174594  0.45804561992788095  0.46599385886801770  0.47396058219151410
  0.48195889113939949  0.48992358373172773  0.49787885746458793  0.50591967820012795
  0.51400881844091928  0.52212035951514701  0.53009686618540586  0.53798155513553658
  0.54587118922614808  0.55375052164946970  0.56165143815983576  0.56956786102969403
  0.57762334166721196  0.58581109907374340  0.59398536966601678  0.60211986925588312
  0.61032402284315534  0.61877748861150006  0.62738508287542183  0.63595681614317601
  0.64439240927365882  0.65288743133105986  0.66149471885070310  0.67028071789580801
  0.67916898197257736  0.68806028874817393  0.69694496977623821  0.70591651007565537
  0.71506485336084225  0.72441716959266134  0.73381288077617801  0.74323636069075594
  0.75285847666899175  0.76264239288822311  0.77262472863902065  0.78276111102718582
  0.79338432719034302  0.80467521267155528  0.81650454485432655  0.82877724715891077
  0.84145786284290092  0.85488328829186044  0.86889075661185899  0.88454823877289557
  0.90231720340299726  0.92378673847157111  0.95210650018680021  1.00000000000000000
 -0.01899371252556268  0.10829201443360079  0.14430898204347367  0.16662082620012938
  0.18427824594832698  0.19943204758942867  0.21286907743875741  0.22516592226144461
  0.23633896158018147  0.24673606329935921  0.25652566598097876  0.26606256368291353
  0.27504188228069287  0.28356379673028387  0.29180746745164066  0.29967521053999813
  0.30740106315050597  0.31487211930576720  0.32216978937890017  0.32935800552645544
  0.33641800903620223  0.34338534167734119  0.35025437601055082  0.35689665966875134
  0.36341058916513108  0.36987044126614155  0.37623646841136604  0.38245313395973640
  0.38853904802990558  0.39455672688347299  0.40048336463205947  0.40633693252598857
  0.41225587265916569  0.41810302498252694  0.42379648682858556  0.42947424308703064
  0.43510426305470556  0.44071017464190937  0.44623190157041348  0.45169810398034976
  0.45713510182995792  0.46255128045083105  0.46799438984436825  0.47345646532934293
  0.47893808002218446  0.48445681239317390  0.48995659136807540  0.49538674189817555
  0.50078323698502181  0.50638280626642418  0.51202235048676503  0.51770123161049098
  0.52338678043910714  0.52906308019829951  0.53471789941347014  0.54041084850761556
  0.54613078988134633  0.55187441839062190  0.55765307800559916  0.56344134621409803
  0.56923408814868059  0.57502713674319805  0.58079159740877351  0.58665039864912494
  0.59260293078333903  0.59862622343749106  0.60473191676050764  0.61086723441930946
  0.61702276101858289  0.62323752835497370  0.62956439807822884  0.63601098417704827
  0.64255001704828862  0.64923411516367546  0.65608281189464290  0.66297247545466453
  0.66995346357071861  0.67709057197378952  0.68431036662914124  0.69177199165139225
  0.69946187252124403  0.70738207104174455  0.71563465036839868  0.72422034074713704
  0.73322250811951850  0.74268218387821072  0.75262441023986149  0.76318450675937244
  0.77439447722893806  0.78650528027521271  0.79959964408273010  0.81435002384213329
  0.83166370464875727  0.85393304460490016  0.89034534138756194  1.00000000000000000
   3.2033374157253822E-003  -1.0000000000000000     
 F T T F T T T T T T T T F T T F F F F F F F F F F F F F F F F F
  <DiscreteSampler_grid>
  grouped_processes
  1 # 1 for a reference and 2 for a running grid.
  10 # Attribute 'min_bin_probing_points' of the grid.
  1 # Attribute 'grid_mode' of the grid. 1=='default',2=='initialization'
  0.0000000000000000 # Attribute 'small_contrib_threshold' of the grid.
  0.5000000000000000 # Attribute 'damping_power' of the grid.
 # binID   n_entries weight   weight_sqr   abs_weight
    10   10   1.602410190484426E+008   3.412652866553863E+016   1.602410190484426E+008
    16   10   1.611265074848896E+008   3.428011160758418E+016   1.611265074848896E+008
  </DiscreteSampler_grid>
