  0.00000101003661573  0.00001326545262649  0.00002715182634057  0.00004066895129421
  0.00005384907282184  0.00006709832308427  0.00008053579305576  0.00009427918657563
  0.00010860631389596  0.00012328882656271  0.00013813625441842  0.00015332408163286
  0.00016907301202342  0.00018579801339700  0.00020347973710636  0.00022207977818945
  0.00024193569730194  0.00026285333087870  0.00028470589556830  0.00030782071652628
  0.00033179914287229  0.00035677007728766  0.00038284479621102  0.00040993168947953
  0.00043801314790609  0.00046765657613463  0.00049861158397025  0.00053160068733358
  0.00056645587772988  0.00060332065992746  0.00064260386884887  0.00068351993479907
  0.00072596789671182  0.00076992868090155  0.00081603826797562  0.00086405930462940
  0.00091343382658131  0.00096276966117977  0.00101379009683028  0.00106711639884822
  0.00112367089217230  0.00118350554891368  0.00124551624820260  0.00130996312638233
  0.00137686278676632  0.00144537004936493  0.00151688426124599  0.00159163471066625
  0.00166913889848681  0.00175034335939599  0.00183534219233687  0.00192588324379922
  0.00202020614797367  0.00211745639334784  0.00221619029163773  0.00232913783281078
  0.00244517115136613  0.00257548744785611  0.00271781735425757  0.00286864124401382
  0.00302024853446597  0.00317169169592259  0.00332608141733933  0.00348661467396417
  0.00365917552793966  0.00384146478045387  0.00405570237585761  0.00427653691959835
  0.00453984639851998  0.00479877744406445  0.00504564851322438  0.00528929358068810
  0.00553418606280708  0.00580526940455909  0.00611849861160243  0.00648041258328217
  0.00695789826250689  0.00746915998416785  0.00795940639572039  0.00841914414895559
  0.00886370271026898  0.00939403209734280  0.01000072970844224  0.01057277028266317
  0.01115313573242887  0.01186010734999277  0.01255575717771595  0.01362104593387442
  0.01507830981438342  0.01680325523832553  0.01851816294937091  0.01994677276094583
  0.02160907392918956  0.02367529359820867  0.43894520260414610  1.00000000000000000
 -0.00239676617411448  0.00897592291925514  0.01894496402256782  0.02889685802770162
  0.03917898488217946  0.04971045073471840  0.06032976497397740  0.07078288323038370
  0.08125817337262051  0.09186952874919674  0.10251776001116600  0.11308301781673094
  0.12360384171255932  0.13405342561768441  0.14444414173659023  0.15476697876715176
  0.16492700825957035  0.17528051022596117  0.18550693963450585  0.19596491255567197
  0.20632945619161433  0.21665311515570293  0.22709072030005853  0.23762921932381961
  0.24847035775222806  0.25924973334750689  0.27026650498151156  0.28105818112061465
  0.29184883614001406  0.30215608398122151  0.31251645144278117  0.32281560964385775
  0.33304135641297827  0.34351202821756444  0.35371169235881783  0.36435057785544595
  0.37521498200857528  0.38617864540147545  0.39679408391271420  0.40717437022808312
  0.41752613588866749  0.42806027488637899  0.43862360040795018  0.44953379190580356
  0.46037425133977511  0.47117458790584660  0.48187816500500780  0.49261152661767604
  0.50307767343330734  0.51324535543749206  0.52346630423453910  0.53364345746725594
  0.54392614878108136  0.55427253965242618  0.56496767346549115  0.57573427065615956
  0.58643732401432747  0.59700733144016171  0.60743715361784190  0.61796584261175114
  0.62843361062981207  0.63935511498731978  0.65018001189436292  0.66080134135961366
  0.67164233198562906  0.68253533507621456  0.69315723818460306  0.70347305547755401
  0.71399200630203707  0.72488625573477605  0.73545732433424471  0.74572028779496691
  0.75618039077521382  0.76676569782751747  0.77733491915379760  0.78789068251284144
  0.79873288542904286  0.80970254022516119  0.82037384484377007  0.83098507827846502
  0.84137183671608173  0.85187581231179699  0.86238001485312488  0.87299511512293904
  0.88371851580149752  0.89451198052041103  0.90541782835168394  0.91601788453297106
  0.92619468806205918  0.93634451740690294  0.94674434153786369  0.95734578811832971
  0.96779846664679681  0.97842628915977747  0.98919039987495838  1.00000000000000000
 -0.00368040157728698  0.02266290096731235  0.04208456534855826  0.05890566743963734
  0.07424433475313555  0.08864770525043325  0.10234535983743206  0.11525877605997131
  0.12768066239221321  0.13971100669045292  0.15143575099661513  0.16278801753717970
  0.17378141770249900  0.18451338526026922  0.19510762750095112  0.20543242782575652
  0.21550608889394018  0.22544324533541260  0.23522950564770104  0.24496137546696700
  0.25461708418816653  0.26420255401472442  0.27377308299854852  0.28307953351686405
  0.29226712338068517  0.30133705914645759  0.31044773131169451  0.31970166067902556
  0.32889399533944369  0.33812110323637828  0.34728789072384930  0.35626169657434575
  0.36500859719972673  0.37376718193915709  0.38247421932384101  0.39114740305664847
  0.39982518009680784  0.40857544368674792  0.41742628308060115  0.42622398800911632
  0.43487574860712053  0.44335522214937090  0.45173422084169246  0.46012476655883416
  0.46842863466959128  0.47670247181481740  0.48504954439122200  0.49354453406417914
  0.50213516849496564  0.51088949590138322  0.51961793855947391  0.52824781304797197
  0.53701497404523912  0.54566279757007219  0.55424901060459142  0.56274445129323514
  0.57115731719554730  0.57955345747656695  0.58797101170133048  0.59641798363765586
  0.60482918451459311  0.61305209202209554  0.62115574738752366  0.62929502486829869
  0.63755233365676989  0.64602055147303805  0.65471516385842177  0.66354291644919472
  0.67250646326861374  0.68171056470655300  0.69088690628050631  0.70018331907931264
  0.70936896442352337  0.71825844755458668  0.72705888666232910  0.73574922087151828
  0.74457584806467125  0.75364047852475113  0.76279164245219011  0.77219481344486052
  0.78192888323186061  0.79210267682941804  0.80255483871974298  0.81344115295283448
  0.82449593322663473  0.83540959644636315  0.84606314346333944  0.85699500872551237
  0.86881306609503506  0.88152024827799913  0.89497447374530414  0.90940467917466272
  0.92512112797585466  0.94276310515641581  0.96559203198730892  1.00000000000000000
 -0.02033313146809389  0.12062501914447479  0.16015566672299836  0.18372126956082802
  0.20206031222250573  0.21739103022920817  0.23075768866569654  0.24255635008248674
  0.25350065056009391  0.26346665946877978  0.27306798977490448  0.28188303667257664
  0.29052514692521247  0.29860789509343966  0.30642614283176933  0.31397854240458972
  0.32119129967493787  0.32822821859818968  0.33504985429149126  0.34164991914931958
  0.34816578151111716  0.35456552792877050  0.36087791927723045  0.36715738635995820
  0.37337479656410782  0.37941212043235584  0.38525528868153541  0.39098209691844854
  0.39660165636401923  0.40212166349574457  0.40761516216498550  0.41308148855122323
  0.41849923745577156  0.42385566845485589  0.42927211801535009  0.43463560878718810
  0.43999904292017084  0.44525218873424321  0.45047078103103594  0.45566508902813396
  0.46087441054371775  0.46611200757975119  0.47134744351977503  0.47653723088263134
  0.48168182657397313  0.48683213161104066  0.49199440764442237  0.49715564017516389
  0.50221726079256690  0.50717882634209577  0.51212821265689623  0.51711460897100059
  0.52213335295641550  0.52717814812721331  0.53229001420745881  0.53746895594885002
  0.54271600570784562  0.54802308552405854  0.55327093230358360  0.55848885949432026
  0.56376484713731789  0.56917337293897152  0.57464023029035272  0.58017342447126841
  0.58575240884973112  0.59140174893369091  0.59709088704619162  0.60279947034461157
  0.60854717241434775  0.61435766438555450  0.62025101434723795  0.62627290140710179
  0.63242467056846996  0.63858505386557296  0.64481428880104064  0.65129270944685236
  0.65795793771429389  0.66471755506209429  0.67161994753575027  0.67872259412157832
  0.68599914119094496  0.69363052953133597  0.70155843551207964  0.70971713745157816
  0.71828642218404903  0.72717908756676286  0.73670279063127819  0.74647072592098229
  0.75722854423876029  0.76904231529575673  0.78247705034716863  0.79780076500183472
  0.81604828399366547  0.83943619583134987  0.87838440245309712  1.00000000000000000
   2.5284724955987773E-002  -1.0000000000000000     
 T T T T T T T T T T T T T T T T F F F F F F F F F F F F F F F F
  <DiscreteSampler_grid>
  grouped_processes
  1 # 1 for a reference and 2 for a running grid.
  10 # Attribute 'min_bin_probing_points' of the grid.
  1 # Attribute 'grid_mode' of the grid. 1=='default',2=='initialization'
  0.0000000000000000 # Attribute 'small_contrib_threshold' of the grid.
  0.5000000000000000 # Attribute 'damping_power' of the grid.
 # binID   n_entries weight   weight_sqr   abs_weight
    10   10   1.233476915022365E+009   1.858366738119967E+018   1.233476915022365E+009
    16   10   1.233476915022365E+009   1.858366738119967E+018   1.233476915022365E+009
  </DiscreteSampler_grid>
