 -0.00000017305790438  0.00001412640781819  0.00002909436327523  0.00004336648316999
  0.00005716320575596  0.00007102376629644  0.00008521781554049  0.00009986516100891
  0.00011513404284129  0.00013109968392649  0.00014747867334696  0.00016428138032994
  0.00018179761995170  0.00020031047768316  0.00022002537616076  0.00024057516703271
  0.00026210808236867  0.00028484804886769  0.00030891378088807  0.00033412424291976
  0.00036046467860763  0.00038805066719359  0.00041668293057843  0.00044650016304170
  0.00047782916522737  0.00051082059378647  0.00054559334999787  0.00058221889006820
  0.00062006709091949  0.00065951637543500  0.00070125043733875  0.00074525185315729
  0.00079268802250039  0.00084295693913639  0.00089516714387812  0.00094958993278559
  0.00100621292726557  0.00106549303626004  0.00112886227243312  0.00119567193859915
  0.00126369655649805  0.00133384910615261  0.00140707796353545  0.00148364303314385
  0.00156524942494366  0.00165167471875047  0.00174393498617020  0.00184441733016905
  0.00195342983682370  0.00206593282658915  0.00217843414844193  0.00228051712993431
  0.00238367434712042  0.00249118989024624  0.00260252111476090  0.00272688735231289
  0.00285432931013763  0.00298860046471021  0.00313410092043744  0.00328162927207892
  0.00342891616520362  0.00357779331242280  0.00373109379387245  0.00389441706394396
  0.00407251545768122  0.00427285732640934  0.00448134342028899  0.00473466973395877
  0.00498578472856658  0.00523050785064833  0.00548022227614553  0.00573622140555688
  0.00600766502504655  0.00631339396569834  0.00666160605250374  0.00703718130728259
  0.00740942794625514  0.00782250782786313  0.00825418843408683  0.00870607618494645
  0.00925777287057858  0.00977649394932478  0.01032414245497721  0.01083535404229912
  0.01143640493703567  0.01206453614208472  0.01329924060112413  0.01487761364367423
  0.01611270612202979  0.01708349790109611  0.01822512379975994  0.01943334779034916
  0.02093967886170911  0.02405209408115406  0.46570121309635470  1.00000000000000000
 -0.00238592386131298  0.00941435203434134  0.01921335203155308  0.02927139698408390
  0.03933250442165429  0.04957745777745319  0.05983265464103290  0.07031277379116047
  0.08092360824797777  0.09177666088690506  0.10257543369487392  0.11331935571261817
  0.12395472569593576  0.13447274030277390  0.14512910115187375  0.15575040399107809
  0.16623407629608122  0.17691110410069710  0.18760647873700120  0.19827633847436985
  0.20882309125464302  0.21941116158224866  0.22988090243961873  0.24011952381198243
  0.25047048027640811  0.26124861313527614  0.27212128826689636  0.28277549648371247
  0.29357145168439375  0.30436129207496820  0.31498588733759247  0.32539407158511441
  0.33587054211461498  0.34654529798232653  0.35712763286630861  0.36772783132385861
  0.37841572210655045  0.38933376059064428  0.40013936830480529  0.41091852432072962
  0.42172305041506453  0.43248153849095622  0.44306931517723658  0.45364548942106631
  0.46423518237459915  0.47492395695174511  0.48550019398080541  0.49580873008537446
  0.50599338896154211  0.51617970915361577  0.52665789757220127  0.53737169707909149
  0.54802527021448022  0.55878066999441711  0.56951952092493729  0.58036994350234483
  0.59111099471176387  0.60179962692526179  0.61240533848825818  0.62300097145483257
  0.63354794320498997  0.64413456760107080  0.65470917353861979  0.66521886698295551
  0.67573479520822588  0.68616415134163833  0.69660850653830453  0.70705136787586886
  0.71742961612149525  0.72783331928878314  0.73806372103747964  0.74839963576141511
  0.75866873453875761  0.76890941971592042  0.77943916125755053  0.79020717393805595
  0.80131889645551369  0.81233733863412738  0.82302702083106372  0.83369725732393685
  0.84411165121367981  0.85437530163981112  0.86460534292818292  0.87488534365605097
  0.88533214787114656  0.89585568498885071  0.90626788275221659  0.91660879526870431
  0.92693137818411175  0.93711389420427516  0.94741151695754733  0.95750314458237051
  0.96783619736961901  0.97835236505144185  0.98901186355623838  1.00000000000000000
 -0.00377949379012081  0.02331486792069891  0.04276065584459343  0.05916685240237060
  0.07412700367522582  0.08821429457854997  0.10148631374264745  0.11426099226593585
  0.12665394646984876  0.13874305925398817  0.15055761084115404  0.16210065571930046
  0.17333321582202874  0.18426038762668004  0.19501889056970018  0.20558075109714016
  0.21597939407932334  0.22628393802405247  0.23642836803459458  0.24634041045382488
  0.25597825533474755  0.26542127445317759  0.27477438572479701  0.28398906806756974
  0.29316654765087513  0.30232824376842798  0.31142026158338959  0.32057978977127877
  0.32971045978936936  0.33863607531783818  0.34752772650100011  0.35648188706951728
  0.36547457339922662  0.37448626670110052  0.38344092815781122  0.39241318574094630
  0.40144738227296239  0.41047822091701203  0.41950123001960554  0.42848121284336027
  0.43735300053179654  0.44611712223760414  0.45477559996151073  0.46340446801362561
  0.47192951630651070  0.48037645157626419  0.48869647420489026  0.49719738700876909
  0.50572487640684249  0.51419839754619301  0.52257676367315331  0.53088245530599665
  0.53926479345931178  0.54767595975517114  0.55612108580201303  0.56463996109950954
  0.57310619654287631  0.58156325409947318  0.59001614981235440  0.59847183696151396
  0.60701461871722295  0.61570995550992580  0.62441086239810539  0.63303709412228204
  0.64155160488817875  0.65021866067615308  0.65911078978602966  0.66792481330807130
  0.67672141572489541  0.68562566141031456  0.69460726005245810  0.70359411572677033
  0.71253750007820849  0.72165456779684689  0.73092750320492716  0.74029376333198527
  0.74962307730282673  0.75909513428464459  0.76865651603137830  0.77833291226179779
  0.78821619072968963  0.79813140424501794  0.80826609819841944  0.81875145937336558
  0.82967920329741918  0.84062092829111212  0.85173686670356996  0.86315997863780003
  0.87499265922066849  0.88715785426943083  0.89993859028919909  0.91350234708589573
  0.92823655229363455  0.94541508106428684  0.96808476341432337  1.00000000000000000
 -0.02001341510006167  0.12232738909159130  0.16050676351701978  0.18392463371945014
  0.20218864513839321  0.21747395499195238  0.23093569146511392  0.24269353716832961
  0.25348952383657647  0.26348023965360551  0.27309111681056170  0.28202352213598997
  0.29077116518607332  0.29897387024279970  0.30690650961880195  0.31457632028548160
  0.32183920767499702  0.32892224039259321  0.33576270791428292  0.34248087948691813
  0.34904339372775234  0.35541172195926896  0.36156998823204645  0.36768107504329578
  0.37382846333739911  0.37983024018592698  0.38567507475871271  0.39139797524518000
  0.39706945696462992  0.40273495077039906  0.40841072762207470  0.41407330134151543
  0.41962957619755370  0.42504006157679708  0.43045127519242005  0.43577083976442477
  0.44110047467140079  0.44636824887402254  0.45160562322324066  0.45681655184832015
  0.46198846624252599  0.46716359420850373  0.47234216866278672  0.47752630441373850
  0.48271548122576791  0.48786754076944905  0.49295224008822092  0.49800877282852546
  0.50309364806078816  0.50824703341004229  0.51344906438572380  0.51864703426304781
  0.52379404735587098  0.52890816992501954  0.53399041604459696  0.53905701800657224
  0.54415505505958151  0.54928598120996042  0.55446000359297398  0.55967623643497733
  0.56490206567582923  0.57025510670982305  0.57564650265767114  0.58106997728365850
  0.58658233341760313  0.59217287814707542  0.59782979163446415  0.60351836341255571
  0.60923716762628632  0.61497452731867386  0.62072507127110554  0.62658048128354504
  0.63261596234728634  0.63876420424205393  0.64500337366745364  0.65141940539058163
  0.65790382340525722  0.66447798063104879  0.67141242932760281  0.67872755668707119
  0.68619850890791634  0.69393595880631842  0.70189583212858309  0.70995153027012547
  0.71856264322127283  0.72734046485339909  0.73694284128549448  0.74684376995168067
  0.75777132069037789  0.76949302505794381  0.78289841277991346  0.79825003865065614
  0.81666994189116215  0.84021647021068668  0.87887258756436737  1.00000000000000000
   2.5309264593830847E-002  -1.0000000000000000     
 T T T T T T T T T T T T T T T T F F F F F F F F F F F F F F F F
  <DiscreteSampler_grid>
  grouped_processes
  1 # 1 for a reference and 2 for a running grid.
  10 # Attribute 'min_bin_probing_points' of the grid.
  1 # Attribute 'grid_mode' of the grid. 1=='default',2=='initialization'
  0.0000000000000000 # Attribute 'small_contrib_threshold' of the grid.
  0.5000000000000000 # Attribute 'damping_power' of the grid.
 # binID   n_entries weight   weight_sqr   abs_weight
    10   10   8.390187112323293E+009   4.961930240693698E+020   8.390187112323293E+009
    16   10   8.390187112323293E+009   4.961930240693698E+020   8.390187112323293E+009
  </DiscreteSampler_grid>
