  0.00000063534650884  0.00001377630138844  0.00002854096904686  0.00004236359564157
  0.00005596994757079  0.00006986821206422  0.00008395888241462  0.00009848003829331
  0.00011354774302802  0.00012896638469758  0.00014464613961591  0.00016062579484401
  0.00017726106531160  0.00019489029469410  0.00021350121098423  0.00023312320051721
  0.00025417915728115  0.00027609701193861  0.00029886596315379  0.00032289238557792
  0.00034831513646934  0.00037501685936069  0.00040355291418338  0.00043353839267039
  0.00046455914084660  0.00049741821416974  0.00053086012833467  0.00056547418607923
  0.00060270845206044  0.00064155346525231  0.00068208540338535  0.00072418218391830
  0.00076717217055328  0.00081194474561469  0.00085861352787195  0.00090735339859324
  0.00095856420825839  0.00101158524911829  0.00106698125725855  0.00112307328841205
  0.00118098864213753  0.00124485884560777  0.00131132163772280  0.00138033433022087
  0.00145316051447001  0.00153195714698617  0.00161317916511119  0.00169889513663440
  0.00178378341023037  0.00187396303015320  0.00197362232301179  0.00207795786364544
  0.00219190095555953  0.00231092184210290  0.00243064010365512  0.00255487968179959
  0.00267475939371741  0.00280331267396781  0.00293492129162831  0.00306897382078188
  0.00321259145044418  0.00337004231674024  0.00353580472471874  0.00370274637640295
  0.00387594526495884  0.00407476884243843  0.00431644765193467  0.00459478700668621
  0.00489698976090882  0.00516332603138118  0.00544077015913918  0.00574663020573227
  0.00605856615927292  0.00634453151968770  0.00664054943257005  0.00696459122960599
  0.00731606453457800  0.00769876356176848  0.00812348858801711  0.00864092588131668
  0.00922356531460052  0.00982251381130938  0.01040728239565747  0.01100384371290673
  0.01157241816218007  0.01218114412037446  0.01298357046752851  0.01389433818126499
  0.01542809813728576  0.01783097697600285  0.02443860421478589  0.02895003048482673
  0.03391085404287458  0.04164190192118325  0.11289124468656374  1.00000000000000000
 -0.00251708664608575  0.00974762847015747  0.01998837886613982  0.03029413733006003
  0.04068097115922573  0.05093364967776173  0.06112801962636062  0.07130099792307243
  0.08165087935423820  0.09199764144124262  0.10239732222611407  0.11281499091059261
  0.12344971627365846  0.13419490326198361  0.14486832989059459  0.15514581547735740
  0.16525068706165044  0.17547705460116200  0.18599291377472255  0.19636463171519816
  0.20660355995640953  0.21719628371945507  0.22789662305757927  0.23862612591402763
  0.24896641456873153  0.25946664785733548  0.26990851300971525  0.28052034202514126
  0.29110209855887681  0.30141111343581661  0.31162940046472704  0.32196212408786107
  0.33236608468726270  0.34270794207499744  0.35307340107374635  0.36375668624336116
  0.37428945103347339  0.38478390217673181  0.39528634722572403  0.40601384999852291
  0.41671227280493056  0.42726009038374674  0.43780978817194910  0.44846348286704024
  0.45909138388399917  0.46974508268236964  0.48025242785903610  0.49080314276305659
  0.50139324896404680  0.51208197973592451  0.52286858954508908  0.53363535656806493
  0.54410628610020029  0.55440812964024344  0.56492320878196300  0.57582388678911056
  0.58648005263098690  0.59686089941109632  0.60721535683621763  0.61782019421207235
  0.62848662108363296  0.63904444509504887  0.64970512384550638  0.66029484692982565
  0.67083378089794843  0.68135244374640880  0.69185497294710852  0.70240016329387500
  0.71308056882304394  0.72384798609596868  0.73455681660134731  0.74532207665760419
  0.75614757776366881  0.76693913280756498  0.77749558320775192  0.78794246678474378
  0.79849972074531217  0.80917366149580661  0.81976862674803097  0.83028247112694542
  0.84085421027070151  0.85149101610771871  0.86203835825865782  0.87266818772067534
  0.88343643540603178  0.89447775360842907  0.90529843117622244  0.91605485633952966
  0.92668399402936563  0.93731275476456022  0.94768695153975724  0.95810067883168859
  0.96852750425467393  0.97913244157419088  0.98948117158595061  1.00000000000000000
 -0.00374954823500910  0.02248321939781015  0.04185312495491632  0.05851001745278528
  0.07380708024966583  0.08831147400071229  0.10213346160157305  0.11513980332109590
  0.12767261167726882  0.13990966411594449  0.15176771454866009  0.16330638547230708
  0.17456989842783865  0.18558580625660617  0.19618984981966628  0.20650881982010083
  0.21668283005123590  0.22680240958919562  0.23686063220998710  0.24687249141355483
  0.25681515756357837  0.26661678910099040  0.27621905844949429  0.28568464359472029
  0.29512971255528037  0.30451362836831691  0.31380915020928807  0.32304580936408051
  0.33217128240511656  0.34123791918115642  0.35031745596840236  0.35938675277300242
  0.36844327637875779  0.37742558639566631  0.38631636959405202  0.39513727264597814
  0.40378271565722734  0.41230141647950619  0.42079088625346911  0.42923901563714034
  0.43765166233870201  0.44596151564064190  0.45421157512709037  0.46248053977027581
  0.47079630902475533  0.47918601379720643  0.48759736429393669  0.49603303943498622
  0.50443008659990851  0.51276559205792061  0.52113720683143583  0.52977109273701606
  0.53843797104803448  0.54688405935602014  0.55530430416207455  0.56376138210736371
  0.57227321409083598  0.58079699928186634  0.58923696208835497  0.59755214079090391
  0.60580039558056242  0.61400428332999402  0.62218271044384243  0.63045080430475442
  0.63884611670937830  0.64734324347192163  0.65594401517396339  0.66457359192563537
  0.67321818071961659  0.68203753017644797  0.69103503048321435  0.70018822994215646
  0.70946223553955334  0.71873207774405079  0.72806945276646651  0.73739360004070742
  0.74675206845006403  0.75597976244550136  0.76530730063087360  0.77495179784676116
  0.78462121787893013  0.79449435623950260  0.80441279283118305  0.81468048066153109
  0.82535371958649717  0.83648179503894449  0.84809748750585945  0.85994402781850565
  0.87190673854014145  0.88429817267245781  0.89727939028007064  0.91133153072048023
  0.92635340117944476  0.94335661233980050  0.96546694133813260  1.00000000000000000
 -0.01974889428504227  0.12148617989473534  0.15973182225928265  0.18338772786138394
  0.20179207006955949  0.21715034310333364  0.23066441241274302  0.24240180579892692
  0.25335563557745810  0.26333417978577528  0.27297370440871360  0.28186230768603360
  0.29050080628901676  0.29866825679208719  0.30644371364836565  0.31399637031744154
  0.32104064223962819  0.32811563141274541  0.33510706009074681  0.34197867689186623
  0.34863165871096347  0.35517800576180442  0.36166825035924183  0.36806631584217137
  0.37438626613416603  0.38047038291650376  0.38637850288821485  0.39220565619986475
  0.39791636302466143  0.40353168603306505  0.40914590530079131  0.41470424319575350
  0.42011479355351350  0.42538974865020757  0.43063964160844587  0.43593430486241802
  0.44116349311057118  0.44643624409272725  0.45169560699511790  0.45693528938637212
  0.46216744830024031  0.46733741765567854  0.47246896376849778  0.47759014992720611
  0.48265329718431155  0.48769856525897209  0.49275446783841875  0.49783827724343904
  0.50299294161754260  0.50812601711567973  0.51322931757429624  0.51831021548454470
  0.52340120799768541  0.52852878910917456  0.53366844288317872  0.53880413461892107
  0.54397503775988065  0.54921243363224015  0.55448105121347158  0.55977483483540758
  0.56514022319945145  0.57056404209448386  0.57598729820286143  0.58134788977985530
  0.58679055990780049  0.59230233439134161  0.59785391426175261  0.60348337894617687
  0.60920157809269870  0.61500746704235476  0.62088861971181886  0.62688965256091800
  0.63308700721808320  0.63931481862166795  0.64557964280880509  0.65196290485575992
  0.65842780833682779  0.66500939194878250  0.67184370229651802  0.67889538312911679
  0.68605346853857663  0.69365507925679981  0.70151984308096260  0.70962598028131696
  0.71829520837219185  0.72714979801626922  0.73659166099579687  0.74645674339446122
  0.75717102849686757  0.76897416357845372  0.78236969650539656  0.79777589923814218
  0.81605730706447099  0.83953903568898158  0.87870897199333819  1.00000000000000000
   2.5513975280066721E-002  -1.0000000000000000     
 T T T T T T T T T T T T T T T T F F F F F F F F F F F F F F F F
  <DiscreteSampler_grid>
  grouped_processes
  1 # 1 for a reference and 2 for a running grid.
  10 # Attribute 'min_bin_probing_points' of the grid.
  1 # Attribute 'grid_mode' of the grid. 1=='default',2=='initialization'
  0.0000000000000000 # Attribute 'small_contrib_threshold' of the grid.
  0.5000000000000000 # Attribute 'damping_power' of the grid.
 # binID   n_entries weight   weight_sqr   abs_weight
    10   10   1.672602297105678E+009   4.175395338446363E+018   1.672602297105678E+009
    16   10   1.672602297105679E+009   4.175395338446364E+018   1.672602297105679E+009
  </DiscreteSampler_grid>
