  0.00000308081645612  0.00001359098424799  0.00002602131403051  0.00003903922940047
  0.00005197213198865  0.00006503038634307  0.00007864548278614  0.00009297243790474
  0.00010773447792684  0.00012295411686416  0.00013845984742897  0.00015401596203322
  0.00017000220970561  0.00018671222353117  0.00020455683029225  0.00022364130776028
  0.00024386224799918  0.00026523683176108  0.00028754203202870  0.00031051511417746
  0.00033457626680433  0.00036026319948160  0.00038723963172945  0.00041628189987234
  0.00044588747942347  0.00047610654507785  0.00050742884238241  0.00054023893895826
  0.00057441971291070  0.00061122667937274  0.00064919312833548  0.00068905232509407
  0.00073065854030368  0.00077404383226625  0.00081892786425731  0.00086591885551275
  0.00091592148512367  0.00096802153392787  0.00102292326857331  0.00108010330564830
  0.00113891659008571  0.00120039124637233  0.00126324574308124  0.00133019092918281
  0.00139911495600952  0.00147165026498469  0.00154789665140862  0.00162642481785543
  0.00170814237895207  0.00179408342100003  0.00188390632183600  0.00197656451615489
  0.00206863044380367  0.00216337074870399  0.00226756822108294  0.00237168798858961
  0.00248381373546189  0.00260181202285190  0.00271953944076546  0.00284604931928732
  0.00297793760284222  0.00312314366730139  0.00329132708240101  0.00349165245948286
  0.00372373031234369  0.00396100414313790  0.00417996953123526  0.00438737365960646
  0.00460494179793795  0.00483336099191950  0.00506268259229334  0.00529229950271505
  0.00554165403596849  0.00581511979819418  0.00611392005641795  0.00643808426690099
  0.00679212326939954  0.00720508110083800  0.00760534219952918  0.00801493470981172
  0.00847075645104575  0.00898008971401260  0.00951994471291197  0.01015423803552816
  0.01093262625281842  0.01187714980858381  0.01348247040573797  0.01465816484601406
  0.01573707080208389  0.01674769581989463  0.01785550847791687  0.01913030688647296
  0.02087384414428304  0.02355305120197610  0.08714140604198704  1.00000000000000000
 -0.00238004997416557  0.00905342672866099  0.01879969483512518  0.02908729704498856
  0.03936504165574849  0.04975759545170403  0.06010003289820585  0.07058859416634683
  0.08109300996748650  0.09156945179603436  0.10204708295702100  0.11246609447847856
  0.12284540054131418  0.13330195928572014  0.14366186460220745  0.15387253665843770
  0.16415931524935479  0.17450400005841560  0.18494369074761252  0.19535526522229163
  0.20561554560764794  0.21584477989722103  0.22612338089666273  0.23644126164134271
  0.24685419446988152  0.25730579191499586  0.26781926152122015  0.27856069912499770
  0.28929468812291326  0.30005985271977770  0.31084944650020069  0.32147061083644701
  0.33205361518088600  0.34252250209728624  0.35302201620244328  0.36357235059021031
  0.37422169130756056  0.38511487637349656  0.39616634443542886  0.40722134853536629
  0.41810418515491965  0.42867289811081521  0.43905648085410959  0.44939121771299473
  0.45979204770987286  0.47018990776972869  0.48056647744993308  0.49116659200571350
  0.50183838401010983  0.51254913145795977  0.52329634973983130  0.53410839710040703
  0.54480762472827049  0.55540148664272959  0.56603558126432374  0.57686204250457085
  0.58745192248862110  0.59803773964152795  0.60877132393132394  0.61946862748125819
  0.62993226516760514  0.64028301506819973  0.65083807203263166  0.66155364285667873
  0.67234328889162198  0.68332692816346607  0.69433785908830159  0.70518500763600822
  0.71581066855918385  0.72633810016519029  0.73679811035585041  0.74730535749792848
  0.75776828690318887  0.76829520480692481  0.77880820820260566  0.78942910627648943
  0.80019886167534771  0.81110581928199510  0.82198404668474190  0.83260186238879252
  0.84323079123923383  0.85373499407617048  0.86418666873042915  0.87471131268709179
  0.88531589425528701  0.89572180747628261  0.90572879210789714  0.91571270396162574
  0.92619502094990847  0.93706546514363487  0.94801522638727487  0.95869512874499119
  0.96926471745821330  0.97949147010855775  0.98980896897456661  1.00000000000000000
 -0.00364447415928150  0.02284228924046997  0.04239477333966080  0.05904100585777367
  0.07410095959692629  0.08824537082676386  0.10185890709820870  0.11485137360323956
  0.12729530291515034  0.13931559638945681  0.15108334982537680  0.16267057767511087
  0.17396877837408362  0.18497916004044621  0.19573492443190851  0.20636521226263821
  0.21680184087542051  0.22711669419477887  0.23734073888150953  0.24744412476798600
  0.25741807940072248  0.26729290215041956  0.27707848069808488  0.28681332921383135
  0.29643848907421477  0.30598993522516876  0.31538103984146926  0.32454119797813458
  0.33363497255708702  0.34277868174312126  0.35192830635649958  0.36092076681178858
  0.36971944937397971  0.37846557908094908  0.38718390416021042  0.39588907040230709
  0.40448282556026255  0.41299431480359156  0.42150095488198125  0.43002393427101832
  0.43857572460431249  0.44710500291627148  0.45559020009584467  0.46400860788161402
  0.47227638832262464  0.48051793666812392  0.48875340152315427  0.49706169452364912
  0.50544437188671376  0.51375849981176924  0.52205920212193480  0.53047507412978123
  0.53891779738144918  0.54736003448468373  0.55573803402911992  0.56409981895836625
  0.57249234606544985  0.58093802904418557  0.58941596772420024  0.59782914587243396
  0.60611930343180986  0.61433130959346560  0.62258696158001692  0.63095426151122358
  0.63935750808327430  0.64770732722160396  0.65606491130695055  0.66459711453154313
  0.67336847806064126  0.68224174758938971  0.69105087825231915  0.69973605644660464
  0.70837656581828268  0.71711973793682471  0.72618639226654080  0.73544373184234491
  0.74482983133129277  0.75411301582779655  0.76351781114744455  0.77323587854463860
  0.78317240645812536  0.79308359804795336  0.80293629912090880  0.81300558200434603
  0.82329566529430676  0.83387086314739922  0.84480443389652649  0.85635838975716305
  0.86840225414538741  0.88106303023399146  0.89436540535626297  0.90853267419308803
  0.92432171028188959  0.94241876365055088  0.96535473708203157  1.00000000000000000
 -0.01925601300158238  0.12156132538137453  0.16041193055839142  0.18403635314518244
  0.20242854236559887  0.21775952517432218  0.23119770884436491  0.24308265198542259
  0.25399266670498244  0.26402637197746620  0.27357399619145933  0.28245593559874327
  0.29111905560863893  0.29920530962843406  0.30709364157856778  0.31467876505324577
  0.32188497385318676  0.32893401948249673  0.33573100150836627  0.34235243529231107
  0.34892604618323841  0.35536911046182179  0.36160605798301687  0.36772386853255923
  0.37378612641681291  0.37975933386337413  0.38567364251346031  0.39150613596741768
  0.39718575931899680  0.40275766418926351  0.40832557392260216  0.41391876251187454
  0.41950267730293966  0.42493118981407846  0.43027372252991575  0.43557221029804144
  0.44081385603830814  0.44604726822257340  0.45129239898820367  0.45652278979480004
  0.46168586430238817  0.46677187343458981  0.47182261478886856  0.47687224779620618
  0.48192412170250359  0.48698650768942214  0.49205364237837190  0.49705831198316791
  0.50203704002401284  0.50714628464776568  0.51226697443556390  0.51745167196432618
  0.52263266351907933  0.52785911921802087  0.53314526492885117  0.53844649166027003
  0.54374078429225370  0.54903628822643635  0.55432235766072246  0.55959934583666715
  0.56489482736046526  0.57018162664148531  0.57548814001058646  0.58082616617459581
  0.58628622697154231  0.59180096299140050  0.59733870512813347  0.60293455501217297
  0.60859014784528442  0.61429822145712787  0.62007101232493433  0.62600285260011335
  0.63217196701724587  0.63842788537859996  0.64470067000644893  0.65118827354063424
  0.65783158546514253  0.66461135774748425  0.67157805482172805  0.67875288601102257
  0.68607172458652244  0.69379139055349281  0.70173047152584622  0.70990900871341700
  0.71854077597123800  0.72731090395186215  0.73691345579795742  0.74700119029910850
  0.75797735605032857  0.76980805298083210  0.78303443519672322  0.79833457132242547
  0.81684450895942173  0.84055280924508191  0.87905709973768820  1.00000000000000000
   2.5175350538057081E-002  -1.0000000000000000     
 T T T T T T T T T T T T T T T T F F F F F F F F F F F F F F F F
  <DiscreteSampler_grid>
  grouped_processes
  1 # 1 for a reference and 2 for a running grid.
  10 # Attribute 'min_bin_probing_points' of the grid.
  1 # Attribute 'grid_mode' of the grid. 1=='default',2=='initialization'
  0.0000000000000000 # Attribute 'small_contrib_threshold' of the grid.
  0.5000000000000000 # Attribute 'damping_power' of the grid.
 # binID   n_entries weight   weight_sqr   abs_weight
    10   10   2.752324275864229E+009   1.033932996727265E+019   2.752324275864229E+009
    16   10   2.752324275864229E+009   1.033932996727265E+019   2.752324275864229E+009
  </DiscreteSampler_grid>
