  0.00000075596835374  0.00000581406256761  0.00001257687780921  0.00001883733969150
  0.00002474946548624  0.00003032184308648  0.00003567023217654  0.00004100145813176
  0.00004637264676731  0.00005193801765234  0.00005756229621476  0.00006318747944057
  0.00006883977069883  0.00007460851105950  0.00008047460540176  0.00008649890825647
  0.00009261221391655  0.00009885808168132  0.00010520549357815  0.00011172177940667
  0.00011851543570887  0.00012558584811776  0.00013284659484737  0.00014021394811887
  0.00014758555076666  0.00015504213884887  0.00016256119056582  0.00017017425098997
  0.00017796288156986  0.00018581936438450  0.00019393146175520  0.00020244114402081
  0.00021123596579320  0.00022038133563884  0.00022990804205658  0.00023983898098372
  0.00025029309203205  0.00026110556861087  0.00027238312695951  0.00028407593392696
  0.00029629461272501  0.00030920655715549  0.00032272337048451  0.00033697790275536
  0.00035192234829353  0.00036742757709619  0.00038358183298583  0.00040026804007938
  0.00041774359790386  0.00043599148947144  0.00045523113111104  0.00047539082187720
  0.00049667003829195  0.00051927827620401  0.00054302783087426  0.00056904636119075
  0.00059628031128948  0.00062572787148914  0.00065687985074652  0.00069033212950331
  0.00072608164270266  0.00076438695586431  0.00080530978762931  0.00084879710414047
  0.00089590326318793  0.00094677370084076  0.00100188930333223  0.00106153494196948
  0.00112549988206974  0.00119554925989573  0.00127170238641062  0.00135444086376058
  0.00144411350859646  0.00154074551863591  0.00164748946380502  0.00176491286238898
  0.00189288401158947  0.00203276699352819  0.00219023960184036  0.00237088954846641
  0.00258152253481285  0.00281366306695734  0.00306698303034616  0.00336204312505962
  0.00369889720790012  0.00410615436182549  0.00463042288031119  0.00526208576731029
  0.00600662149506190  0.00693879394500508  0.00856339282897410  0.01095594997527097
  0.01366476481304663  0.01824789011156305  0.17435701908271908  1.00000000000000000
 -0.00250260087265640  0.00964874775829319  0.01989536776537008  0.03028343070036988
  0.04078625130946608  0.05139317917464870  0.06206415536507520  0.07320922995758997
  0.08420769637968474  0.09543325894250686  0.10628768220409178  0.11710385283107319
  0.12783264525766397  0.13837432022910465  0.14888239058786196  0.15937633316059230
  0.16994607771843828  0.18052338959039982  0.19114418576768968  0.20166156667305069
  0.21213707327653178  0.22246100727461524  0.23301825725733619  0.24362430580768735
  0.25416194173560752  0.26475439357858860  0.27532040404720326  0.28611789060738618
  0.29657405376706636  0.30701974880171262  0.31745234287229634  0.32788496751397800
  0.33840127771767259  0.34873570181645652  0.35913836101721147  0.36963092933149860
  0.38020418933507200  0.39071371349680506  0.40103980417888985  0.41141182839072132
  0.42173495242337961  0.43219319347746316  0.44250226156447264  0.45297153719257932
  0.46321745654772778  0.47345049353311430  0.48372008546335937  0.49407677570424308
  0.50447314053481684  0.51496049509967001  0.52561000451126261  0.53641019549418556
  0.54707351014225025  0.55788244466408332  0.56857675273237729  0.57929409745939930
  0.58975824805856691  0.60017401577684482  0.61074107288644530  0.62119618941369303
  0.63179899446040577  0.64233900168875746  0.65289739720699269  0.66353697867552597
  0.67396780682784596  0.68431604911636068  0.69463035217044888  0.70491037911587517
  0.71530014159488886  0.72554524362874118  0.73595918142422112  0.74652444881970570
  0.75719234453233275  0.76803791181360292  0.77859606126368541  0.78912749045840547
  0.79953762454127963  0.80986814502180327  0.82042114348801276  0.83108595780955885
  0.84197435348219285  0.85284168362661916  0.86368248246369217  0.87443909902913342
  0.88498662035768783  0.89533805355956486  0.90575405981631341  0.91623346174502751
  0.92669156172158351  0.93715698897648647  0.94755215722017838  0.95800477919967097
  0.96856018375385722  0.97912545392399142  0.98963620725269608  1.00000000000000000
 -0.00380561650220992  0.02322346081693224  0.04265229202482673  0.05906138498969454
  0.07397466542333853  0.08793848493060588  0.10125887315360835  0.11391826248364795
  0.12605065273382240  0.13764621810848301  0.14904155631578148  0.16004872474321502
  0.17069601582726573  0.18098901793372130  0.19106460380273269  0.20107289758748917
  0.21103275076420017  0.22074386140106361  0.23032037823570023  0.23944852525750482
  0.24861858535548148  0.25766864004080925  0.26656865474982355  0.27535329340438297
  0.28413256108150919  0.29296750513348158  0.30189178150665569  0.31075704512435526
  0.31930879887857438  0.32780267598061569  0.33623308854853423  0.34459342644605800
  0.35283074058438163  0.36093744781945941  0.36906159390005427  0.37721226992290707
  0.38529224906021337  0.39330236157715220  0.40129297039913475  0.40932675568380333
  0.41736214533076438  0.42530386596033481  0.43312610158559178  0.44094360503570829
  0.44877642940596735  0.45665638916717838  0.46455139921966376  0.47249942768221576
  0.48040296450319742  0.48827778469690925  0.49610975393670914  0.50399986462299218
  0.51199936013513681  0.52002814774712847  0.52802372870922409  0.53596133915162270
  0.54397947319003936  0.55218614604680194  0.56052831231659095  0.56891754250176985
  0.57729299998909178  0.58558223578928348  0.59375253106873849  0.60188976318493925
  0.61002390485474778  0.61818517333267409  0.62643097424631911  0.63475039495211405
  0.64314924063616508  0.65155989137189518  0.66000804606299401  0.66844942502508475
  0.67701256301914692  0.68574727112264877  0.69459309310124395  0.70357032472766767
  0.71279897689926075  0.72215413951306939  0.73151711460667013  0.74090217368331246
  0.75051942455561949  0.76049839969973765  0.77074292554586910  0.78121287620930591
  0.79204295738431629  0.80339818066324420  0.81520484470202004  0.82736390832296225
  0.84034176808973526  0.85419313678090081  0.86891697873616480  0.88484197674851772
  0.90247219583066951  0.92291460424597160  0.95121319535044746  1.00000000000000000
 -0.01902107506413707  0.10848704300486800  0.14475736517479673  0.16662170959422754
  0.18423793888409226  0.19926046327151320  0.21238177223731758  0.22426802799384113
  0.23528115101493094  0.24559348953348131  0.25522883920695716  0.26440645483168929
  0.27333043848324712  0.28202835382264102  0.29041097893697970  0.29847084650821493
  0.30635267565774915  0.31403736383878988  0.32146622786583606  0.32870185279646641
  0.33576372196448734  0.34265123417812793  0.34947635376749703  0.35616831531171872
  0.36271959438076612  0.36918236840877300  0.37554918785642549  0.38178550324297295
  0.38792771861361441  0.39406794093740843  0.40021224779108028  0.40635916019250196
  0.41254266833683628  0.41858974338262755  0.42449902274410561  0.43030001910580307
  0.43604250482568885  0.44178404581489100  0.44754728649228609  0.45331241651908483
  0.45897526419965257  0.46448966939779240  0.46996244991120228  0.47545196763780312
  0.48089579593175708  0.48630808705343875  0.49173443253584947  0.49716053201153898
  0.50257342091025103  0.50797289484795671  0.51338192482426137  0.51884684916108248
  0.52438040389309415  0.52996641870170236  0.53557456496665590  0.54121491766228358
  0.54693718730662133  0.55271533569301301  0.55845737730462042  0.56416937173474335
  0.56983086568041597  0.57557399882496418  0.58139092877639453  0.58726559466880435
  0.59312948949040067  0.59899564822095652  0.60492925627585370  0.61095306167345897
  0.61706453347381685  0.62325563438909004  0.62954660581552535  0.63595970794110657
  0.64248527619614670  0.64918789817277400  0.65613170281957101  0.66313412667371896
  0.67019860240448448  0.67742831022138461  0.68476704435364466  0.69244735420183323
  0.70029021176223394  0.70828266719330124  0.71658430258589600  0.72522034218631060
  0.73430011808566298  0.74374746901351740  0.75364713231324465  0.76407131202658052
  0.77516597199143711  0.78713247979545109  0.80030060847215789  0.81519913203602545
  0.83247779308174596  0.85466245983448152  0.89083366764568539  1.00000000000000000
   3.1809372424472073E-003  -1.0000000000000000     
 F T T F T T T T T T T T F T T F F F F F F F F F F F F F F F F F
  <DiscreteSampler_grid>
  grouped_processes
  1 # 1 for a reference and 2 for a running grid.
  10 # Attribute 'min_bin_probing_points' of the grid.
  1 # Attribute 'grid_mode' of the grid. 1=='default',2=='initialization'
  0.0000000000000000 # Attribute 'small_contrib_threshold' of the grid.
  0.5000000000000000 # Attribute 'damping_power' of the grid.
 # binID   n_entries weight   weight_sqr   abs_weight
    10   10   2.386736705580846E+008   1.001470957576164E+017   2.386736705580846E+008
    16   10   2.419278754620658E+008   1.020519756982049E+017   2.419278754620658E+008
  </DiscreteSampler_grid>
