 -0.00007979931806988  0.00062783492816500  0.00117979639859386  0.00188287751712077
  0.00280937357309699  0.00392270333799004  0.00515485820399529  0.00661838375234457
  0.00818454991114841  0.00984516584663800  0.01172661123879591  0.01369120465461488
  0.01561733832412898  0.01773557020830653  0.02006877658299314  0.02247108084590566
  0.02505506219009938  0.02785672340247516  0.03086519093599523  0.03397905856272272
  0.03706836172548787  0.04021107992619377  0.04349194389928129  0.04707622041028862
  0.05090624414143603  0.05449482437217962  0.05812385650717940  0.06179676084801075
  0.06550367152293264  0.06941458882881413  0.07342810887309316  0.07741455170478570
  0.08156602936147657  0.08593310825519505  0.09034279515130385  0.09476891982854102
  0.09950034494862155  0.10443990782279501  0.10963314013654521  0.11516825238446460
  0.12105962716724850  0.12714604394814488  0.13364494758169571  0.14052872875068695
  0.14715274955427834  0.15368564817201069  0.16033155233183563  0.16722427852169411
  0.17447354899060932  0.18203196902509614  0.18986879665704373  0.19791042591117838
  0.20671152316573158  0.21610309970893474  0.22592750494701766  0.23633259075786739
  0.24750867367096621  0.25977424419411826  0.27375730181995023  0.28945872600012423
  0.30732821051781406  0.32774437239925552  0.35083957593839332  0.37937197587457261
  0.42411710288771326  0.51916418776287299  0.59429576449767085  0.63809185041593341
  0.66877496336147191  0.69349405953273457  0.71583360119836303  0.73399429554840390
  0.75129515131840408  0.76773363968156838  0.78317641904318569  0.79762960914996450
  0.81138040079908524  0.82492518568419293  0.83779383595933921  0.84990750825365857
  0.86140643699914721  0.87212093878825325  0.88245171758781793  0.89264045630506628
  0.90245507038008965  0.91209544913772667  0.92155070649623683  0.93060102690234914
  0.93959621461285203  0.94854413677972216  0.95739289358404944  0.96621149153265562
  0.97496261826466157  0.98333049245376081  0.99167454257774013  1.00000000000000000
 -0.00252475576915330  0.00970796741278484  0.02029828001405469  0.03084185111562342
  0.04156906322367059  0.05205720892226509  0.06253742737826705  0.07357277779024493
  0.08442854519834712  0.09472163283820867  0.10491319046507208  0.11544580154280448
  0.12636073389075231  0.13722817135457072  0.14774792497471365  0.15767911749903119
  0.16732328547400174  0.17701113495684828  0.18699774738679287  0.19683580219155636
  0.20682854098221343  0.21671362332959884  0.22678262165652144  0.23657673316929115
  0.24617704329660808  0.25635854212092901  0.26670305169974162  0.27747546295769510
  0.28761042394587910  0.29860903445205628  0.31045106789409527  0.32195695678399383
  0.33310288601607635  0.34463153927230045  0.35644751951638265  0.36763736929815044
  0.37868964397177729  0.38951361361751807  0.40062207406924866  0.41192446597793719
  0.42366991933556808  0.43515003244706679  0.44631640855513077  0.45757522090385000
  0.46851422132524762  0.47906599016243184  0.48962667693813039  0.50019034010778929
  0.51051067330558031  0.52008386938155948  0.52968214785850176  0.53974714681621816
  0.55003969562245558  0.56002705284138254  0.57029309939540807  0.58061080508486651
  0.59176075976603149  0.60207232493548091  0.61259838154500046  0.62343427027937459
  0.63425091963832125  0.64430806010030683  0.65427789045855123  0.66415411830784643
  0.67433704189238530  0.68492813337361413  0.69529443716255313  0.70498530608143228
  0.71438067043540787  0.72379430029895864  0.73310027745695050  0.74229910011667044
  0.75179373648475112  0.76180292279877160  0.77209612871569155  0.78252554786498663
  0.79351022530387139  0.80524879525625648  0.81736357533045167  0.82948969498963876
  0.84228060987812114  0.85474195901311800  0.86559639255464860  0.87538399000171851
  0.88490181710662019  0.89453100670714758  0.90390907730248604  0.91362051999004079
  0.92492856667645695  0.93669852758148875  0.94801349516048039  0.95891258773002241
  0.96903584736518966  0.97999590117283220  0.98987219209354349  1.00000000000000000
 -0.00218928097044864  0.01486321768053423  0.02756818103840390  0.03884379942787865
  0.04893886536979725  0.05877234129550532  0.06744420243571521  0.07578475857918505
  0.08405347067093479  0.09197364299169972  0.09959534742335820  0.10703504816307387
  0.11406401182125830  0.12103736809285118  0.12838339689764086  0.13563983063062079
  0.14331064930791837  0.15057584522626488  0.15785340159650632  0.16513212962574964
  0.17243615263135392  0.17958427578877961  0.18663678436386386  0.19304188520550333
  0.19917499534744454  0.20549957738882663  0.21194670322985859  0.21842572714266298
  0.22472429314449266  0.23078196549831576  0.23696852236701488  0.24332099573564892
  0.24969294550249121  0.25630415996598233  0.26307810567070050  0.27007467407109581
  0.27697795808922115  0.28369115315710597  0.29031751418121171  0.29663468993966685
  0.30287891861298144  0.30876770702149170  0.31509148056169844  0.32160061093978731
  0.32790936177219143  0.33433378377001616  0.34120196722297286  0.34837078729151572
  0.35555609449740794  0.36321220537923871  0.37063141740470629  0.37790740089127989
  0.38545407553915584  0.39346908120261570  0.40163979596181970  0.40952879807905940
  0.41695526525882731  0.42398813838934463  0.43101929261453076  0.43827655993142678
  0.44586135691385115  0.45358806971945659  0.46117293298926681  0.46867938212673693
  0.47665664047358136  0.48470827842561864  0.49267273097370196  0.50016297391833575
  0.50717917979666738  0.51412197749621846  0.52161561285874647  0.52982587188788499
  0.53831358753680192  0.54698294391113900  0.55623195734359032  0.56587545493273794
  0.57563208032175683  0.58525689598468000  0.59488561936101936  0.60470850311925528
  0.61495251232682679  0.62582429005849172  0.63788873142746905  0.65079097325918200
  0.66465795317320930  0.67976212899591704  0.69538022769647456  0.71147516240714714
  0.72685194389611496  0.74371890232578386  0.76232392787479097  0.78448394326353565
  0.81159385969796349  0.84184430786865594  0.88518078276467660  1.00000000000000000
 -0.01820754739859180  0.10807312976537621  0.14251955209169404  0.16214764234215023
  0.17813819291737146  0.19227253179528692  0.20508599810821321  0.21708923716050080
  0.22850754858407141  0.23866726995443188  0.24819683904176618  0.25751795969165125
  0.26643655994116922  0.27539506239335554  0.28398540557287066  0.29227516887662391
  0.30063311415991628  0.30831975448748722  0.31598697746800652  0.32351155253886144
  0.33111375918340824  0.33879658316550015  0.34628207699720398  0.35337443029520987
  0.35997100299844703  0.36655819928885025  0.37344420199756329  0.38036691084329366
  0.38702620319942937  0.39333306552602459  0.39936222191589538  0.40552584904227523
  0.41171064568746163  0.41777198621696504  0.42382441053621867  0.42990653911430593
  0.43587283600862342  0.44167462123946710  0.44744657462290299  0.45336247413988490
  0.45941719548018722  0.46549049503912554  0.47143153740181970  0.47726998831456308
  0.48308138245276533  0.48871412141928650  0.49439234426185452  0.49994612455207710
  0.50580207233693075  0.51174077726438760  0.51752786193995504  0.52330518737083720
  0.52922634328968932  0.53515159792950551  0.54106843829741791  0.54724430969253246
  0.55287709356044024  0.55844904750672297  0.56403950911243483  0.56967091497032529
  0.57541638493243630  0.58125451387539040  0.58714646852348229  0.59320438747977322
  0.59960024198716466  0.60648647572640857  0.61385527973759513  0.62113286142557245
  0.62835965398815719  0.63530461360450674  0.64213046076898794  0.64883353638344476
  0.65552398359309216  0.66255224396234502  0.66970397889005850  0.67657229537333274
  0.68399378270171718  0.69165600772605029  0.69911623686969038  0.70641212819149835
  0.71349489927457910  0.72069625627957035  0.72789087004855280  0.73556646411544491
  0.74344015768783456  0.75205130013752619  0.76162042605015889  0.77170689994720698
  0.78366378017724991  0.79654465272929798  0.81003816835934372  0.82412507047722694
  0.84089087538954577  0.86081539047460842  0.89394225358137902  1.00000000000000000
   3.7747054620141843E-004  -1.0000000000000000     
 F T T F T T T T T T T T F T T F F F F F F F F F F F F F F F F F
  <DiscreteSampler_grid>
  grouped_processes
  1 # 1 for a reference and 2 for a running grid.
  10 # Attribute 'min_bin_probing_points' of the grid.
  1 # Attribute 'grid_mode' of the grid. 1=='default',2=='initialization'
  0.0000000000000000 # Attribute 'small_contrib_threshold' of the grid.
  0.5000000000000000 # Attribute 'damping_power' of the grid.
 # binID   n_entries weight   weight_sqr   abs_weight
    10   10   2.203150699837817E+007   5.592144950885936E+014   2.203150699837817E+007
  </DiscreteSampler_grid>
