 -0.00008731745147379  0.00078022549953322  0.00171289717519827  0.00307637259447144
  0.00480000705219612  0.00686031733160575  0.00935637524053020  0.01210142543688006
  0.01529261761992765  0.01871269475229299  0.02243005824175471  0.02651663838321564
  0.03089785398811247  0.03555640778654737  0.04054339887707994  0.04577900331377450
  0.05121348762105783  0.05685963065315203  0.06284311863188138  0.06908455389030037
  0.07576492461659251  0.08259614500270228  0.08955893230444510  0.09671354226026002
  0.10408985024213847  0.11164519643713330  0.11933513546044426  0.12714077378002400
  0.13517388285796933  0.14343293190044459  0.15199508505646733  0.16092063430410203
  0.17020095224634738  0.17967758504531972  0.18945637550435770  0.19971241054747360
  0.21021318812191089  0.22079045264225935  0.23139514665356600  0.24208035079407178
  0.25307350850647431  0.26420386198844314  0.27559934533741359  0.28703719619794171
  0.29852866541972062  0.31001808143224518  0.32167432317195582  0.33337309708364171
  0.34536464233446884  0.35757574862362879  0.36997384783115883  0.38251129642721182
  0.39520943851330403  0.40823165499206204  0.42139683939277744  0.43479203921107529
  0.44819934843270048  0.46139481061915028  0.47484562533278857  0.48832431646710400
  0.50177082744669321  0.51538949522865951  0.52932403990143428  0.54330069641062684
  0.55771182536990516  0.57222557969575760  0.58661680563238494  0.60088942915106291
  0.61512462416035862  0.62939692279172055  0.64371147104659909  0.65847837305598289
  0.67347971914261240  0.68873523043786178  0.70411833744823749  0.71949936004150528
  0.73486917188276457  0.74999468617245080  0.76462955647926856  0.77911500778434217
  0.79368194925562119  0.80835599635603383  0.82314902693669867  0.83777537490686904
  0.85215649135279581  0.86630090315598673  0.88034467532648197  0.89421344346729359
  0.90790004231047805  0.92149381571104871  0.93505364058000362  0.94852548021703942
  0.96158243590966874  0.97450084025980344  0.98730869982358926  1.00000000000000000
 -0.00265340892247207  0.00954426277555973  0.02039792317187348  0.03130351269076448
  0.04258568081055942  0.05371359748008703  0.06427539517807353  0.07445513081029254
  0.08473821451620951  0.09572991768028025  0.10653217187598922  0.11740442188006389
  0.12797907218774068  0.13803395089908732  0.14822649601912788  0.15875110533599143
  0.16945760735632656  0.18018539461542130  0.19093096843381432  0.20222192858934215
  0.21296560025865061  0.22369574187320590  0.23367191247236535  0.24344919519281599
  0.25326323871648526  0.26377097343670458  0.27421559501819559  0.28515428622882383
  0.29583517145581029  0.30708407040507207  0.31790037638709640  0.32852677546320136
  0.33920670274759163  0.34962225216651949  0.35953421992655898  0.36948554463908589
  0.37942375037523673  0.39008067230325671  0.40040007419149726  0.41073125354799905
  0.42050507657418557  0.43039771580149594  0.44045093264865420  0.45062467294581410
  0.46110106814968405  0.47194165073508015  0.48340609119534256  0.49536697377119759
  0.50654948432777225  0.51740540180395522  0.52799633244936983  0.53889994033114152
  0.54887800757609562  0.55882438849897198  0.56907581213689085  0.57918909417089259
  0.58887154132619091  0.59857469674375674  0.60845059523240919  0.61918999420848886
  0.62980733679814838  0.64009232941652983  0.65034745566366570  0.66029987800733403
  0.67041570809263440  0.68093209746030681  0.69144951661619858  0.70258160547961279
  0.71346664610535926  0.72394185469224537  0.73417509014866478  0.74436024026257275
  0.75475164378659942  0.76536608692564601  0.77579045402594027  0.78621377569194284
  0.79647000282118385  0.80703643802919756  0.81788869427052335  0.82892626462540298
  0.84028001858304280  0.85170221549559189  0.86293905899279999  0.87386781912298139
  0.88473974182829773  0.89525746307007514  0.90564312072140940  0.91597481085887511
  0.92648128039558775  0.93711836296797246  0.94794596175083601  0.95896274635923573
  0.96928474497481121  0.97988205785624860  0.98965163418371382  1.00000000000000000
 -0.00242038580149229  0.01593635946782808  0.03071180739261389  0.04378217363000769
  0.05561079606700760  0.06672985381355309  0.07770244461550480  0.08837714911619234
  0.09885207902601936  0.10908029099355347  0.11908664362607196  0.12905650761502763
  0.13887378722276988  0.14805433902759182  0.15666803491531445  0.16524815552315622
  0.17352701772835791  0.18173485500781428  0.18986323784610498  0.19780103250208497
  0.20569176814310236  0.21348261960977302  0.22105532948427983  0.22865632681499387
  0.23641571677252496  0.24425650892354614  0.25214309085751868  0.26014638229227854
  0.26829399684175237  0.27648178176327071  0.28460005147966666  0.29275027502617790
  0.30103628353218387  0.30923546766974314  0.31736575685924207  0.32524292853288833
  0.33310381135469436  0.34113797174696842  0.34926094703780086  0.35717433541509441
  0.36494730410929854  0.37274878811333795  0.38071173423782650  0.38861400724946349
  0.39660680661285802  0.40447729234050772  0.41242435529260957  0.42049240416704192
  0.42842239504058754  0.43621175839118731  0.44394182701967566  0.45173376568990115
  0.45984389202576215  0.46840777371061687  0.47721035120885724  0.48569247754862432
  0.49382822499061318  0.50214530553446923  0.51047400964913636  0.51925016256142509
  0.52733321304997216  0.53563427613169734  0.54382182010870350  0.55234075038742325
  0.56076824272014780  0.56926561448626001  0.57795390734362528  0.58677701068721067
  0.59561030076866905  0.60442087100698350  0.61360061905848007  0.62306295434697567
  0.63276979199941774  0.64243327831518438  0.65220119992039272  0.66191324471149660
  0.67169148972037551  0.68188700480893305  0.69216820221182962  0.70259376570749144
  0.71330681133162888  0.72455808515733844  0.73609178793811669  0.74843044116838386
  0.76181012819187421  0.77551183162873338  0.78956042793230852  0.80447290318513531
  0.82018644656833672  0.83633180206459701  0.85308403787202758  0.87129921095762630
  0.89226107199624227  0.91633642725055409  0.94738048497706628  1.00000000000000000
 -0.02002844769649955  0.13240981856060771  0.18053019783905233  0.21164271776109311
  0.23650276432660411  0.25741248306214015  0.27557212888675869  0.29234279499277160
  0.30766039137318335  0.32196550159362564  0.33561744163630675  0.34863052410483197
  0.36089917997415077  0.37228578108903854  0.38321995984438301  0.39412090613140455
  0.40463784004954567  0.41490001401950616  0.42459818644872394  0.43442239955228446
  0.44366813776081360  0.45269332122980455  0.46121167108702282  0.46970975891898936
  0.47807690662353847  0.48639290848209932  0.49460361251268120  0.50240782183127997
  0.50984212682969487  0.51693547785460436  0.52371288826002893  0.53023089990925043
  0.53670500899558338  0.54322424716500828  0.54976961661190737  0.55625546875913934
  0.56261176758949527  0.56893425970799605  0.57525139785893165  0.58167965897349971
  0.58825128938114601  0.59478613302127492  0.60110952788859473  0.60715570909712713
  0.61306328216975681  0.61896133542089127  0.62484256380207992  0.63074637375312625
  0.63653931360466975  0.64225977308800386  0.64781802619069717  0.65322903168295576
  0.65860653540523240  0.66397185845591644  0.66934340940471670  0.67484627951209386
  0.68026052438041251  0.68565749952750477  0.69102746028303008  0.69638091252679013
  0.70185796640358544  0.70728318783567368  0.71256823602704866  0.71783424309450983
  0.72304307687123892  0.72812859090038395  0.73304726738408454  0.73786027275929145
  0.74276764525003047  0.74784813349108326  0.75299809176164689  0.75813817965367647
  0.76326585606743880  0.76829165113222420  0.77331218002418611  0.77847153391942014
  0.78372700460899558  0.78903926413772274  0.79442345496173028  0.79977729045768053
  0.80520252393719638  0.81081955983727849  0.81669848771736642  0.82292299898964227
  0.82929008617545930  0.83595799747542121  0.84308721060802361  0.85029564400064239
  0.85850930071221598  0.86742575288952251  0.87701805917037257  0.88812481562175982
  0.90062821698945872  0.91678712939108442  0.94092681373512144  1.00000000000000000
   4.3823191006355758E-004  -1.0000000000000000     
 T T T T F F F F F F F F T T T T T T T T F F F F F F F F T T T T
  <DiscreteSampler_grid>
  grouped_processes
  1 # 1 for a reference and 2 for a running grid.
  10 # Attribute 'min_bin_probing_points' of the grid.
  1 # Attribute 'grid_mode' of the grid. 1=='default',2=='initialization'
  0.0000000000000000 # Attribute 'small_contrib_threshold' of the grid.
  0.5000000000000000 # Attribute 'damping_power' of the grid.
 # binID   n_entries weight   weight_sqr   abs_weight
    10   10   3.018705589650337E+008   9.760175499092779E+016   3.018705589650337E+008
    11   10   3.018705589650337E+008   9.760175499092779E+016   3.018705589650337E+008
  </DiscreteSampler_grid>
