1.5553131509392633
1.1476847876747005
1.4154455655867817
1.3059764778238272
1.5518757550114675
1.4959744969583322
1.328091467112856
1.4837887045646116
1.3852937666263108
1.3726003624072198
1.4825250570894015
1.1911553332757714
1.3979145704468774
1.4196816921048618
1.4091943246978156
1.4596766561295025
1.2383645171587603
1.217265633399205
1.4366263920851345
1.3335600653253281
1.415026354986584
1.500135980660092
1.2755904290575206
1.382466574476512
1.3243440538972913
1.233056061959238
1.492211888828846
1.3789970513489882
1.2612773119283338
1.2530883976586802
1.2888070349252168
1.3007698884826566
1.461731023326093
1.8106635910881141
1.5868517558456774
1.2977833161795673
1.4927166567250947
1.1849743087313431
1.3954384154798898
1.5565717691719199
1.4596289908530637
1.1281287199617835
1.5060614057762782
1.3394219191554688
1.2071535139972147
1.804274466436071
1.2766520634824703
1.3984005384643412
1.4830196791361965
1.3632040837562869
1.5275036435050853
1.293450514488048
1.6250683088774016
1.3709358545083012
1.5814449593623656
1.4427794323643899
1.3351416376320966
1.2713573504019797
1.2976377156322993
1.3842238796473203
1.0864007945592142
1.343764225975864
1.2438439625434619
1.6992738390342126
1.242574511228854
1.0419809464677718
1.5210639837319908
1.318390070166326
1.3851954574111607
1.5988490892584328
1.2303537091156105
1.236740039756465
1.2292440231906003
1.3862520284166242
1.20008839117657
1.4162984416147635
1.4439586367083408
1.280675962053384
1.301715399320142
1.3187780268721014
1.657686916375207
1.4418415586029711
1.5997497417126056
1.2852607993795229
1.4923497124550735
1.2545563872595893
1.470851113014412
1.663075624013078
1.3193210456667055
1.388898854613884
1.5223139701821464
1.457665680653567
1.6265946843863033
1.3478667172665557
1.2241498069476047
1.4203888691895712
1.2028167970127714
1.3992647497918682
1.1948241200502274
1.656268245763973
