0.7707024347318748
0.8275977081154599
0.9019069194280163
0.727018368394185
0.908102518719466
0.7897709490128016
0.930410737267258
0.8995606828823354
0.6739002774430265
0.7872831365467997
0.7062992536631912
0.702573014427242
0.9804802623014098
0.7634494482410422
0.7892066542648888
0.7940832565459061
0.9227594967696146
0.939031452807902
0.9166120444079864
0.821217612565099
0.8208526160947158
0.8939333164113797
0.8615961811351125
0.8337986912433202
0.9116014383970954
0.6629101732319842
0.9211905628083841
0.6434086158260237
0.8000946539744868
0.7762022208605046
0.7784079929562949
0.6844528562458957
0.9557664081435163
1.0025548933108803
0.8575830434779843
0.9498946674739681
0.7663814146580001
0.85673180127363
0.626188167050952
1.1208962174903299
1.0450598964986235
0.9875813812885951
0.7629684903937883
0.7743671906397391
1.1093186615628277
0.8720901307200483
0.891153507219134
0.788258159928354
1.2318503774770402
0.6744599954174122
0.7242400665319332
0.7378617557096075
0.8642819380460858
0.8506514338218448
1.0012452645998278
0.8291740592869216
0.772462643290987
0.9992374422094926
0.9416157615647653
0.6052423433416226
0.5718072826792904
0.6714324089520367
0.8370017091282337
0.8117505295689705
1.0442903383060398
0.9973626908961766
0.8875303294935003
0.8159318921495152
0.6708517880963948
0.5694716274549526
0.7371089173548335
0.7114667253026818
0.7054930639813637
0.8540620203792941
0.8720587019903141
0.5592715510637013
0.7309355299075737
0.8035259164976118
1.0448041767246876
0.9654345620227971
0.26870245184232855
0.9197576450844724
0.8687661311415767
0.47897706002999163
1.066340131350222
0.9017810530636272
0.945293447192516
0.6032200708140116
0.7920947529350937
0.8549040135522038
1.0586963695534701
0.6578544692386756
0.7430118919279615
1.012294632503998
1.0447443211108052
0.8969348206050588
1.0899203028868767
0.9622966634398826
0.6424155422608309
0.7996757878851692
