  0.00000136448822368  0.00001338684765207  0.00002827919407958  0.00004180669881126
  0.00005505012403638  0.00006834714706367  0.00008174656135934  0.00009540176624057
  0.00010966223366596  0.00012458215787846  0.00013999762192067  0.00015566530266236
  0.00017193841868979  0.00018908820149020  0.00020696036344430  0.00022601004427183
  0.00024587573048122  0.00026664673750611  0.00028893196017273  0.00031247110298864
  0.00033696568969897  0.00036238768419641  0.00038874873314254  0.00041645617198770
  0.00044572448559468  0.00047551162333360  0.00050692790037046  0.00053992934953865
  0.00057471924179277  0.00061113264813600  0.00064879486780275  0.00068831969012772
  0.00072936035327732  0.00077207914149255  0.00081702745315771  0.00086403865367112
  0.00091423963385717  0.00096752155494368  0.00102301329587912  0.00108109712283828
  0.00114057617225284  0.00120059785401639  0.00126318258659204  0.00132873162967390
  0.00139773035780841  0.00147044469703937  0.00154714476653023  0.00162840686382665
  0.00171660283290870  0.00180952426200737  0.00190647271944005  0.00200771171406746
  0.00210621968952268  0.00221174916751400  0.00231955295431050  0.00243334680022649
  0.00255336756138796  0.00267564824924810  0.00280410634146153  0.00293926330389589
  0.00307313256461179  0.00321771079166501  0.00338167182179787  0.00354855427136796
  0.00373709602774747  0.00393101709099331  0.00412871404998691  0.00433181522347698
  0.00457681627966625  0.00485774547170364  0.00516039897385556  0.00549326453860634
  0.00586991488918718  0.00627815426811574  0.00670038172715579  0.00708942999439104
  0.00742122845385806  0.00775473426875217  0.00809115956892178  0.00845623837135558
  0.00890902835990121  0.00951911319519688  0.01023650777460543  0.01153998673851097
  0.01300789004633216  0.01446827893908467  0.01603552016664197  0.01795693956698073
  0.02043101431248524  0.02323281448719145  0.02702631259494217  0.03048520303684161
  0.03801403387051339  0.04604068255939865  0.11266854086457566  1.00000000000000000
 -0.00252330143695148  0.00945945109200544  0.01981451084090000  0.03054466446952837
  0.04124627637678496  0.05188334828528449  0.06246540814366306  0.07320404774469312
  0.08379618282502395  0.09423678418886092  0.10459194873596316  0.11499767828803271
  0.12542339859614166  0.13583753370628737  0.14636576608260030  0.15677265992076420
  0.16711085298302333  0.17744405503678279  0.18793309010299353  0.19848985729171376
  0.20917639626674853  0.21984689277463784  0.23047898385699345  0.24106737558084965
  0.25160983974914541  0.26205225130400783  0.27233321263477794  0.28259215812198119
  0.29303485656118927  0.30360134386426096  0.31407812463190776  0.32448375421714454
  0.33501342440919096  0.34558981082383106  0.35609163961949364  0.36598807522801891
  0.37579919497759923  0.38604188878771573  0.39644965530068260  0.40673216185352518
  0.41674811289008334  0.42670673330113285  0.43686912503146336  0.44743497433792073
  0.45835220059614268  0.46970517411095442  0.48088342074640855  0.49192155202120891
  0.50258065566369692  0.51303964513394629  0.52351608368378599  0.53393914964375255
  0.54443434482705588  0.55495990030625153  0.56533444245445597  0.57563473154516442
  0.58599935422317151  0.59653111572617668  0.60701121301109495  0.61746329744924444
  0.62806472379655398  0.63888220415057717  0.64969174925175044  0.66031246729181015
  0.67097424651606052  0.68153673313337604  0.69200708202183114  0.70236886378279684
  0.71286953018879640  0.72354739991657890  0.73421896291000655  0.74509724783644438
  0.75609333524354672  0.76712758123641533  0.77803236775484008  0.78892134508119460
  0.79982108042643152  0.81088134524562694  0.82143869942526171  0.83177921459221404
  0.84229643429466439  0.85275629184949131  0.86320725282945965  0.87353459082853790
  0.88421611189861204  0.89469467305677164  0.90519139828152173  0.91587330552423107
  0.92677987801961292  0.93750148235452835  0.94798437253353240  0.95859027717813972
  0.96903615284192246  0.97950010765763174  0.98972294795983284  1.00000000000000000
 -0.00379816101583053  0.02285161737545543  0.04234944181190257  0.05930940816939023
  0.07475941237359095  0.08890938638116279  0.10218558118203638  0.11492180643594212
  0.12728579265750106  0.13925072790015874  0.15098201288264521  0.16239591136035103
  0.17349126170941359  0.18428446845640412  0.19503208996735252  0.20567389366438277
  0.21603037258568475  0.22614750952297191  0.23614729787344110  0.24606995552807401
  0.25587060934192174  0.26549011712992671  0.27501453553200522  0.28449904838602186
  0.29387233041856320  0.30302350878694806  0.31215666748926679  0.32118505265493014
  0.33024127924028290  0.33918345809286354  0.34804089133273736  0.35688862031278951
  0.36573009858983635  0.37456008026577270  0.38344060247286155  0.39230666714435686
  0.40108222266412941  0.40979996248782902  0.41845809009923080  0.42703712370805158
  0.43548773127575785  0.44378375317765967  0.45196335214230304  0.46014731691976968
  0.46831792380900428  0.47640858861064184  0.48458884524398843  0.49276605012342356
  0.50108661750782046  0.50946354424140783  0.51780877998187869  0.52621301678582710
  0.53447456869571830  0.54287647479950440  0.55124098965870072  0.55969036881110368
  0.56810300680119907  0.57641934104677561  0.58488207090872535  0.59351212266045550
  0.60213021166519853  0.61063885111334570  0.61919203826442604  0.62792744539404133
  0.63683921864720439  0.64572433565218790  0.65427232981848971  0.66262835488823546
  0.67113857393614040  0.67976347286015348  0.68851050557215887  0.69741881512943660
  0.70658925257930250  0.71609931497699708  0.72559771489997171  0.73502136033460841
  0.74448260041293490  0.75402358631128763  0.76363610536266757  0.77307052241358931
  0.78240779972706653  0.79192766240295731  0.80197738198750823  0.81253724461940979
  0.82308230934769744  0.83369362378198186  0.84454470934146986  0.85605142840777082
  0.86805919932756781  0.88106339419598667  0.89462596297633123  0.90938562211195717
  0.92508057965900092  0.94312330301784153  0.96653631827825970  1.00000000000000000
 -0.02040190781491405  0.12167737897704162  0.16023090596613188  0.18349040459191326
  0.20157861568525695  0.21682593512543477  0.23019193996612602  0.24192414288949102
  0.25282463727734156  0.26277765045039247  0.27224236651164824  0.28107632005830580
  0.28961273719507807  0.29782092199212212  0.30570459443008996  0.31337714230800545
  0.32066043642755754  0.32782119956118361  0.33478363506559239  0.34145351660159889
  0.34798071684482285  0.35436535305748640  0.36060575682049073  0.36668493131216678
  0.37275696062005720  0.37867545305693068  0.38455841439756772  0.39036726170501740
  0.39613007245432091  0.40182800324347656  0.40742869855213926  0.41299980106790524
  0.41846505861817368  0.42374982421866580  0.42908735743444637  0.43434990120567940
  0.43956935855027207  0.44481308451056961  0.45005562610182998  0.45524737754853772
  0.46037331154113881  0.46546350525509950  0.47056700912607485  0.47575400216376396
  0.48099901178026316  0.48625262812141545  0.49150227671066915  0.49672356547153151
  0.50193007722798277  0.50722797200596048  0.51241649033246506  0.51760378847111921
  0.52282159316314514  0.52811813962273502  0.53344006818496426  0.53876092863315472
  0.54409882991137215  0.54946802663978600  0.55487774052315120  0.56035052568109978
  0.56586246956151542  0.57140768621395044  0.57692089182959316  0.58239204809833423
  0.58785143761119951  0.59338068043762315  0.59900782235643035  0.60472125052535541
  0.61047662179106532  0.61623136882542529  0.62195583066334859  0.62771248761358356
  0.63359054173058971  0.63954465758455570  0.64561949859139434  0.65191615956310245
  0.65834650675780493  0.66491275680449913  0.67176334461321030  0.67888303625925694
  0.68615520261544827  0.69379001405436991  0.70164353988752404  0.70974381065139969
  0.71830385332315805  0.72704079272622069  0.73656394958490390  0.74644016834854143
  0.75727160375325542  0.76901665789956286  0.78238586123691301  0.79761593705373046
  0.81593659007909014  0.83956235295414605  0.87830731728170996  1.00000000000000000
   2.5195082751880742E-002  -1.0000000000000000     
 T T T T T T T T T T T T T T T T F F F F F F F F F F F F F F F F
  <DiscreteSampler_grid>
  grouped_processes
  1 # 1 for a reference and 2 for a running grid.
  10 # Attribute 'min_bin_probing_points' of the grid.
  1 # Attribute 'grid_mode' of the grid. 1=='default',2=='initialization'
  0.0000000000000000 # Attribute 'small_contrib_threshold' of the grid.
  0.5000000000000000 # Attribute 'damping_power' of the grid.
 # binID   n_entries weight   weight_sqr   abs_weight
    10   10   1.218201500802162E+009   2.548988361202476E+018   1.218201500802162E+009
    16   10   1.218201500802162E+009   2.548988361202477E+018   1.218201500802162E+009
  </DiscreteSampler_grid>
