  0.00000077542619661  0.00001328107191748  0.00002696664891246  0.00003994492049084
  0.00005246881373372  0.00006486481222767  0.00007755995008137  0.00009063888083979
  0.00010412730946996  0.00011798093967705  0.00013219605318950  0.00014671463846385
  0.00016163688165343  0.00017730858273356  0.00019378475351489  0.00021095246222192
  0.00022908135647053  0.00024811315067286  0.00026825532117063  0.00028915244688388
  0.00031056067531300  0.00033307582221916  0.00035666573220181  0.00038169869527408
  0.00040788134552570  0.00043564924979365  0.00046481655683042  0.00049467122203518
  0.00052537678499694  0.00055661772590443  0.00058936274559759  0.00062267664713886
  0.00065849903962835  0.00069535807304397  0.00073499563968702  0.00077619703373639
  0.00081813708479166  0.00086160693573975  0.00090677430649257  0.00095481962143801
  0.00100532838035273  0.00105897595127470  0.00111628850209927  0.00117533341155968
  0.00123614661299217  0.00129682819966417  0.00135933835101254  0.00142413610928469
  0.00149260881626661  0.00156481122523969  0.00164011586512560  0.00171991598979241
  0.00180491160967037  0.00189431989201063  0.00198913875703489  0.00209305398050622
  0.00219998456968773  0.00231238720184042  0.00242900828652102  0.00254681021535925
  0.00267277219283748  0.00280968509808036  0.00295527368318239  0.00310718219772163
  0.00326289815219435  0.00343739958953338  0.00360861252951107  0.00378547830125400
  0.00397497766123753  0.00418891992589796  0.00443023396050666  0.00464253934321096
  0.00486524662023399  0.00509232257538402  0.00533245415254980  0.00560375214711678
  0.00590493312645120  0.00621687395047601  0.00655522066454258  0.00695715040240520
  0.00746418033906563  0.00802149006804166  0.00863747471900414  0.00923788663591018
  0.00974982509239874  0.01029371159959979  0.01097047465251263  0.01197872706681465
  0.01327995763862569  0.01447753299449698  0.01571753940361598  0.01765711451685382
  0.02204037240982319  0.02936406267729874  0.08345509902506031  1.00000000000000000
 -0.00253345198941486  0.00917655535361941  0.01920136316279887  0.02941690086812907
  0.03987449923913203  0.05057683048988476  0.06153879744431308  0.07251972757623158
  0.08336948866345691  0.09409011493846133  0.10447336991937746  0.11471329284522183
  0.12474605544482689  0.13491647130154427  0.14515053942365469  0.15544752351398400
  0.16569344066416716  0.17611541120617769  0.18651735096472885  0.19692363138150423
  0.20731833156239490  0.21790051514457606  0.22862058764765084  0.23935186301714498
  0.25016672512393229  0.26078683839559996  0.27144994871793432  0.28206646564438503
  0.29253588014342663  0.30313130462723287  0.31361327123562738  0.32416712465083503
  0.33458133442556420  0.34522898246005440  0.35586946365611921  0.36643107676954245
  0.37670741458103030  0.38709513743543028  0.39743874299363541  0.40779352742789665
  0.41839736509847020  0.42894640840576237  0.43943248183458239  0.44983344313005474
  0.46030138951305094  0.47082901854400455  0.48146442799972200  0.49188601580379382
  0.50214641903314461  0.51233570694713726  0.52265641460177026  0.53336791997432076
  0.54399080206505690  0.55496414211129830  0.56573336046325373  0.57660289861642788
  0.58740742684580205  0.59815904242549489  0.60882774728388467  0.61941443198406265
  0.63006986777110041  0.64079791536681818  0.65161162598299660  0.66234247098365662
  0.67284136262487038  0.68332074215031113  0.69350470436295608  0.70390132686390849
  0.71435090813295199  0.72490224443774720  0.73523625652689972  0.74544094043020992
  0.75587896259349219  0.76661859328016557  0.77727707481351405  0.78800706176498114
  0.79845741195415421  0.80912816363007567  0.81953536909852365  0.82996920930710694
  0.84027124988375057  0.85071519446305255  0.86150857384986312  0.87228650751306480
  0.88293249676697583  0.89337542610638843  0.90411739158033433  0.91471231692074118
  0.92539919962083339  0.93603512025326685  0.94680675294698835  0.95759793345438127
  0.96825133388516804  0.97893689964382447  0.98946201158507252  1.00000000000000000
 -0.00373764046661282  0.02245847265136476  0.04171556950672903  0.05812767156718703
  0.07321603680854197  0.08735851308273702  0.10074318082882654  0.11359551089388692
  0.12601018292342669  0.13777620929317538  0.14909490110504753  0.16004544906026461
  0.17090497799234158  0.18174412771265594  0.19245580100654180  0.20291425985716080
  0.21308415124536542  0.22319801011495155  0.23315157915663795  0.24295988441454436
  0.25272868804984638  0.26245610922104329  0.27210167770694593  0.28155887432990506
  0.29086832041697686  0.30003762874709805  0.30912249190017926  0.31829185288833350
  0.32738119537110100  0.33639252375786149  0.34532656616146429  0.35413753538666143
  0.36283668243342221  0.37159132897222319  0.38030242750105198  0.38901325547787241
  0.39768580854257635  0.40626682103231287  0.41484267789540474  0.42348254208628516
  0.43215343019817676  0.44070154173400367  0.44910067755502980  0.45748208160164372
  0.46593198691798660  0.47437646454144611  0.48271973012754299  0.49099455188781449
  0.49925876364133426  0.50760376707755561  0.51607871731483068  0.52446293275288070
  0.53271938956580067  0.54094897894279848  0.54921182454845563  0.55758992509674143
  0.56601909413538243  0.57453024752045612  0.58301132651405918  0.59161148364969740
  0.60018447346997261  0.60884194859078666  0.61752733062061260  0.62626314195876542
  0.63518328972923477  0.64403491794176859  0.65278130094542319  0.66155978341450361
  0.67047752834877283  0.67960649662040273  0.68862577639293721  0.69742630072722034
  0.70617558952368997  0.71506627443316362  0.72420224873730499  0.73347432744825958
  0.74270965005405365  0.75188659266537150  0.76114672664826999  0.77063068173014881
  0.78034020027826156  0.79018993639773005  0.80039062045678622  0.81081944869925737
  0.82154726727141025  0.83235266719866463  0.84343988132572234  0.85502195924823532
  0.86736576110832930  0.88033199189354550  0.89418016818915902  0.90916198739815335
  0.92521932402641249  0.94294013833526247  0.96561545184925857  1.00000000000000000
 -0.01996428935554157  0.12114735868553533  0.16046427265294591  0.18378711643196910
  0.20172142823341549  0.21679034004808553  0.23010826425938702  0.24191110699143545
  0.25292412500067663  0.26288746098828708  0.27246648555962111  0.28124498528534914
  0.28977736475565191  0.29773541941693682  0.30539462161849634  0.31294855660189291
  0.32023933846662261  0.32741283703706298  0.33439628388663506  0.34117884225795875
  0.34772607815033835  0.35409368789880630  0.36033676332176851  0.36642490788075471
  0.37252382702038966  0.37839008286162990  0.38422734457562813  0.39008113909631864
  0.39588906435773419  0.40162571615522413  0.40729468990204037  0.41291195664164126
  0.41839780678855487  0.42365333758511436  0.42887694846606056  0.43411498404051263
  0.43942941298608262  0.44479345869885389  0.45011964223485779  0.45540337186611779
  0.46060691377859247  0.46574241200514888  0.47082454567333509  0.47588202508811461
  0.48097558125630374  0.48609572821286118  0.49129803865895827  0.49651389015816466
  0.50171448089885118  0.50691431947349119  0.51214520751005588  0.51739728984083577
  0.52264513908993560  0.52787909052689996  0.53311024147236541  0.53834084812534999
  0.54354838360344604  0.54874312053142538  0.55389947731686373  0.55905084006439087
  0.56423881773404616  0.56958045037572558  0.57494984279830152  0.58045542151982510
  0.58603277467120596  0.59164526300613440  0.59727023370011822  0.60292424660954924
  0.60868078652839142  0.61455263975225460  0.62050492049405137  0.62655317146181622
  0.63274177056543124  0.63888647482119643  0.64509215330550629  0.65142766872789470
  0.65799643428101184  0.66470080541799315  0.67157963635020923  0.67866126304902519
  0.68584581612022333  0.69333009788800426  0.70105796143395904  0.70908910431741690
  0.71762713733100714  0.72644580928239455  0.73606588527600358  0.74613016926296638
  0.75702583317548788  0.76896821029667572  0.78242897834757508  0.79762907759551727
  0.81567383307276620  0.83925451544343788  0.87846064385846434  1.00000000000000000
   2.5318255126861484E-002  -1.0000000000000000     
 T T T T T T T T T T T T T T T T F F F F F F F F F F F F F F F F
  <DiscreteSampler_grid>
  grouped_processes
  1 # 1 for a reference and 2 for a running grid.
  10 # Attribute 'min_bin_probing_points' of the grid.
  1 # Attribute 'grid_mode' of the grid. 1=='default',2=='initialization'
  0.0000000000000000 # Attribute 'small_contrib_threshold' of the grid.
  0.5000000000000000 # Attribute 'damping_power' of the grid.
 # binID   n_entries weight   weight_sqr   abs_weight
    10   10   1.568510156502192E+009   3.857935917421586E+018   1.568510156502192E+009
    16   10   1.568510156502192E+009   3.857935917421585E+018   1.568510156502192E+009
  </DiscreteSampler_grid>
