 -0.00000045875820600  0.00001480672096443  0.00002779010541833  0.00004194196755389
  0.00005593944581712  0.00007029899590324  0.00008521361512501  0.00010070038501814
  0.00011689253444560  0.00013371196266080  0.00015119289872782  0.00016956636809422
  0.00018889953281458  0.00020951261659807  0.00023129852933985  0.00025401277930968
  0.00027771109560755  0.00030259569110281  0.00032871609598674  0.00035594174595369
  0.00038455305325600  0.00041400834939860  0.00044500309757398  0.00047768950221999
  0.00051141014674154  0.00054669503460079  0.00058348564431579  0.00062187125451353
  0.00066183873438056  0.00070377572381375  0.00074750427842443  0.00079416457088264
  0.00084331036828256  0.00089471879834874  0.00094860055005576  0.00100429611115406
  0.00106243243255266  0.00112270061215964  0.00118530874392320  0.00125002469338271
  0.00131677332102976  0.00138566225732989  0.00145756085556159  0.00153323646944442
  0.00161391428654656  0.00170049536874975  0.00179214941536022  0.00188842439690931
  0.00198973741887979  0.00209224408144436  0.00219860326514891  0.00230218470655927
  0.00240874027326960  0.00251885696269690  0.00263292811196314  0.00274925217025028
  0.00286926648417310  0.00299931883655766  0.00313780105762562  0.00328469688826083
  0.00343427315150703  0.00358622119356346  0.00374767346938038  0.00390174008760636
  0.00408251982765233  0.00428129491039288  0.00449727781952479  0.00473048852020769
  0.00496903193778182  0.00520903505858383  0.00545997754844863  0.00573258528377773
  0.00603296801267504  0.00635120840445203  0.00668512230304589  0.00704197205621671
  0.00741119773500805  0.00776696114616718  0.00815041115799481  0.00857142137661551
  0.00903736461392900  0.00960382471849437  0.01021945503654745  0.01085893197884590
  0.01157637268614502  0.01234654599339648  0.01308873323038041  0.01388059637532855
  0.01482262554989993  0.01603994605976574  0.01765535387751840  0.01971716426217450
  0.02269062246581364  0.02755500972174723  0.38544068468207932  1.00000000000000000
 -0.00248323121145021  0.00962745011458175  0.02006937814003872  0.03069088510936960
  0.04130520319625225  0.05225634559699999  0.06312092792245187  0.07390519670954709
  0.08445192605948680  0.09496040565774512  0.10534191992257756  0.11574515420867833
  0.12613540695068781  0.13645942657424481  0.14680082486168344  0.15711099310151927
  0.16746968371811416  0.17791324862676888  0.18822403387183645  0.19865493566974143
  0.20889821414265855  0.21925777175853617  0.22946867971688820  0.23980153608666901
  0.25024036554552292  0.26098604388881463  0.27158480940772828  0.28254352539755767
  0.29333595762833881  0.30396993241806813  0.31437176880433970  0.32463250305891322
  0.33506050767026918  0.34557657734154978  0.35616534054234555  0.36656575852159456
  0.37671445098551315  0.38697321673003954  0.39741093878780082  0.40801423821461419
  0.41852505582401289  0.42901480784784185  0.43955051364290898  0.45016780992871208
  0.46079127035862744  0.47142585085332711  0.48196304224621794  0.49259973164359999
  0.50310232117253939  0.51384663173965506  0.52438595265371857  0.53480049052302159
  0.54526710792520727  0.55584162708800944  0.56660050851796018  0.57726461911553251
  0.58798523687204340  0.59879231175885272  0.60927848903844672  0.61989244182587377
  0.63063184509630854  0.64145329025864772  0.65219399066024497  0.66301849105627497
  0.67362932583504498  0.68435323529798542  0.69481895283283002  0.70537033289537887
  0.71571648619166761  0.72618042175866027  0.73671451865974991  0.74724166211483856
  0.75770830918492216  0.76803037559342913  0.77844578043374602  0.78877719994815954
  0.79920479957330415  0.80965590779000973  0.81994338474371165  0.83031193053496222
  0.84045675959203314  0.85067214827966398  0.86101473276623253  0.87159541523251216
  0.88222844528614996  0.89305304145329811  0.90383442224458743  0.91492042010241148
  0.92573235900719641  0.93647557236618650  0.94715478831832489  0.95776374323821722
  0.96827981662265172  0.97875322983304758  0.98944735550008878  1.00000000000000000
 -0.00470318362415768  0.02534824908045234  0.04631920851718842  0.06354419651555224
  0.07900797561189410  0.09346283921582652  0.10710690394679923  0.11998672149869456
  0.13222212837002464  0.14397582728521274  0.15543915554639165  0.16670807278489302
  0.17775937629667565  0.18850815872619622  0.19895935042190785  0.20928428481403419
  0.21960686012305775  0.22982134489408584  0.23982601150674482  0.24962525288770893
  0.25934162885954998  0.26898480287739673  0.27852345211874302  0.28799727044629148
  0.29745454433963281  0.30682266282277326  0.31611033615485268  0.32535288055080080
  0.33440242383675556  0.34320754192673519  0.35184564096188242  0.36040229208409519
  0.36893031994517100  0.37741859923632792  0.38587076948773125  0.39433609584604901
  0.40285699639572231  0.41132375140179395  0.41970584989744464  0.42807429626463833
  0.43646697498961934  0.44490821314204870  0.45332487731337590  0.46171413408655559
  0.47013070195804751  0.47855247949474666  0.48702070154021204  0.49537377886506972
  0.50362206664797016  0.51199373053065600  0.52022394539035921  0.52854605675762911
  0.53678955750915591  0.54491003308026953  0.55305198769676001  0.56112605892141887
  0.56920311428661419  0.57731773582051482  0.58546028940374972  0.59359174112580060
  0.60174064724874543  0.60995633241587566  0.61818364939241610  0.62648221707839113
  0.63487559977340657  0.64337543080463033  0.65192858155883415  0.66055067523556843
  0.66924108129236226  0.67799405899452359  0.68677032362557056  0.69551699303294590
  0.70431878672118475  0.71325852185240324  0.72236081841308653  0.73164130684235529
  0.74094613888582139  0.75029448469131776  0.75977952572355778  0.76946379468771275
  0.77953879383131486  0.78985278138602866  0.80021762459141987  0.81051117119723237
  0.82086076570047739  0.83145341584290189  0.84232976836863938  0.85344140458404216
  0.86479281525845408  0.87671452252100113  0.88953306406259924  0.90364730390531434
  0.91929536144168378  0.93718476760233138  0.96067347706753925  1.00000000000000000
 -0.02823431207247331  0.13726807183407774  0.17576828940326422  0.19885216635291092
  0.21638775146521558  0.23079649305265268  0.24329515553904074  0.25463622218127052
  0.26506521975569819  0.27482781372035420  0.28384371183328955  0.29240480907456862
  0.30045611676134093  0.30821674319749548  0.31564065730170726  0.32264073671281973
  0.32947767117454368  0.33612739672551928  0.34256932497078518  0.34885883109944171
  0.35499097930646928  0.36104943384582844  0.36704941314761880  0.37297540736948198
  0.37881992713191159  0.38447278857689593  0.39007089650530807  0.39556897423697440
  0.40098942042288305  0.40633464992395207  0.41166489550165553  0.41696603973205104
  0.42220677306586091  0.42741098398021760  0.43258977982256797  0.43772116256733468
  0.44279875742473618  0.44779379689654997  0.45270903724627209  0.45757956899812186
  0.46242646544453536  0.46730746324280814  0.47223944530366108  0.47717165486225743
  0.48208706688830505  0.48695710184654384  0.49178564803111180  0.49659958179447705
  0.50145360792618987  0.50637083210676903  0.51128021038695526  0.51616298983751507
  0.52103509241605828  0.52592683810568730  0.53080411253811799  0.53571795968948477
  0.54068647948925597  0.54572071548159706  0.55081568536487802  0.55595951957860024
  0.56113229205178972  0.56634784341694644  0.57162405613707412  0.57690792090073484
  0.58219073951267875  0.58749104118772177  0.59281886239996329  0.59822639823710655
  0.60371806996966670  0.60930098570832525  0.61492280780306685  0.62060783513690854
  0.62636454918820550  0.63226549355889061  0.63828744117639791  0.64437217844671768
  0.65069288287375993  0.65708400780369480  0.66364934940003784  0.67037448305628267
  0.67733390456240838  0.68447451399091197  0.69189653181293154  0.69955056973102958
  0.70752229081403484  0.71610420806148856  0.72520029185940271  0.73487664661440388
  0.74507709912100506  0.75630460315952852  0.76884609467798914  0.78335828981861733
  0.80076653306442303  0.82362053272951252  0.86211714059425282  1.00000000000000000
   1.2620078146421866E-002  -1.0000000000000000     
 T T T T T T T T T T T T T T T T F F F F F F F F F F F F F F F F
  <DiscreteSampler_grid>
  grouped_processes
  1 # 1 for a reference and 2 for a running grid.
  10 # Attribute 'min_bin_probing_points' of the grid.
  1 # Attribute 'grid_mode' of the grid. 1=='default',2=='initialization'
  0.0000000000000000 # Attribute 'small_contrib_threshold' of the grid.
  0.5000000000000000 # Attribute 'damping_power' of the grid.
 # binID   n_entries weight   weight_sqr   abs_weight
    10   10   1.739746950769723E+010   2.453717010985716E+021   1.739746950769723E+010
    16   10   1.739746950769723E+010   2.453717010985715E+021   1.739746950769723E+010
  </DiscreteSampler_grid>
