 -0.00000057858694989  0.00000975865891646  0.00001546751660496  0.00002023888688627
  0.00002493602541672  0.00002956330290021  0.00003418955654189  0.00003882987392798
  0.00004351860034420  0.00004829187149269  0.00005315095433860  0.00005810130110190
  0.00006314989968461  0.00006829922147198  0.00007353348033272  0.00007885254837123
  0.00008430962129166  0.00008987372223198  0.00009561288802162  0.00010150516699536
  0.00010754430801055  0.00011376653439604  0.00012019066985568  0.00012674084282723
  0.00013341778458777  0.00014025804230206  0.00014725138999825  0.00015438789245106
  0.00016169877005406  0.00016918982938414  0.00017687244923076  0.00018475226730459
  0.00019282902101708  0.00020114398662894  0.00020975649722890  0.00021868543307817
  0.00022792525404979  0.00023751527933170  0.00024744331811198  0.00025776499513211
  0.00026856769351859  0.00027982508876592  0.00029156338121679  0.00030386346841062
  0.00031674926206487  0.00033025407161068  0.00034438790348356  0.00035904062442443
  0.00037429763714333  0.00039017942399223  0.00040694390394787  0.00042439137881356
  0.00044269918377428  0.00046211975872447  0.00048260994524268  0.00050456050297759
  0.00052765935076025  0.00055220040297663  0.00057835214463844  0.00060610081875347
  0.00063571702679262  0.00066700594782239  0.00070061929991303  0.00073641920663676
  0.00077500196543280  0.00081631098146923  0.00086098052051169  0.00090937699923914
  0.00096133749571244  0.00101744456598903  0.00107783808258407  0.00114358226921900
  0.00121519057594017  0.00129197183343211  0.00137606718723310  0.00146929643955768
  0.00157384026925681  0.00168974071810913  0.00181754081577322  0.00195919145298622
  0.00211395035662059  0.00228867972308506  0.00249054538706184  0.00272199992512761
  0.00298311693739335  0.00327327787085515  0.00362833026186833  0.00408937956236649
  0.00467044800154615  0.00536059321482898  0.00619616641126040  0.00738216191602154
  0.00883778575824088  0.01107588222998837  0.19093078382539364  1.00000000000000000
 -0.00232382803772158  0.00926527830793171  0.01937834952145445  0.03024946023922158
  0.04108652276262587  0.05172333205293226  0.06234170053528910  0.07320884129434764
  0.08392868761717182  0.09453370894096087  0.10502407332723109  0.11563023316691130
  0.12618006020399974  0.13678373235373192  0.14731355562829543  0.15778791481309209
  0.16830654660710034  0.17890476583274406  0.18946020720905057  0.19989501221916653
  0.21033740054229777  0.22086194988452218  0.23140875362981395  0.24197728038802635
  0.25233406947574855  0.26284614089080899  0.27323656790625384  0.28386005688311616
  0.29420218096617495  0.30473403765288681  0.31513615835051800  0.32573456898789577
  0.33619546947669854  0.34680233959848167  0.35732319893016673  0.36775767256768610
  0.37827423923063119  0.38887926181996790  0.39957295032571094  0.41002896578827208
  0.42055688932589252  0.43118255150390872  0.44188340750285138  0.45259943695791155
  0.46301831170662128  0.47344241110947538  0.48385600033140441  0.49429145959392029
  0.50463351741315887  0.51490480436461872  0.52530622846331099  0.53584755336013101
  0.54634578645065734  0.55686472173922452  0.56723865147555608  0.57765418463307716
  0.58808261500754844  0.59847262164317383  0.60877852447855185  0.61912320161986467
  0.62966384075670023  0.64019076870805047  0.65076136014298902  0.66135521569088285
  0.67205177606924515  0.68286065963543230  0.69351613084997288  0.70419015105074922
  0.71488425037898740  0.72585316976134329  0.73655947291770307  0.74718037980463481
  0.75758117047690710  0.76811510520280379  0.77856384849492577  0.78904106037614796
  0.79989668101242994  0.81065256075268655  0.82125640075417050  0.83189831727954688
  0.84234664972158235  0.85286455319723709  0.86326416862369493  0.87376513701995884
  0.88412301894966616  0.89448099880862308  0.90491687867389281  0.91529465741800764
  0.92580448144224170  0.93646436101453012  0.94728559387582545  0.95799858607968369
  0.96866818555999301  0.97927694504661189  0.98961698308290469  1.00000000000000000
 -0.00462960595623933  0.02592487096292558  0.04715527336894822  0.06477221431243195
  0.08050859657709879  0.09486811859292792  0.10830112432246541  0.12103133673637834
  0.13322697512571258  0.14503254998831616  0.15644770517297077  0.16743369687817750
  0.17803756275882252  0.18834287358886126  0.19843437292553390  0.20833943311240483
  0.21812151082828848  0.22774465054246620  0.23717911188428004  0.24645656492320075
  0.25553009638674612  0.26438594338388671  0.27310054341555062  0.28176392466690087
  0.29039126115371672  0.29890253289572716  0.30727917433761820  0.31557810136710401
  0.32384315272614578  0.33208715598197514  0.34029711324442258  0.34848829886820043
  0.35668351664406606  0.36485969542505209  0.37295130238989677  0.38091476423248721
  0.38874583813962488  0.39653919408427973  0.40430669615172371  0.41210054943826496
  0.41988080400238265  0.42746525098556715  0.43505162284200455  0.44255143464965679
  0.45011032281200047  0.45758462033364639  0.46504061485938858  0.47251844331664017
  0.48007898270499239  0.48773040938387152  0.49533922782048423  0.50292337311364077
  0.51054727250747667  0.51824148934616987  0.52594832071165931  0.53358862440969779
  0.54116398763224427  0.54875302652832636  0.55641094606413954  0.56415360990839392
  0.57192087875063036  0.57969023489543936  0.58752253534855514  0.59546320300986055
  0.60347307028390351  0.61151359701245478  0.61958804652852750  0.62773810639810090
  0.63597704665248156  0.64424460192805044  0.65255124068303927  0.66093928294151505
  0.66946933197954750  0.67815536119099740  0.68684803464805910  0.69569667628414567
  0.70468718085119808  0.71396880707359833  0.72343294537699365  0.73310133404900590
  0.74300828142028985  0.75311906573547327  0.76330524137391198  0.77356102565157514
  0.78408779054015465  0.79503084809959712  0.80643434102782774  0.81826976133458007
  0.83069321424445786  0.84395790573436058  0.85811152892017240  0.87383860296075722
  0.89204689700232787  0.91378641531681792  0.94363143790014214  1.00000000000000000
 -0.02566157166746100  0.12230318849404051  0.15851069612558963  0.18023223590302889
  0.19738470023292481  0.21210423618353902  0.22519424959128903  0.23693344919745005
  0.24775980784373378  0.25781023441375206  0.26740151037783189  0.27641964821010440
  0.28506113489343832  0.29326091242093333  0.30104653059922615  0.30859563377601634
  0.31592613557702481  0.32310291967962956  0.33009457967736433  0.33696513029607839
  0.34367033143374859  0.35026483597010810  0.35667790623025325  0.36295340786201918
  0.36915672087652029  0.37524174787635500  0.38116973927968173  0.38700344884322024
  0.39280875268760479  0.39860134505349154  0.40439731793853917  0.41017446297645838
  0.41587818161608259  0.42155938589246078  0.42714999400693654  0.43268574110229147
  0.43821013159464961  0.44372332812795512  0.44924130580088872  0.45472731330632543
  0.46012870213286261  0.46548821612766494  0.47084702356622821  0.47620958860545798
  0.48158362161969553  0.48690437028077033  0.49216092834687286  0.49742841273303667
  0.50271001157178230  0.50802702907650910  0.51332739149040396  0.51862669102264902
  0.52394349328839274  0.52928546239264984  0.53465304736111752  0.54003444723389926
  0.54539822246369196  0.55077942514050104  0.55619986040241765  0.56165084116975950
  0.56711506266525469  0.57258613275138659  0.57810736515914618  0.58369864900533774
  0.58934371345387548  0.59502315605153344  0.60072582375982897  0.60649203384454753
  0.61232062210185623  0.61820658585000754  0.62419292025672279  0.63035695767756617
  0.63667291186040553  0.64307520559066977  0.64956209879476534  0.65623901840292431
  0.66295359272361276  0.66983506150835559  0.67694630627912700  0.68423778694280923
  0.69180284159644223  0.69960285021282176  0.70763808638525849  0.71595367249446218
  0.72453968239455979  0.73351429038528337  0.74303319542472368  0.75313929006445246
  0.76399971405004130  0.77570287617164746  0.78858003773787022  0.80309145943554139
  0.82008488766701204  0.84174553008154573  0.87761384760731476  1.00000000000000000
   1.5999264848838182E-003  -1.0000000000000000     
 F T T F T T T T T T T T F T T F F F F F F F F F F F F F F F F F
  <DiscreteSampler_grid>
  grouped_processes
  1 # 1 for a reference and 2 for a running grid.
  10 # Attribute 'min_bin_probing_points' of the grid.
  1 # Attribute 'grid_mode' of the grid. 1=='default',2=='initialization'
  0.0000000000000000 # Attribute 'small_contrib_threshold' of the grid.
  0.5000000000000000 # Attribute 'damping_power' of the grid.
 # binID   n_entries weight   weight_sqr   abs_weight
    10   10   2.297098972296879E+008   1.289425056313891E+017   2.297098972296879E+008
    16   10   2.333878868458190E+008   1.308034450235784E+017   2.333878868458190E+008
  </DiscreteSampler_grid>
