 -0.00000027155055908  0.00001274938026989  0.00002681587189414  0.00003963336017750
  0.00005239404199013  0.00006438771486411  0.00007700951784713  0.00009003372804609
  0.00010351868446110  0.00011747952055115  0.00013189000148077  0.00014671660288138
  0.00016177464608375  0.00017734955430934  0.00019367551083216  0.00021084042709933
  0.00022875602669012  0.00024761890411882  0.00026760314285352  0.00028837812190248
  0.00031013803624566  0.00033253373338265  0.00035609362651654  0.00038095995735969
  0.00040696561542773  0.00043443125941911  0.00046336103744814  0.00049414647414284
  0.00052553817794833  0.00055810919172483  0.00059191745148513  0.00062707588808580
  0.00066335690656075  0.00070055061538199  0.00073984824192439  0.00077970816270949
  0.00082331058537917  0.00086683285669168  0.00091149251271360  0.00095760155619488
  0.00100762179945523  0.00106102693506978  0.00111675821789924  0.00117556459942357
  0.00123746135537834  0.00130182583798285  0.00136787725067516  0.00143616284532039
  0.00150958568491000  0.00158672871360631  0.00166507971798597  0.00174786405647312
  0.00183619965968450  0.00192770699928288  0.00202251329891208  0.00211862038824072
  0.00221850842246140  0.00232492528834199  0.00243510944589858  0.00255822564651638
  0.00268768766709979  0.00282265310291404  0.00296311456814527  0.00311311799679720
  0.00326846926638277  0.00343403620780517  0.00360443259447006  0.00377204197130073
  0.00394617180644762  0.00413524180173909  0.00434168290555793  0.00455629574461610
  0.00478672801162104  0.00506187318710804  0.00537044160677981  0.00565963074106173
  0.00592096902072444  0.00615969611189007  0.00639504149275040  0.00662066948425947
  0.00690832098869001  0.00727223708402542  0.00769242822497284  0.00815822128646462
  0.00866582229107950  0.00919955919649935  0.00978817733588826  0.01051822701254548
  0.01134500107264424  0.01228611151310158  0.01326732646123719  0.01430790826935922
  0.01535643858498269  0.01669076852645222  0.19436877713676720  1.00000000000000000
 -0.00259761285808593  0.01022845866007908  0.02095391167336276  0.03166235918717877
  0.04236512621226667  0.05297322479106879  0.06371204060025169  0.07445935053003278
  0.08518980824846432  0.09622995437604162  0.10701257847247310  0.11769714973314507
  0.12841656694371642  0.13941908549677071  0.15033566198656292  0.16146177366614284
  0.17266872732776570  0.18409339435324518  0.19473997619717581  0.20526471543562672
  0.21554987653988220  0.22584056117311385  0.23607285385751650  0.24615096095195557
  0.25662078942155447  0.26718871320198989  0.27784867899430604  0.28856884498125190
  0.29947359908610083  0.31036895497859812  0.32090782039101545  0.33148157359805697
  0.34184032790633867  0.35239188109542713  0.36287833774443268  0.37374714089342054
  0.38399593993813624  0.39439251072698917  0.40456680593364630  0.41494972230122856
  0.42488222937221526  0.43480553533793670  0.44494986139461351  0.45495006171827823
  0.46506094967100187  0.47500508215478088  0.48538302691515450  0.49572553837532146
  0.50601761509786025  0.51645298138199580  0.52699786855475439  0.53780619928756257
  0.54859564658649196  0.55943693517805815  0.57000551902113128  0.58074423092128080
  0.59147590037588471  0.60229621538923706  0.61298474211469811  0.62356485153458019
  0.63397474765519324  0.64427196115888119  0.65461848649165055  0.66509060089968186
  0.67556287389636549  0.68599522569140592  0.69634324893392741  0.70666221317327882
  0.71703459730563235  0.72749352140435919  0.73807950088240326  0.74863910853028115
  0.75912843482902104  0.76951229612867600  0.77998019081902525  0.79051226535414243
  0.80110193794144180  0.81177575672406477  0.82243372150783511  0.83303936149274249
  0.84346846730814373  0.85384940697050249  0.86431864672028391  0.87481710121175793
  0.88549562869680365  0.89615232098643693  0.90680076571007195  0.91723749296973400
  0.92779428690734178  0.93815857930123736  0.94850612728873129  0.95882802187428562
  0.96927732295585756  0.97982777218377137  0.99000380654405762  1.00000000000000000
 -0.00370350966822148  0.02246263879337018  0.04197021456969514  0.05863522070211841
  0.07363709793217224  0.08759848063821765  0.10091135841786200  0.11372329327410219
  0.12616236644658566  0.13803751214684049  0.14953903158831777  0.16070981888932298
  0.17174527171476783  0.18252056332657973  0.19307814286623093  0.20345687438833410
  0.21364912094967706  0.22360863360643554  0.23336730744919168  0.24303502063319532
  0.25274050564325695  0.26243882351187142  0.27210044695301594  0.28165150896181251
  0.29110769936790493  0.30042608476165683  0.30966694530239042  0.31881766379471210
  0.32789771692743569  0.33697149681136951  0.34603451974494570  0.35512302496488002
  0.36409521804553469  0.37286557980457147  0.38160365704795995  0.39042862413458274
  0.39932214455898174  0.40817769338316123  0.41693891862682664  0.42562867956107281
  0.43429097722642140  0.44296410484193965  0.45162042530859148  0.46021451165513183
  0.46872951479917424  0.47719357879863145  0.48561944673829510  0.49393093060902638
  0.50213832221323029  0.51018616580144327  0.51822611504142602  0.52635318349868820
  0.53467921380078709  0.54312284438894254  0.55168421750518970  0.56008203062275930
  0.56849642516938437  0.57697508980128798  0.58545581113235456  0.59388343392133636
  0.60236487947077699  0.61087551627175429  0.61948208785046899  0.62813793174688537
  0.63677591433615210  0.64550320807576689  0.65440296325630543  0.66341052190084560
  0.67241550246437887  0.68141474648083278  0.69045841294658061  0.69942007879592238
  0.70858380670884391  0.71764222913719633  0.72672109912717575  0.73599155994626897
  0.74549302971792453  0.75520725267008559  0.76508237876201879  0.77499550608709966
  0.78491349003216337  0.79494995592144424  0.80521889059261365  0.81566060952296915
  0.82606781376535332  0.83665429014862747  0.84778633377694756  0.85937671638894508
  0.87132573652071910  0.88403521533626350  0.89758479893609555  0.91164212292385649
  0.92635426648562436  0.94264178212570104  0.96436277845841956  1.00000000000000000
 -0.02012539906416239  0.11987774468325738  0.15914025995765291  0.18283894875652446
  0.20117424046586732  0.21643041123138690  0.22981284359987564  0.24187775663049799
  0.25295981565912329  0.26304894094405851  0.27269371876318815  0.28149064685424785
  0.29008773183587383  0.29800962415302401  0.30573157330845274  0.31318443077290692
  0.32034805368371105  0.32728972622780644  0.33403887957450767  0.34063666929405079
  0.34720635221776808  0.35370367713804596  0.36011091856180139  0.36635954979947455
  0.37259616678950874  0.37860605270994691  0.38447364087295866  0.39028007203121812
  0.39606105015191195  0.40179830055125160  0.40746387578690502  0.41307538235731428
  0.41861122181526023  0.42408179668713042  0.42965116064410802  0.43519235676903689
  0.44056120412859734  0.44576007186246935  0.45094948798386214  0.45614680301047128
  0.46135785238761468  0.46653371642632757  0.47167810768133100  0.47681171328548605
  0.48191345611156644  0.48697231885003778  0.49202954819981143  0.49710483268038247
  0.50220772611296571  0.50734761856794619  0.51240947141780691  0.51749778408551106
  0.52263117187583596  0.52782846913456083  0.53309798580707413  0.53838705331967796
  0.54365346060335928  0.54890820587697520  0.55414110649301174  0.55936874229901989
  0.56470168077985872  0.57003816693189135  0.57539997648844388  0.58078641899014694
  0.58627295782829225  0.59184788134372579  0.59744366661265735  0.60309316845190253
  0.60881732205854255  0.61462279404094755  0.62048556480926387  0.62649484477806361
  0.63277080241081185  0.63904446429660422  0.64535550512750961  0.65178741012201913
  0.65834706602105275  0.66505475065707098  0.67207655067057126  0.67932374670448592
  0.68668114662664304  0.69431783476148179  0.70205886404233564  0.71013268784576777
  0.71861794284119063  0.72737945493637624  0.73704411283415727  0.74700238611907877
  0.75774614313388333  0.76943291966695526  0.78276629950246246  0.79811990998746929
  0.81642082702525287  0.83989052605400027  0.87894105477857654  1.00000000000000000
   2.5210043745567470E-002  -1.0000000000000000     
 T T T T T T T T T T T T T T T T F F F F F F F F F F F F F F F F
  <DiscreteSampler_grid>
  grouped_processes
  1 # 1 for a reference and 2 for a running grid.
  10 # Attribute 'min_bin_probing_points' of the grid.
  1 # Attribute 'grid_mode' of the grid. 1=='default',2=='initialization'
  0.0000000000000000 # Attribute 'small_contrib_threshold' of the grid.
  0.5000000000000000 # Attribute 'damping_power' of the grid.
 # binID   n_entries weight   weight_sqr   abs_weight
    10   10   1.351484618304059E+009   2.499862005818664E+018   1.351484618304059E+009
    16   10   1.351484618304059E+009   2.499862005818664E+018   1.351484618304059E+009
  </DiscreteSampler_grid>
