  0.00000060084062848  0.00001364501697507  0.00002802439880778  0.00004186368967048
  0.00005510163671551  0.00006815814323845  0.00008146424039801  0.00009522524670673
  0.00010942573848727  0.00012394745424731  0.00013862407816003  0.00015353655109371
  0.00016901471077732  0.00018564139894553  0.00020279442902928  0.00022064712239730
  0.00023922292741591  0.00025908271932308  0.00027996163358433  0.00030195825987085
  0.00032469961375602  0.00034855085313489  0.00037308097795860  0.00039905823778439
  0.00042629516045768  0.00045505563705507  0.00048484784189259  0.00051565872585505
  0.00054776363210117  0.00058119622340630  0.00061637637169778  0.00065284459853268
  0.00069071858865154  0.00073054514480833  0.00077252244200728  0.00081739654511464
  0.00086361538825544  0.00091153254292773  0.00096040263556363  0.00101196958377504
  0.00106522554948780  0.00111976693356624  0.00117605937806095  0.00123595082097153
  0.00129875588040919  0.00136446994697734  0.00143129106782330  0.00150696778173154
  0.00158490136830319  0.00167067441021036  0.00175382527420421  0.00184200629839276
  0.00193375143417109  0.00202859286637149  0.00212584377699162  0.00222243929456734
  0.00231357025865355  0.00240734520377816  0.00251810297807528  0.00262950258294060
  0.00275543304419976  0.00288454357735546  0.00303819020455256  0.00323558744826887
  0.00343933770069749  0.00365186150857024  0.00385444346822968  0.00405470629834426
  0.00425697499168272  0.00446664608800839  0.00468589778693839  0.00490281339890960
  0.00514016068116537  0.00536174900366443  0.00565570817317458  0.00596433216827802
  0.00629692597040728  0.00662827911322739  0.00694640802519472  0.00726274337732374
  0.00759523907192119  0.00803234474365258  0.00846841102192880  0.00904726596304284
  0.00977051248945250  0.01058500237120053  0.01154136874660102  0.01295268251772053
  0.01452684146421331  0.01705219776142871  0.02024055957756206  0.02272358837120823
  0.02680003570169353  0.03758030465151761  0.12052562508117177  1.00000000000000000
 -0.00258292368679385  0.00945340487873602  0.01976004250304565  0.03012277241767795
  0.04063143404050762  0.05137710779747581  0.06206988508697223  0.07236970464226578
  0.08270306873875152  0.09320664359343642  0.10392419885049317  0.11446805276503805
  0.12519166928671660  0.13572587129874711  0.14607277123809698  0.15634246443425234
  0.16673480721255951  0.17719077804613598  0.18777490795614973  0.19852734989156268
  0.20928790070072550  0.21986987179296377  0.23043089894626051  0.24093921027591336
  0.25157806737174554  0.26229564944578276  0.27286962865205022  0.28339711696382924
  0.29383302643957254  0.30445146655530314  0.31496515448615020  0.32545944128120707
  0.33604153390234071  0.34660332103711122  0.35689656834499034  0.36701116573070958
  0.37704598281439700  0.38735763498026621  0.39775240142582324  0.40828471917144782
  0.41888704669718135  0.42962079426740368  0.44026159994405456  0.45083658071648236
  0.46137350237572278  0.47194385689758278  0.48258785757051842  0.49305054740313148
  0.50351392243033888  0.51386143556736885  0.52419414759439431  0.53438527823654580
  0.54455345038432468  0.55482499894108306  0.56518946669687287  0.57563825580217665
  0.58595773471268531  0.59650111495272551  0.60693699357119191  0.61745910669414616
  0.62789499385729675  0.63845804752875501  0.64871508810634204  0.65882800988548273
  0.66907729997635823  0.68007694658343465  0.69117125219024300  0.70202177843874314
  0.71276516039106508  0.72354758925820739  0.73419345134578906  0.74477792887247352
  0.75529124645286538  0.76589185467641818  0.77642112889413595  0.78689560986891260
  0.79740218058943291  0.80804788642694036  0.81868312455721026  0.82943276952403144
  0.84035624246680551  0.85168920369729850  0.86265507036413902  0.87339554530191843
  0.88394493225010240  0.89463089651015837  0.90530640001517426  0.91587962698307135
  0.92628965867162583  0.93688757880564244  0.94749180475221362  0.95813551247839646
  0.96852509133621900  0.97909728374105842  0.98968766557942189  1.00000000000000000
 -0.00372859594989425  0.02254507766552058  0.04183837351840519  0.05840291313799315
  0.07357291149716558  0.08780499318068366  0.10129417338856489  0.11392439439246672
  0.12604289580802697  0.13790401818333611  0.14961729071895946  0.16104873867877770
  0.17224518474269179  0.18314214536610413  0.19387372389622448  0.20434513783009353
  0.21476512687310642  0.22504982725661385  0.23515920719764674  0.24508368860213400
  0.25491449711231567  0.26482879054581254  0.27464082313443161  0.28441122206198571
  0.29394726597038007  0.30335972665749145  0.31279521743459299  0.32219983955324810
  0.33167650808587218  0.34074916437899155  0.34981853109147798  0.35873204712408147
  0.36754874546347988  0.37625444138565212  0.38476793276808313  0.39321580948323348
  0.40166457616199197  0.41017866787580665  0.41876822099881483  0.42733922811276553
  0.43588446195261965  0.44446976924894421  0.45310404312479668  0.46170912290853960
  0.47019612738956512  0.47860539805012470  0.48700355788388278  0.49536886297250016
  0.50368715139841691  0.51202951891758364  0.52041435718215201  0.52890435700978189
  0.53731443499545661  0.54573189719648130  0.55415190430920636  0.56259423313264734
  0.57098369034961849  0.57935610306604512  0.58758129579858609  0.59574822318995058
  0.60394802125910452  0.61216410134811960  0.62046915785888579  0.62880552865881756
  0.63729718109220146  0.64586188600489458  0.65476934759375349  0.66387575598621562
  0.67310331993392158  0.68237333700419733  0.69154933302725974  0.70068667968454768
  0.70987499322738223  0.71911883919106645  0.72839288765863430  0.73761197931783773
  0.74675278530427769  0.75589118802091304  0.76509161842590734  0.77442033005713018
  0.78381035245344777  0.79323715644950155  0.80273337610244877  0.81241871696908308
  0.82267364558442702  0.83366380559978503  0.84514351892257078  0.85677642437888624
  0.86856884894844411  0.88090247622836426  0.89424980163625956  0.90871658380019749
  0.92488850158097391  0.94289597230641642  0.96601455273887882  1.00000000000000000
 -0.01945027495532320  0.12141227457073393  0.16025454837979322  0.18368855175991444
  0.20175499513777398  0.21675973089278897  0.23002436233915197  0.24194823128399101
  0.25302560727409834  0.26300861177225388  0.27258585595084367  0.28142978211854075
  0.29005543903560788  0.29806569328911131  0.30564173583734017  0.31308466158758902
  0.32032151181109597  0.32754436318949631  0.33452676597519887  0.34129011471453874
  0.34796037648523465  0.35449127030486954  0.36082165766154284  0.36708605170699277
  0.37324227559887252  0.37929689890381235  0.38521912918340701  0.39111507942838319
  0.39694743522277820  0.40266462104402267  0.40831623833223551  0.41392353834117651
  0.41946677603778321  0.42491714377361983  0.43035280610209897  0.43579276649632404
  0.44113405360140134  0.44634777676001841  0.45155668636137625  0.45674585387123595
  0.46196797605737921  0.46718688444664758  0.47239808614728057  0.47756778942292000
  0.48267243303222146  0.48776496027318761  0.49282972585111617  0.49792602795756113
  0.50309237110990357  0.50830742780260629  0.51345643368224958  0.51859183710690060
  0.52373588745166388  0.52890813956045157  0.53408220885519830  0.53919822802099715
  0.54429593334719151  0.54947462359408383  0.55468416158122680  0.55997782470840052
  0.56538189080942602  0.57085494854329477  0.57633522882139576  0.58188344884293697
  0.58752337803900068  0.59320240935608226  0.59883559954585341  0.60442654828249576
  0.61006345033210641  0.61579659713143686  0.62164627789822935  0.62762953384074605
  0.63362067351431606  0.63964966218120944  0.64577567210388798  0.65206121608734580
  0.65854631738721292  0.66515649056081294  0.67200264197569481  0.67907030886313435
  0.68627486316713548  0.69382395945105069  0.70155906928645251  0.70955885399687391
  0.71819197850036942  0.72704180847119038  0.73678722146666553  0.74689425116106567
  0.75800991348672819  0.76985694445687125  0.78314691644733114  0.79837565491535234
  0.81693785599533819  0.84067751448253025  0.87876129362270861  1.00000000000000000
   2.5386087539537940E-002  -1.0000000000000000     
 T T T T T T T T T T T T T T T T F F F F F F F F F F F F F F F F
  <DiscreteSampler_grid>
  grouped_processes
  1 # 1 for a reference and 2 for a running grid.
  10 # Attribute 'min_bin_probing_points' of the grid.
  1 # Attribute 'grid_mode' of the grid. 1=='default',2=='initialization'
  0.0000000000000000 # Attribute 'small_contrib_threshold' of the grid.
  0.5000000000000000 # Attribute 'damping_power' of the grid.
 # binID   n_entries weight   weight_sqr   abs_weight
    10   10   1.527832657428997E+009   3.880605345930970E+018   1.527832657428997E+009
    16   10   1.527832657428997E+009   3.880605345930971E+018   1.527832657428997E+009
  </DiscreteSampler_grid>
