  0.00000397066277921  0.00001707233096784  0.00002959856509068  0.00004307467371261
  0.00005632578196232  0.00007002015029717  0.00008448278371660  0.00009972562105268
  0.00011573701966302  0.00013241752735013  0.00014956295319540  0.00016737945473160
  0.00018628760068482  0.00020612636810163  0.00022691676923676  0.00024868612137389
  0.00027188450978729  0.00029638426273511  0.00032207542999037  0.00034895040513681
  0.00037683910790200  0.00040604897116585  0.00043671076534580  0.00046918138918572
  0.00050287885598431  0.00053788477535354  0.00057430680549775  0.00061253004535631
  0.00065338702116666  0.00069552560614602  0.00074006643706305  0.00078616683289361
  0.00083397429473887  0.00088410407820221  0.00093603397242487  0.00099036543185127
  0.00104692795176116  0.00110501351620220  0.00116447677901234  0.00122444344277420
  0.00128592376081200  0.00134998688187915  0.00141801846055668  0.00149003278026929
  0.00156529829101334  0.00164400998724434  0.00172617761800929  0.00181238682826501
  0.00190252613667765  0.00199675318649555  0.00209694595931971  0.00219894532232353
  0.00230270394681939  0.00240728129751813  0.00251533396196594  0.00262703089355466
  0.00274085542045959  0.00286087219424874  0.00298687924136837  0.00312306825770155
  0.00326614268978647  0.00341358834224071  0.00356732240645519  0.00372842392197323
  0.00389375539969861  0.00405824981395331  0.00422698537036826  0.00439815710842281
  0.00458245692867563  0.00478767297114830  0.00501984245595035  0.00527331496499983
  0.00553193130003858  0.00578217711392243  0.00602215680468995  0.00626892088933916
  0.00654194301118364  0.00681296027556480  0.00713664100994190  0.00747081075164377
  0.00781000065862462  0.00829250045921176  0.00878248011779838  0.00928593247099115
  0.00981387220968557  0.01035589475926026  0.01092174450693644  0.01159304784564730
  0.01243920974156198  0.01341966459689146  0.01438775169143479  0.01520982801550950
  0.01613045828895607  0.01785613482309667  0.30728584510381735  1.00000000000000000
 -0.00226068176946233  0.00925959667977131  0.01937312681645985  0.03001310462845463
  0.04064189158824430  0.05117451201012293  0.06170116797553998  0.07227381142855359
  0.08287037967345939  0.09334669303697872  0.10382991638044554  0.11431055686250316
  0.12483249921956967  0.13548657580216950  0.14620981775011535  0.15695954602354789
  0.16763778251167430  0.17817624498927179  0.18881869119600847  0.19941096250882026
  0.20994906094174587  0.22026457766136798  0.23071152814623677  0.24131875471495484
  0.25202692230205431  0.26249305579475191  0.27309678642004320  0.28368630720738164
  0.29431425869336802  0.30475286148328229  0.31529785922956449  0.32581977275573482
  0.33632417137724624  0.34655809025534162  0.35683451117124965  0.36709973771075571
  0.37740010552046227  0.38750593844551950  0.39787783795710363  0.40822702703980529
  0.41859900612184331  0.42895469496648131  0.43951258730292148  0.45029138184876921
  0.46100280529148291  0.47162921767126892  0.48223807595382540  0.49268321515988051
  0.50310051023589775  0.51375253475082971  0.52457145539049277  0.53536793539529848
  0.54589250708717707  0.55627841362031449  0.56678132910957824  0.57724600115543445
  0.58799509299977093  0.59853819977236522  0.60932687566406629  0.62009811713557306
  0.63111219353857306  0.64213307916298645  0.65285417655166000  0.66360027917792874
  0.67432960840408285  0.68509997800240630  0.69567783789488336  0.70611376647201829
  0.71653065802369031  0.72706158935566290  0.73766016220237507  0.74819004953497836
  0.75884642849919715  0.76937608010406688  0.78001467344400666  0.79032801728739843
  0.80109488999984990  0.81151758523382755  0.82200603989111987  0.83242689886193721
  0.84319700156902022  0.85383427346184426  0.86443230765438284  0.87507688462859368
  0.88572529187034721  0.89636407187939304  0.90687363452376790  0.91723905910568548
  0.92762595179699037  0.93775731601954748  0.94826856450846941  0.95853927445029796
  0.96899654512450806  0.97937653073130782  0.98973421154441732  1.00000000000000000
 -0.00464956749543860  0.02494705240377899  0.04581390328007364  0.06320388832314004
  0.07888745642877323  0.09346827807974617  0.10724330506716206  0.12037913843770130
  0.13291919857038678  0.14495124850945637  0.15660546103540521  0.16799236087772434
  0.17913695214071063  0.19005585554944693  0.20079999878519644  0.21131444291285209
  0.22165974144228279  0.23187293284067689  0.24201371059642590  0.25202670591235327
  0.26179073305087908  0.27140185054299704  0.28089754713493742  0.29029350963952416
  0.29958904781934376  0.30879173648135516  0.31788994061907822  0.32691571465203489
  0.33588698502039382  0.34480421151776669  0.35363988090242854  0.36238410387054837
  0.37105461254448407  0.37972620091215270  0.38838800934439593  0.39700017038005081
  0.40554867204584810  0.41404206319306353  0.42243679939476925  0.43069873789449542
  0.43892463451282321  0.44718386515923131  0.45542366891161218  0.46367587909732838
  0.47190721093459309  0.48014346331697316  0.48842495069770192  0.49659327484498439
  0.50471267735220704  0.51287413050165898  0.52090835371172195  0.52912091608874645
  0.53739423944325571  0.54591500758280842  0.55452126131529123  0.56289624219998291
  0.57101201475696028  0.57912170775971095  0.58727321984364012  0.59551715714283959
  0.60380606664714231  0.61203172299979536  0.62018225558060491  0.62843788055764715
  0.63679196443148334  0.64517554059523807  0.65366689519966148  0.66225089701317508
  0.67085802582992804  0.67945905086437841  0.68812033339657275  0.69693745088381520
  0.70587746537900387  0.71482683206391340  0.72373079971137322  0.73262851872657164
  0.74161921430363298  0.75078555573609140  0.76006913543866261  0.76945383501035680
  0.77902492384361099  0.78872295936573034  0.79854496941308994  0.80845452184939814
  0.81853220513549252  0.82895077275125462  0.83985626030606819  0.85114096356110647
  0.86280685012271330  0.87503500078679042  0.88813977652142506  0.90245374301636716
  0.91818833402948152  0.93616843073485767  0.96096001970851663  1.00000000000000000
 -0.02819424526585431  0.13749924849138950  0.17671273432014570  0.19936253740845583
  0.21669930608419291  0.23116847750185127  0.24384182028858647  0.25509621861159792
  0.26541071700507535  0.27502638975481991  0.28393978915083101  0.29258878957143486
  0.30082925799279020  0.30868239675493497  0.31613146519625551  0.32324311776901798
  0.33019473048242964  0.33686842488280161  0.34337838615556565  0.34981602402364642
  0.35614439912576640  0.36224251597560003  0.36825392809412921  0.37417906423591002
  0.37998651949510465  0.38569698814881476  0.39129823174499001  0.39681932638103307
  0.40228379459131869  0.40769495026754649  0.41305559279630222  0.41836166209452841
  0.42364822799601626  0.42890207395129770  0.43406647646528684  0.43915727471989818
  0.44419344953090073  0.44917052078165931  0.45412270816313133  0.45907326382788083
  0.46402254508115598  0.46900343661312321  0.47400589860836867  0.47897131227429396
  0.48387417868466082  0.48872028647133614  0.49361286643623592  0.49852380136775803
  0.50335605239171521  0.50817090640643325  0.51297273412961097  0.51779604101771159
  0.52264804144689614  0.52753771250717729  0.53242509628190426  0.53732136579098078
  0.54222875814023797  0.54718462995313810  0.55218682996767521  0.55719075560116871
  0.56218759833420640  0.56719859544916129  0.57224707052571300  0.57733167031359367
  0.58249244551587842  0.58778156846756047  0.59312045369811195  0.59848170712109605
  0.60392109414582140  0.60950115835760477  0.61517322927182494  0.62091869192231286
  0.62669936109965585  0.63259202156173266  0.63858753663296930  0.64469560632557266
  0.65096776929031097  0.65730968897887154  0.66375660375604528  0.67040546709567650
  0.67733929760072553  0.68447067881589119  0.69197733766831060  0.69978577300236311
  0.70788548375523963  0.71654410245575118  0.72549771857795919  0.73518725900504578
  0.74528111454102020  0.75641576690285905  0.76865885708216886  0.78301743553393077
  0.80037337940662168  0.82311472897162086  0.86168539170743563  1.00000000000000000
   1.2619094484466107E-002  -1.0000000000000000     
 T T T T T T T T T T T T T T T T F F F F F F F F F F F F F F F F
  <DiscreteSampler_grid>
  grouped_processes
  1 # 1 for a reference and 2 for a running grid.
  10 # Attribute 'min_bin_probing_points' of the grid.
  1 # Attribute 'grid_mode' of the grid. 1=='default',2=='initialization'
  0.0000000000000000 # Attribute 'small_contrib_threshold' of the grid.
  0.5000000000000000 # Attribute 'damping_power' of the grid.
 # binID   n_entries weight   weight_sqr   abs_weight
    10   10   5.553704353287371E+009   6.601713315608538E+019   5.553704353287371E+009
    16   10   5.553704353287371E+009   6.601713315608538E+019   5.553704353287371E+009
  </DiscreteSampler_grid>
