  0.00000126282927076  0.00001439929572494  0.00002669395381919  0.00003970645965829
  0.00005241248534038  0.00006498107707018  0.00007800325587292  0.00009144958272025
  0.00010549268848141  0.00012009351174987  0.00013499045262161  0.00015011284954020
  0.00016564396799175  0.00018206832702545  0.00019944425366314  0.00021762557197199
  0.00023669069713137  0.00025682010861238  0.00027771671461856  0.00029956542774549
  0.00032255693773371  0.00034665757246088  0.00037185997230216  0.00039819713655413
  0.00042562255215338  0.00045394066613119  0.00048319729464170  0.00051377627047442
  0.00054498207175199  0.00057736468653890  0.00061210117102489  0.00064825201213511
  0.00068682883567204  0.00072662137080613  0.00076940303258411  0.00081352311939856
  0.00085974804677472  0.00090851595295332  0.00095986422228328  0.00101429417537898
  0.00106919789884925  0.00112385690438992  0.00118012029446386  0.00124090187069134
  0.00130614340440057  0.00137638879053494  0.00144925054773075  0.00152835705638160
  0.00160975842979459  0.00169146141968613  0.00177669565638679  0.00186669128234936
  0.00195844501809834  0.00205320921338702  0.00214771666915239  0.00224970691824136
  0.00235909360772705  0.00247385335176086  0.00259327071200632  0.00271912183121284
  0.00285288862112614  0.00299175818122616  0.00312820379416864  0.00326654865506103
  0.00340860033296010  0.00355266297369546  0.00371484132222494  0.00389359267537732
  0.00409183847645186  0.00431216982038051  0.00454735000829978  0.00478118699116200
  0.00499888990644754  0.00522285287369105  0.00546216937644701  0.00572374395542277
  0.00601600836687594  0.00631395201831843  0.00660039731396764  0.00688350562931705
  0.00720352596221450  0.00761344694442221  0.00808178421255369  0.00852436442399870
  0.00894415253979887  0.00945150610577037  0.01023029922404552  0.01146799645472190
  0.01278719849882172  0.01424499359974339  0.01602336486387525  0.01828794000848791
  0.02114794399163455  0.02482591336429017  0.06998788002029904  1.00000000000000000
 -0.00241942719440315  0.00920737417120272  0.01906492978520060  0.02935012155589208
  0.03969151210865502  0.05028615875833787  0.06065804421880912  0.07118771036108384
  0.08170999999150230  0.09246140103831899  0.10321411276249441  0.11400856541376621
  0.12482612984634810  0.13560959263245886  0.14626717048934476  0.15692573702277793
  0.16759213497197015  0.17838561340382719  0.18891953804549599  0.19932325625013853
  0.20964755423727299  0.22003456762270704  0.23038032142731266  0.24072310205964781
  0.25109385646680010  0.26160095944827089  0.27213086713729534  0.28280311042255130
  0.29342138869377499  0.30411670180219691  0.31443190498112694  0.32465303575471999
  0.33488893876497500  0.34561773611996843  0.35655832684236421  0.36724349192198735
  0.37776505516217646  0.38827919166223068  0.39896026269704699  0.40947977054614171
  0.41986637358423295  0.43035296975653153  0.44088523848768219  0.45161968090055749
  0.46229941563888027  0.47277226354694230  0.48324678205539651  0.49372469341934594
  0.50443708559889788  0.51511331493010060  0.52588840637735845  0.53671212598141960
  0.54756120815946663  0.55827763065878433  0.56892201257249431  0.57940997024903274
  0.58988373625606660  0.60037605808009353  0.61096371817080264  0.62167124552277897
  0.63254597047120309  0.64352148432192724  0.65443429550744070  0.66509464827410281
  0.67553563746102230  0.68588257590445290  0.69645315335501901  0.70715596314793072
  0.71808695603647743  0.72896733524602730  0.73974430659806101  0.75044357031242470
  0.76112400315409456  0.77172273599511088  0.78208805971692197  0.79226071218807792
  0.80235918941120066  0.81258062239438589  0.82285707439697175  0.83312412305366113
  0.84341803365330059  0.85374726118792499  0.86431562017661967  0.87488801324797660
  0.88524100707723041  0.89532226528379077  0.90520541984464975  0.91536552705457497
  0.92583400007471806  0.93643057261000773  0.94690395653646342  0.95744167489471632
  0.96800948899144468  0.97871686692113968  0.98933063798737086  1.00000000000000000
 -0.00397746369041520  0.02328021888748192  0.04265688304967808  0.05907506160853540
  0.07408910149671630  0.08816589000972082  0.10161411564045544  0.11444735018683680
  0.12683589126784231  0.13872610050375975  0.15027689814528192  0.16152931117864452
  0.17262547463468278  0.18355521338751368  0.19421611428260080  0.20473783095626938
  0.21512607664004516  0.22532538724166865  0.23536778231763264  0.24539606804152059
  0.25546994957601937  0.26534148478774350  0.27503777331983126  0.28459014498049251
  0.29410522816315732  0.30347746600561593  0.31284729043336035  0.32222499409936350
  0.33156904763293688  0.34072759502563671  0.34971402118549072  0.35852461121938384
  0.36719869912989400  0.37573442040699889  0.38412252215615317  0.39247302869137557
  0.40081359116610127  0.40914081037423533  0.41747123584958834  0.42577483088288781
  0.43405440630173453  0.44234049938092512  0.45073995016898660  0.45913706761760648
  0.46757492120565303  0.47596859852396578  0.48439140904665345  0.49276603964117804
  0.50109898489286875  0.50942001225967137  0.51777308823800650  0.52613418499883757
  0.53442144313334639  0.54270895774405892  0.55110680090021824  0.55951784183495301
  0.56806061217709458  0.57662291786817843  0.58540453454355956  0.59445442808525184
  0.60343067771114067  0.61219037684990263  0.62098949144097604  0.62981353457097800
  0.63857267030464127  0.64724140062361457  0.65597206025564891  0.66487716222310556
  0.67389760785812280  0.68288958065342686  0.69180821643885371  0.70074119291120984
  0.70972366643771179  0.71881845135335798  0.72806317313183255  0.73763693934056718
  0.74744190241687647  0.75715416331793350  0.76678979380438406  0.77648408782557754
  0.78649543708341885  0.79664717882985225  0.80684717499504854  0.81716279024650607
  0.82767286272837726  0.83819203075166882  0.84881449980906087  0.85998777884874689
  0.87195872021579213  0.88414974432820881  0.89672264324962458  0.91018109650072454
  0.92483124527173910  0.94143088527076590  0.96392643765895292  1.00000000000000000
 -0.02010873401313779  0.12132051733712176  0.16000823895031996  0.18321135496246807
  0.20143638317942794  0.21663532692379447  0.22993397863685991  0.24167686900134244
  0.25270490283435720  0.26274087122686851  0.27238898212067852  0.28136425364304296
  0.29009842122519813  0.29826551650802469  0.30607217133497494  0.31357683419063015
  0.32075691764111164  0.32782203188180720  0.33472928719660044  0.34145208575243707
  0.34798566996654212  0.35442958166101035  0.36064908899679771  0.36686237479154266
  0.37301953392973342  0.37898005644085808  0.38487432951632566  0.39073864558602767
  0.39655873959846644  0.40231384601696168  0.40798168401000073  0.41358238757150673
  0.41913999363550336  0.42463182635227781  0.43009964093910213  0.43556783979125951
  0.44097824308494493  0.44633242909771298  0.45168546608622023  0.45699064185520716
  0.46224933556194042  0.46748611170574378  0.47270914100579531  0.47791845541154399
  0.48310668655517874  0.48828441876117562  0.49347667006474949  0.49862277872396477
  0.50374348830373739  0.50884909370690889  0.51399878847583469  0.51915049014030534
  0.52434344994582627  0.52953236340417131  0.53474539607195148  0.53998044599127837
  0.54521456244059952  0.55048796939166711  0.55578090760428034  0.56106778962225901
  0.56644015389098279  0.57177415412781207  0.57709606803939140  0.58243865803054018
  0.58784763489539404  0.59334783919352374  0.59889437396460021  0.60454457156935060
  0.61032580768146749  0.61622148564591639  0.62223872998540186  0.62834898691129382
  0.63455764185059349  0.64082264834756841  0.64712795094066622  0.65361290393070315
  0.66016579701135558  0.66674248140651626  0.67353300574814956  0.68043824873987768
  0.68759885097667151  0.69527553073771864  0.70303072069943418  0.71112873809259314
  0.71958543296056376  0.72830694590652323  0.73772627478260233  0.74735908468668444
  0.75815225833820654  0.76983388632471927  0.78325961080256545  0.79848857767100401
  0.81674798667637727  0.84033827952823581  0.87883126764047714  1.00000000000000000
   2.5243908968310396E-002  -1.0000000000000000     
 T T T T T T T T T T T T T T T T F F F F F F F F F F F F F F F F
  <DiscreteSampler_grid>
  grouped_processes
  1 # 1 for a reference and 2 for a running grid.
  10 # Attribute 'min_bin_probing_points' of the grid.
  1 # Attribute 'grid_mode' of the grid. 1=='default',2=='initialization'
  0.0000000000000000 # Attribute 'small_contrib_threshold' of the grid.
  0.5000000000000000 # Attribute 'damping_power' of the grid.
 # binID   n_entries weight   weight_sqr   abs_weight
    10   10   4.595143832567600E+009   8.394125414843684E+019   4.595143832567600E+009
    16   10   4.595143832567599E+009   8.394125414843675E+019   4.595143832567599E+009
  </DiscreteSampler_grid>
