  0.00000029360540340  0.00001062198312430  0.00002462126984252  0.00003766104370132
  0.00005055737330516  0.00006347009876128  0.00007650559646952  0.00008985260560914
  0.00010362803094120  0.00011781437548699  0.00013250700126516  0.00014757613262012
  0.00016302171217495  0.00017918237171025  0.00019605477547682  0.00021377606955982
  0.00023238055450039  0.00025168531576783  0.00027182375499563  0.00029279998462375
  0.00031460501551848  0.00033761730762438  0.00036171877721733  0.00038705206115349
  0.00041392686672839  0.00044181331226857  0.00047065120421025  0.00050120446791030
  0.00053301018789760  0.00056686265375703  0.00060236504770353  0.00063901557289291
  0.00067856871375902  0.00072012172058918  0.00076335197925371  0.00080793830721472
  0.00085355981537795  0.00090004433282620  0.00094762708340351  0.00099673011921091
  0.00104867557624447  0.00110306831944569  0.00115890790255444  0.00121700911588428
  0.00127804918990866  0.00134259939964772  0.00140862941343840  0.00147563866186042
  0.00154704629849904  0.00162310261922445  0.00170509512242324  0.00179443514844276
  0.00188941529320703  0.00198948537833218  0.00209546678814131  0.00220136738159594
  0.00230639991195738  0.00241154657878584  0.00253058118452965  0.00266178001797119
  0.00280001663873620  0.00293749592560004  0.00307033969625153  0.00320196049684533
  0.00334646985323505  0.00350276961756775  0.00366427302752165  0.00382368137790154
  0.00399201650599591  0.00418093664905319  0.00440268232439485  0.00464855325746097
  0.00492239223988768  0.00523360024500253  0.00557893127139244  0.00593253895912069
  0.00625870067290145  0.00659806684634467  0.00697289870284548  0.00745090138769118
  0.00793532727725043  0.00839186006877182  0.00883654334113911  0.00931028258220618
  0.00978662951042378  0.01030156011714226  0.01108810985020041  0.01197054538832249
  0.01313377412202788  0.01467603524346712  0.01612866367534863  0.01750297533199406
  0.01924392244605043  0.02242457999432995  0.08942985167709316  1.00000000000000000
 -0.00258670842938314  0.00968908966189848  0.02020454504316312  0.03058843214355166
  0.04091381575730928  0.05127876221217335  0.06159899503564314  0.07228127156285982
  0.08280912289101787  0.09364152084231434  0.10432980620303849  0.11502396202289489
  0.12578745049891196  0.13673321238087757  0.14745631837935796  0.15810376004203486
  0.16865485758390136  0.17931398174655994  0.18988705160687341  0.20032847478940449
  0.21066709359553504  0.22082000881128239  0.23085254656509779  0.24096351011568495
  0.25129474946992464  0.26171090952093889  0.27212917415958704  0.28257107730206121
  0.29330038556673760  0.30413016289556399  0.31471615735015485  0.32498744854193545
  0.33519266321985303  0.34547178615217772  0.35589676270474147  0.36637057672698026
  0.37690915939822189  0.38758071655073578  0.39826479655406755  0.40892297124659760
  0.41964380693316888  0.43040110969952172  0.44131068468150675  0.45201529099261228
  0.46286934862570839  0.47355770812792392  0.48434293030902448  0.49490983516730125
  0.50550350297369873  0.51616499192403242  0.52677483886577980  0.53742850883118465
  0.54794514425561547  0.55850913172394645  0.56881996099020127  0.57906092302406886
  0.58923579889523892  0.59957896137213307  0.60979472887870789  0.62014664450328838
  0.63061756382254375  0.64116616558749062  0.65157686681204452  0.66200322572898662
  0.67262178093509617  0.68325098998347222  0.69401685849690109  0.70468242062605291
  0.71550439223481099  0.72636590791432498  0.73719559964962644  0.74790552987860759
  0.75838451808803098  0.76895863272250298  0.77935467779788337  0.78973680141178559
  0.79994804677269149  0.81024937044810774  0.82077234019435630  0.83128407660488157
  0.84214291848706968  0.85313850805499880  0.86384262321535221  0.87443449287006314
  0.88463707787526469  0.89507547973452140  0.90537089018477546  0.91575177144937103
  0.92612929017121792  0.93665676753687532  0.94711288775936042  0.95748636754091887
  0.96800364637319325  0.97844612789052832  0.98916340894217891  1.00000000000000000
 -0.00367983535249276  0.02263200403612067  0.04182385178278111  0.05825439479681936
  0.07337658778596978  0.08737601182274354  0.10062686890058267  0.11331457363248996
  0.12558888495990467  0.13731803782536051  0.14892066948293761  0.16037751432270672
  0.17141747842382399  0.18206988482354167  0.19262650279888779  0.20311690899914966
  0.21342201196220684  0.22354030080901624  0.23349309939204518  0.24332587404379610
  0.25312504572676681  0.26288434420397283  0.27263263031028523  0.28218730160349392
  0.29154313250982739  0.30073833179927312  0.30999202732704606  0.31925312198863237
  0.32849531789496988  0.33760545519520219  0.34663104159472141  0.35571872007377486
  0.36481434837861720  0.37376771191878777  0.38250651867582186  0.39115145660732448
  0.39985900084151615  0.40860818256288606  0.41738267804844192  0.42609059307515307
  0.43472570501459606  0.44335029475476134  0.45190645557336917  0.46035957058809779
  0.46869815154880007  0.47700717769709045  0.48545576212199260  0.49405537451665332
  0.50267619028793875  0.51119889200852298  0.51974148437029166  0.52825591357839297
  0.53673250042392617  0.54515289947550172  0.55347143741357696  0.56176622715801949
  0.57004059279008901  0.57834653528455437  0.58672233830797282  0.59512254851482305
  0.60351108287711364  0.61199574568022441  0.62063312189248454  0.62935478151117252
  0.63803343244212918  0.64656430206613835  0.65499811532932783  0.66344381902534422
  0.67192420825313293  0.68043180271496573  0.68901496853905186  0.69785266169449445
  0.70688469476166138  0.71603439205398356  0.72510900008475410  0.73416929327953184
  0.74324569709988630  0.75251384361030227  0.76197400802186954  0.77147027342425256
  0.78110094617224846  0.79096219786374322  0.80112721579649937  0.81150282449497302
  0.82194624739123812  0.83261562740099393  0.84387315836238064  0.85525434163603498
  0.86698570857102797  0.87906199499759785  0.89215685620856944  0.90637172237563390
  0.92214758750689807  0.93979725884111320  0.96217060632379614  1.00000000000000000
 -0.02023447965091047  0.12050759373545930  0.15951940495041533  0.18332729014606913
  0.20172387116272433  0.21701501477161211  0.23036099772311902  0.24208554862535353
  0.25300187638230465  0.26304823486727374  0.27263268369691157  0.28134236775387095
  0.28976825287320673  0.29783438255453093  0.30569202766538167  0.31333243950505196
  0.32063533254757826  0.32774087573373506  0.33464178237679776  0.34131782161902152
  0.34790197658369604  0.35436167307100558  0.36058861196981212  0.36670642673876946
  0.37278901033105238  0.37866936624201941  0.38441940883137105  0.39011848054892911
  0.39576424235233654  0.40134128947331349  0.40683353279965517  0.41225661599938568
  0.41767542200023267  0.42309887090414539  0.42853716295965094  0.43395309913618546
  0.43932855672704973  0.44467457490543078  0.45000118103230141  0.45536533478310215
  0.46067526890302379  0.46590280123624406  0.47107411337027694  0.47618252801927269
  0.48123796623206461  0.48631449763495810  0.49142104049015500  0.49657166825688692
  0.50176497882179560  0.50696381138462232  0.51216729004768513  0.51735913238099307
  0.52252380970803158  0.52768504839416708  0.53282743912819663  0.53796038776161381
  0.54314631373402344  0.54833923300963816  0.55359657608471058  0.55890954719865249
  0.56428717823253616  0.56974593183949496  0.57519523764735769  0.58064046200224961
  0.58609812621752710  0.59160273415553100  0.59715184532406917  0.60276227994423037
  0.60849139974003974  0.61431532853747073  0.62015604155563675  0.62610886255557507
  0.63215481364340620  0.63836569791068842  0.64462631041111251  0.65115514174072930
  0.65783205544147882  0.66455274742270853  0.67144418207906331  0.67843924922598753
  0.68565409575969449  0.69334030660801060  0.70134083620740473  0.70951490467806422
  0.71818999294747177  0.72706496127911324  0.73682779094897988  0.74702665726744200
  0.75811650100057926  0.76995581366774135  0.78320006214084814  0.79812881240598277
  0.81605216652514612  0.83939294438836565  0.87823740058908684  1.00000000000000000
   2.5302698887266026E-002  -1.0000000000000000     
 T T T T T T T T T T T T T T T T F F F F F F F F F F F F F F F F
  <DiscreteSampler_grid>
  grouped_processes
  1 # 1 for a reference and 2 for a running grid.
  10 # Attribute 'min_bin_probing_points' of the grid.
  1 # Attribute 'grid_mode' of the grid. 1=='default',2=='initialization'
  0.0000000000000000 # Attribute 'small_contrib_threshold' of the grid.
  0.5000000000000000 # Attribute 'damping_power' of the grid.
 # binID   n_entries weight   weight_sqr   abs_weight
    10   10   2.531939322709013E+009   1.351407423880050E+019   2.531939322709013E+009
    16   10   2.531939322709013E+009   1.351407423880050E+019   2.531939322709013E+009
  </DiscreteSampler_grid>
