  0.00000139980886047  0.00001422781069200  0.00002575115805529  0.00003855127258714
  0.00005098851241057  0.00006353281502997  0.00007653287734313  0.00009001511633454
  0.00010396538283856  0.00011840297377410  0.00013305139956075  0.00014787512474272
  0.00016314822426222  0.00017934947662204  0.00019630594768210  0.00021393724934646
  0.00023249503966099  0.00025217649345146  0.00027282521071569  0.00029436332486980
  0.00031682192708269  0.00034023393404808  0.00036481212792794  0.00039041249889865
  0.00041712484131896  0.00044510895381300  0.00047440397725679  0.00050532919278513
  0.00053740362673867  0.00057023593125402  0.00060538325548171  0.00064228858196617
  0.00068168643074217  0.00072313338440494  0.00076457341460662  0.00080861344532150
  0.00085424575740408  0.00090208478554053  0.00095235989571919  0.00100562779200189
  0.00106047662905423  0.00111792226129539  0.00117650308962606  0.00123803962023864
  0.00130248867417296  0.00136834607620122  0.00143576582436981  0.00150663093657930
  0.00157987741664154  0.00165756092086724  0.00173982541017159  0.00182436227941512
  0.00191115216780734  0.00200206860644377  0.00210001898342480  0.00220173246871305
  0.00230645514511682  0.00241029339219951  0.00252389657571077  0.00264428505263324
  0.00277489961057492  0.00291559828650228  0.00306667996724994  0.00322117530722387
  0.00338309443965658  0.00354704717950379  0.00370797289059800  0.00387316752294060
  0.00405513701922265  0.00426838032064139  0.00448013510257657  0.00470063465405597
  0.00491528472277680  0.00513463722510661  0.00536878732653184  0.00559659897461459
  0.00582804981044884  0.00607574368637183  0.00636383154652196  0.00670320683546678
  0.00708244861693872  0.00753320173092713  0.00801313654938074  0.00848389589011591
  0.00893480244275304  0.00936735662509141  0.00987289767753733  0.01053827936151326
  0.01147758216284554  0.01278626923797097  0.01428815896703580  0.01624107651474998
  0.01838468978531843  0.02103082393986151  0.12446634678091810  1.00000000000000000
 -0.00266677008386393  0.00977672941725356  0.02011999181426973  0.03042806205540169
  0.04068873138773606  0.05098017301993381  0.06121613058454475  0.07152980274654480
  0.08170277680319227  0.09230871808081315  0.10306415507129120  0.11363980940162538
  0.12422717911697953  0.13472287943302436  0.14512346356480421  0.15540683240536599
  0.16573232638261629  0.17634995605888221  0.18714644736365676  0.19783523199939668
  0.20848002687500988  0.21881234331908944  0.22904928423345183  0.23926619741621208
  0.24949881322965606  0.25993418198818752  0.27017569709116496  0.28078506959010463
  0.29121656515074745  0.30184960557873575  0.31230493027966916  0.32269918474790493
  0.33304680395133784  0.34348024775552194  0.35399857929353118  0.36485356476706937
  0.37597198246699204  0.38720118634795303  0.39818232847989948  0.40878356827563656
  0.41923390977236868  0.42974971952146590  0.44028393274574090  0.45070636437851064
  0.46086821844010634  0.47090651761763735  0.48111063039850338  0.49156511497007294
  0.50229821813954423  0.51333521995881748  0.52426537053867917  0.53510423873382040
  0.54575467723324733  0.55604052858808395  0.56629733260903437  0.57644739459157501
  0.58672288513704440  0.59689059897242702  0.60718904046256339  0.61789998775491406
  0.62863719694175368  0.63927834986829724  0.65008765000396107  0.66130230734977880
  0.67234471470938650  0.68312217838459832  0.69381402551110705  0.70459175305928257
  0.71536009290097302  0.72614250069375008  0.73672190503477208  0.74733453284017015
  0.75798965701301180  0.76870147602061178  0.77922588413625360  0.78962656681628540
  0.80005651540266243  0.81056277551434119  0.82111327490488029  0.83186840504951765
  0.84258288369986101  0.85323485375557750  0.86357450407093683  0.87393199709739700
  0.88438208405310692  0.89492389483732815  0.90543940178793181  0.91560779630518618
  0.92581470740738736  0.93599921141342790  0.94652327374920853  0.95703525268141332
  0.96755892661681286  0.97821629687804756  0.98905481981563137  1.00000000000000000
 -0.00360130646196177  0.02267690876226440  0.04215741411949452  0.05879448238533191
  0.07361828397249710  0.08743129276681191  0.10080355137798812  0.11350016039892165
  0.12574184064264007  0.13754542561635794  0.14912036087568747  0.16049362255323879
  0.17164972027372954  0.18252969935083738  0.19323934952134583  0.20381400449483655
  0.21423354130279912  0.22444352066291148  0.23447406537208357  0.24437373486528566
  0.25421433529431620  0.26396093298049300  0.27355249970709578  0.28289201559843330
  0.29217544581016108  0.30135030397463852  0.31053300635443815  0.31979377590721897
  0.32899777855513751  0.33805360598239892  0.34698668900014196  0.35596445562147566
  0.36500084939067001  0.37393254491707340  0.38264374188656486  0.39118006879207201
  0.39968289044921085  0.40827144410698246  0.41689010415981886  0.42548699973541548
  0.43406264329979283  0.44264456377884220  0.45125780841112773  0.45984452427718747
  0.46837553175755964  0.47677967042565467  0.48521220078624722  0.49367734383035450
  0.50218523763690548  0.51077967363445032  0.51926926428891285  0.52780409351048718
  0.53637704779429141  0.54482539068857561  0.55321519784464557  0.56161732970412748
  0.57006403723766574  0.57862938536236197  0.58721521705211588  0.59574946855622279
  0.60425509455202475  0.61261745691844405  0.62099488520823332  0.62948396932936979
  0.63814307033347240  0.64689693057938746  0.65567922155691072  0.66432495159295457
  0.67303854402142971  0.68191808922227193  0.69084981289557779  0.69987769536062927
  0.70897444817466737  0.71800951423832271  0.72702711461344904  0.73609161671447465
  0.74541580521651274  0.75500122621412347  0.76485367081042288  0.77481676487559059
  0.78477241887636762  0.79453217171510759  0.80439879222571775  0.81460933910073530
  0.82530282270160604  0.83605772832406711  0.84683262679975557  0.85774409709255539
  0.86922167856710086  0.88141244129420837  0.89448167844265170  0.90842521083773597
  0.92335067186441100  0.94017257113606978  0.96269591552587264  1.00000000000000000
 -0.02000217589919509  0.12051210003812157  0.15967737937562515  0.18323936548164077
  0.20139399718515533  0.21650247704941605  0.22972268494113871  0.24133301945634311
  0.25213399634484596  0.26184823364622634  0.27133374252131875  0.28015539736648637
  0.28879881129171664  0.29701546045883082  0.30494553341979219  0.31269566520359926
  0.32015577903587167  0.32748757714042331  0.33449254896809433  0.34119472341054646
  0.34766037266524735  0.35408652602670049  0.36028464626933021  0.36650732667089569
  0.37268779912979150  0.37870703685789403  0.38460654676738226  0.39045275324997242
  0.39623055995369227  0.40193115118753375  0.40756597995119220  0.41314403889381091
  0.41869809160409976  0.42412589829819125  0.42959588609046084  0.43506706844048393
  0.44046225440583991  0.44576859411918068  0.45099236453790359  0.45621325998405576
  0.46144473097717231  0.46666726376039169  0.47187260928307978  0.47705714074645938
  0.48222579646363573  0.48741110513862712  0.49263069370788576  0.49784864793956701
  0.50309047602263435  0.50835447428502123  0.51361259114343127  0.51888568294432380
  0.52413339328923736  0.52929138753865446  0.53441229254998879  0.53954166058130526
  0.54469030475860158  0.54992594531801764  0.55521382242237460  0.56051372375725816
  0.56588504244899374  0.57130993853690459  0.57678745291424038  0.58232152686228500
  0.58789722248280873  0.59349364425609352  0.59909112273326914  0.60470149869205758
  0.61039091683653945  0.61617994194024295  0.62200611299421504  0.62790893978006868
  0.63378908304926573  0.63978982816331342  0.64594930964379216  0.65233745373809382
  0.65893274157893256  0.66559623622215058  0.67244946333274669  0.67946713496143840
  0.68657628031277773  0.69399761386171077  0.70158725567036495  0.70939115184105039
  0.71792647518453434  0.72662415720090567  0.73636919719288507  0.74661428044105915
  0.75776013506926365  0.76974653380636304  0.78311911466283335  0.79835615477083366
  0.81668822243462569  0.84037330475053151  0.87877917958504770  1.00000000000000000
   2.5270212952919653E-002  -1.0000000000000000     
 T T T T T T T T T T T T T T T T F F F F F F F F F F F F F F F F
  <DiscreteSampler_grid>
  grouped_processes
  1 # 1 for a reference and 2 for a running grid.
  10 # Attribute 'min_bin_probing_points' of the grid.
  1 # Attribute 'grid_mode' of the grid. 1=='default',2=='initialization'
  0.0000000000000000 # Attribute 'small_contrib_threshold' of the grid.
  0.5000000000000000 # Attribute 'damping_power' of the grid.
 # binID   n_entries weight   weight_sqr   abs_weight
    10   10   1.055936858244895E+009   1.273147749549655E+018   1.055936858244895E+009
    16   10   1.055936858244895E+009   1.273147749549655E+018   1.055936858244895E+009
  </DiscreteSampler_grid>
