 -0.00000053941209952  0.00001586935597043  0.00002801803094841  0.00004161721415148
  0.00005460197676105  0.00006742363684407  0.00008055458598660  0.00009406643997209
  0.00010798365569007  0.00012233551066569  0.00013705884472507  0.00015215401118171
  0.00016780322624220  0.00018423331863721  0.00020154722845182  0.00021966163743523
  0.00023861520378688  0.00025842325137490  0.00027906127285620  0.00030059778546529
  0.00032333286183706  0.00034677999343979  0.00037173900210126  0.00039772890386562
  0.00042528505804147  0.00045423942930871  0.00048371862016359  0.00051394330816733
  0.00054519929895742  0.00057821306736994  0.00061267632188949  0.00064898634370012
  0.00068688007205239  0.00072678821868358  0.00076852105214344  0.00081220035644871
  0.00085807871014615  0.00090549296672695  0.00095468796635639  0.00100653318393225
  0.00105966823474654  0.00111468124686685  0.00116984060386377  0.00122971028200797
  0.00129019077494847  0.00135319890724040  0.00141931125974960  0.00148856190875897
  0.00155994803235417  0.00163257343609612  0.00170845628658531  0.00179256634219266
  0.00188110776022772  0.00197073464122687  0.00206106756981740  0.00215369942556758
  0.00224963820415346  0.00234887337195094  0.00245176556623261  0.00255879038555958
  0.00267119560735849  0.00279444532769601  0.00291473763413065  0.00306299276193378
  0.00321129284429895  0.00338105654580023  0.00355780221622018  0.00372885669478719
  0.00390952227019016  0.00409637630039391  0.00427407355460679  0.00445307982431616
  0.00466580971756760  0.00490499662029006  0.00516689055442448  0.00545267228392404
  0.00574112312345985  0.00602640764007667  0.00631087913087714  0.00662017415874068
  0.00696138485049675  0.00734094898652549  0.00774551526347342  0.00815106018478739
  0.00860804480999305  0.00913229458468704  0.00960215684474808  0.01005806744174967
  0.01054760305850534  0.01110489997924863  0.01183325204217580  0.01293501995202990
  0.01518867212747318  0.01690161757222774  0.11826298685462563  1.00000000000000000
 -0.00242556026671524  0.00970952666348038  0.02002804130861760  0.03081240972144693
  0.04156174841962808  0.05257636354842714  0.06361431159456984  0.07432773716354624
  0.08505916023575873  0.09543853927673282  0.10615380129346978  0.11696490394574759
  0.12773205919771055  0.13798290600004498  0.14810602474347784  0.15861144082872072
  0.16906042574674573  0.17938501081402508  0.18970717903069140  0.20030032404894479
  0.21085875052200387  0.22130923391999271  0.23175470544424520  0.24242893286803133
  0.25332711353325904  0.26418549990111706  0.27511379705882844  0.28577884963108879
  0.29641649750988924  0.30677100566718202  0.31709846145606224  0.32748946098965920
  0.33789765951876816  0.34845647446017858  0.35890964737450753  0.36942355032851881
  0.37988823185219178  0.39064426807606856  0.40125885517303206  0.41202678342417126
  0.42267381355817357  0.43333915621321806  0.44370544113525795  0.45423222361187077
  0.46468447300162119  0.47525461935037655  0.48575597115614860  0.49648198847265085
  0.50711393334002031  0.51773142405013739  0.52845967432837448  0.53913123740729796
  0.54961083599467464  0.56004032561295281  0.57052869998009803  0.58099516149964447
  0.59139798428157475  0.60174135443846433  0.61214530561273739  0.62278659605600983
  0.63355310108364049  0.64435910204367075  0.65493868939311206  0.66547822378843602
  0.67603573749275692  0.68669461597499215  0.69741531234647514  0.70816856078483204
  0.71871810716809792  0.72922973968927562  0.73944749068306037  0.74992298258196510
  0.76050479672672089  0.77089083478241638  0.78119345737845880  0.79146362862361919
  0.80233486033450052  0.81321694398773881  0.82393186076864644  0.83457072505005769
  0.84537753615704714  0.85620730772183962  0.86675330189467081  0.87737602554319449
  0.88794364747666266  0.89849715724886259  0.90908216869303493  0.91957902691798943
  0.92973379313257842  0.93972448247789109  0.94947641038389630  0.95950541663370481
  0.96954628539630239  0.97948415790369048  0.98976464499240913  1.00000000000000000
 -0.00398542716949347  0.02348378694312485  0.04307044069599438  0.05971222656836837
  0.07490442281557842  0.08936058194731304  0.10315150624306170  0.11618655623655018
  0.12857168988623444  0.14063962984643999  0.15219762225253256  0.16355344676948108
  0.17459965416366002  0.18546512138556548  0.19630942026621720  0.20703848955986642
  0.21736832451796026  0.22755547661773509  0.23759947564703615  0.24764034729286372
  0.25724678788495148  0.26678570222705617  0.27631915287423015  0.28581164751541827
  0.29516034121782730  0.30439855823172562  0.31355393728657949  0.32275595469805152
  0.33192471629938708  0.34105996297021030  0.35012487881636017  0.35912490341205622
  0.36807879721089304  0.37695572869125515  0.38573967140840909  0.39447164006717406
  0.40311597497239754  0.41170452301349458  0.42023708231841955  0.42863535160168093
  0.43697585642405817  0.44527741163797202  0.45362785648505483  0.46199735644324258
  0.47037659031762225  0.47869252077917623  0.48708891668680693  0.49541306335842222
  0.50368983572502857  0.51200253199691614  0.52039364577446001  0.52869923708739375
  0.53694027933471689  0.54519498548459089  0.55352773906299413  0.56176047471184831
  0.57005538346960993  0.57832934081032872  0.58681926389163830  0.59527812889754306
  0.60369420480090075  0.61205788220376645  0.62058086098257648  0.62920602557628424
  0.63773030959794075  0.64620521024717692  0.65468410918700271  0.66322452323189540
  0.67186550842628256  0.68056458303517575  0.68930908263270152  0.69811789520565926
  0.70707229579648734  0.71627712529584098  0.72569478493301942  0.73495185522478124
  0.74410794386779855  0.75345322385605440  0.76306094169582495  0.77275467883121518
  0.78223050589848930  0.79180514684846437  0.80164233848550903  0.81156802796376093
  0.82183393148182926  0.83236131794141333  0.84365647578676861  0.85530798706771183
  0.86716515375406122  0.87987132930228862  0.89366807167047657  0.90812264347226734
  0.92354519488427778  0.94124471496994544  0.96410477634816694  1.00000000000000000
 -0.02020028747327824  0.12193742936643211  0.16088614094816825  0.18385418335033576
  0.20186703252482127  0.21709430948691663  0.23053565674457904  0.24262687727727320
  0.25352489497116504  0.26355458713981816  0.27323839056433624  0.28226936018781762
  0.29109052389691153  0.29920026001607924  0.30708418519347708  0.31455853805847833
  0.32164475821039107  0.32862506537859848  0.33537194375731805  0.34195975837192744
  0.34845031271155558  0.35487165156560191  0.36108303175971196  0.36719109835043384
  0.37324702122855141  0.37924158596283497  0.38520957945144957  0.39111513307805124
  0.39692907490471691  0.40267040105030488  0.40839413835592703  0.41412922640138566
  0.41978117626203271  0.42520638505018360  0.43060853808393951  0.43598372641947247
  0.44132375384231576  0.44666222758664470  0.45199612789300914  0.45729739968596211
  0.46251029730348847  0.46765173160304718  0.47275470877437942  0.47785452798694344
  0.48299467837420984  0.48814763437173525  0.49327931176403167  0.49843739655681485
  0.50344997259014701  0.50847679122896461  0.51353117802341597  0.51862120384578025
  0.52374721723972717  0.52888573511597836  0.53404492346975496  0.53923782818892196
  0.54446126099153425  0.54971982667799102  0.55498104538138426  0.56024483170855710
  0.56558323720076920  0.57101380671988233  0.57643942991607788  0.58188505945102809
  0.58739557134380294  0.59296184888897874  0.59855468014707180  0.60422475001032938
  0.60998399565222727  0.61581538893621690  0.62171142090389042  0.62764162619354835
  0.63362216915769543  0.63972844792649142  0.64593979003638557  0.65228656014319719
  0.65872352144345059  0.66527644978636258  0.67209873611705562  0.67911865382065106
  0.68617051527921780  0.69359843643084984  0.70127351279303307  0.70929106459100533
  0.71775575191520202  0.72656400274036770  0.73619359757469671  0.74638243442554497
  0.75720747573171654  0.76903335824715469  0.78233702360749813  0.79764324785945728
  0.81590395075186795  0.83953773727974579  0.87869583068773582  1.00000000000000000
   2.5296954048123751E-002  -1.0000000000000000     
 T T T T T T T T T T T T T T T T F F F F F F F F F F F F F F F F
  <DiscreteSampler_grid>
  grouped_processes
  1 # 1 for a reference and 2 for a running grid.
  10 # Attribute 'min_bin_probing_points' of the grid.
  1 # Attribute 'grid_mode' of the grid. 1=='default',2=='initialization'
  0.0000000000000000 # Attribute 'small_contrib_threshold' of the grid.
  0.5000000000000000 # Attribute 'damping_power' of the grid.
 # binID   n_entries weight   weight_sqr   abs_weight
    10   10   3.120241624662850E+009   1.427413369898158E+019   3.120241624662850E+009
    16   10   3.120241624662850E+009   1.427413369898158E+019   3.120241624662850E+009
  </DiscreteSampler_grid>
