 -0.00000120826816422  0.00001102787716634  0.00002595709976181  0.00003880449450721
  0.00005183669122027  0.00006503738133751  0.00007878318920951  0.00009331446425288
  0.00010852889883884  0.00012445643772436  0.00014105276643462  0.00015822455966588
  0.00017629597872047  0.00019528359876377  0.00021507538069494  0.00023577078065870
  0.00025751008147203  0.00028065230880831  0.00030474852400374  0.00033013213760893
  0.00035652545543103  0.00038429267284327  0.00041322197214409  0.00044385998630813
  0.00047536639965635  0.00050830970751204  0.00054230479388549  0.00057728754986016
  0.00061456388893997  0.00065372416213677  0.00069486595509280  0.00073772232680580
  0.00078220800453664  0.00082754723624010  0.00087405307807069  0.00092383190450317
  0.00097528951011827  0.00102894477704297  0.00108400166959505  0.00114069062665252
  0.00119968814307770  0.00126132003130594  0.00132632809687624  0.00139505164676445
  0.00146645695416437  0.00154060067830076  0.00161599084993339  0.00169237034930229
  0.00177053910060843  0.00185078712371979  0.00193337014157262  0.00202171601196873
  0.00211413890487933  0.00221116303757827  0.00231570283331148  0.00242798553862546
  0.00254804724269586  0.00266650928613021  0.00278258417096232  0.00290053020537691
  0.00303223276061449  0.00318272212311187  0.00333951346728968  0.00349527647180660
  0.00364751221736402  0.00380880105478392  0.00397590091990012  0.00414924569264737
  0.00432720798137994  0.00451021215094467  0.00470654927123496  0.00491686345746129
  0.00513321611834297  0.00537105710097919  0.00565370867968057  0.00598018363811856
  0.00628260628311527  0.00655609154946412  0.00683783171621907  0.00712073601801522
  0.00742915738376618  0.00782746475232291  0.00838198636756246  0.00909380452993658
  0.00985398328004064  0.01068035303742242  0.01155620379523992  0.01250282936850648
  0.01358232383455956  0.01483966094152874  0.01622540128362925  0.01774892826709582
  0.01938181912412803  0.05667693118395176  0.31464086355581605  1.00000000000000000
 -0.00230062843616464  0.00919726209768022  0.01892361990412366  0.02935810971617683
  0.03947158814935557  0.04993810436327331  0.06041710995592316  0.07092079696923849
  0.08162250781696175  0.09216546642900178  0.10267919794802680  0.11302770005357185
  0.12358608881276133  0.13417040982721670  0.14462230764936923  0.15497275606648719
  0.16566294145788024  0.17659281043396235  0.18756933838451498  0.19846779249746238
  0.20937911547255980  0.22028494360471346  0.23107186152667750  0.24163157590008016
  0.25213286429973497  0.26263574590629973  0.27309836103108420  0.28339624102853833
  0.29371341167656068  0.30415666569451061  0.31473858941032778  0.32532819705982591
  0.33592349730897680  0.34642677225959939  0.35692769776576783  0.36732424737114788
  0.37782416832876548  0.38841705728978432  0.39915594042469904  0.40977382928639527
  0.42043604908696303  0.43101396097936023  0.44148566623531271  0.45187749644405228
  0.46255840293730827  0.47345071796901356  0.48435983828036216  0.49505377649969778
  0.50578067364371060  0.51642292086675934  0.52694063785416467  0.53741832110163479
  0.54761247528557377  0.55780248980489910  0.56808801377136020  0.57856141963196650
  0.58916477650159382  0.59974628730932733  0.61028426039272943  0.62068898338851841
  0.63108806008777807  0.64189934980448460  0.65272640241737223  0.66372875695565947
  0.67445296083317219  0.68511342097497396  0.69548339574539297  0.70580077241907635
  0.71614178133740469  0.72649146803295950  0.73683261720289983  0.74720371461228929
  0.75762136989459750  0.76806931564153724  0.77851786779194188  0.78880182482282069
  0.79931843631087540  0.80974329737743034  0.82057055902834874  0.83137747518992133
  0.84239452220002720  0.85319255573161035  0.86378427666716240  0.87412484227625686
  0.88474162721472316  0.89546917684778204  0.90659217231667133  0.91728026854887423
  0.92771475511025669  0.93808872724239378  0.94859049379122151  0.95920281014542319
  0.96939310605446782  0.97956982407071169  0.98974242739382534  1.00000000000000000
 -0.00459040373710892  0.02549662916143941  0.04632837244527383  0.06363875947748801
  0.07913931026193884  0.09348268878292777  0.10701167878548609  0.11988229822440204
  0.13228967551141285  0.14429764683244814  0.15598873676338904  0.16740346125041153
  0.17849702846506463  0.18932271301706016  0.19990556449268501  0.21034511392690572
  0.22065657289704171  0.23082772704207458  0.24083196483806860  0.25065312582449872
  0.26031102617038698  0.26986144149441171  0.27925889533684584  0.28854123667707088
  0.29773372128357878  0.30682500953344549  0.31578646057225412  0.32461708578521731
  0.33340531862062167  0.34211453572576134  0.35078201113919993  0.35944574990702266
  0.36807837331603283  0.37666868356926986  0.38518228899218387  0.39366567855488083
  0.40217841596027709  0.41070282917205342  0.41922436050814488  0.42773954377712331
  0.43622809880742425  0.44467874484160774  0.45305053763892172  0.46132335879650743
  0.46951370686781768  0.47766280743722028  0.48583557058494814  0.49399819003189360
  0.50217727179798133  0.51036592368154643  0.51859151779049772  0.52689218916826308
  0.53524285038445829  0.54363205844166163  0.55203590588233509  0.56043135264393296
  0.56873330895977336  0.57695608142026134  0.58511589491119398  0.59319386426390341
  0.60128490815629820  0.60940011141155492  0.61747909353618446  0.62554226021609471
  0.63373208179269924  0.64203553243180889  0.65055086136079088  0.65916431217382865
  0.66777719309553218  0.67642054010354635  0.68514312922679321  0.69391569438708145
  0.70267621378281842  0.71143027486536559  0.72024712290568893  0.72921517243688505
  0.73826791703613137  0.74736267964197889  0.75653722435167314  0.76585425063690726
  0.77548383339214311  0.78545094789608683  0.79561109311107392  0.80590192354682377
  0.81639500691770583  0.82720495295922858  0.83838430982874412  0.84994193593949041
  0.86186899339050338  0.87427743769031174  0.88737244999605358  0.90157906642612617
  0.91723311525667406  0.93560462295521341  0.96104347317782723  1.00000000000000000
 -0.02813318226998410  0.13718018653298772  0.17568892168495470  0.19831519998233724
  0.21573858491538558  0.23031891838932930  0.24302509391328656  0.25449433318754566
  0.26475915970880765  0.27447494106855624  0.28351367028893798  0.29211542374021027
  0.30017956703238541  0.30793818819072155  0.31537519403131653  0.32247989069906025
  0.32940792587062273  0.33618861590605387  0.34282338170644200  0.34930168580643439
  0.35561286153798805  0.36168571147106765  0.36768777974748751  0.37364750022481857
  0.37947561004388114  0.38518224159627645  0.39083021889153413  0.39638316470274004
  0.40183949480646769  0.40721132983138342  0.41256226893730252  0.41786107117778881
  0.42309281687183831  0.42824507215226948  0.43333271656216776  0.43837403162671562
  0.44338230734076800  0.44835328079784709  0.45329104045798391  0.45818561671481933
  0.46305844123368339  0.46794942431847236  0.47282460304477564  0.47768661173939320
  0.48252679010896005  0.48735971881121032  0.49218995732823134  0.49702661409926857
  0.50183823398549232  0.50665567843078918  0.51147858138937730  0.51633672745500947
  0.52119556655002275  0.52610084264979728  0.53098342809409305  0.53589998856011190
  0.54085295519090748  0.54582889452753058  0.55082148086501170  0.55583901383392531
  0.56088250720810062  0.56597028431497720  0.57113647129372647  0.57637055156440120
  0.58163948658212961  0.58694587621583816  0.59228752086512071  0.59769037942975123
  0.60315956249067704  0.60870359605757463  0.61430654533589457  0.61995726216130043
  0.62572394165215117  0.63166173492597277  0.63766463992285449  0.64378190330358764
  0.65012214656341938  0.65665824835117759  0.66332022084432585  0.67020454840432309
  0.67724693385281698  0.68453514338534538  0.69200306890657304  0.69983874847525962
  0.70784134799450105  0.71641286591839470  0.72524643233616837  0.73492780758645682
  0.74514278688151447  0.75657219694854716  0.76902582437518852  0.78342896783555738
  0.80080565454723607  0.82372041391689788  0.86263004839330970  1.00000000000000000
   1.2604359665174186E-002  -1.0000000000000000     
 T T T T T T T T T T T T T T T T F F F F F F F F F F F F F F F F
  <DiscreteSampler_grid>
  grouped_processes
  1 # 1 for a reference and 2 for a running grid.
  10 # Attribute 'min_bin_probing_points' of the grid.
  1 # Attribute 'grid_mode' of the grid. 1=='default',2=='initialization'
  0.0000000000000000 # Attribute 'small_contrib_threshold' of the grid.
  0.5000000000000000 # Attribute 'damping_power' of the grid.
 # binID   n_entries weight   weight_sqr   abs_weight
    10   10   3.587579064792983E+009   3.746123476532713E+019   3.587579064792983E+009
    16   10   3.587579064792983E+009   3.746123476532713E+019   3.587579064792983E+009
  </DiscreteSampler_grid>
