  0.00000036787225613  0.00001443145167885  0.00002978858492808  0.00004449861368281
  0.00005896360103519  0.00007376917020971  0.00008923551124663  0.00010542107783395
  0.00012235173269094  0.00013992346292609  0.00015797545730397  0.00017698133791165
  0.00019725586638130  0.00021858016142631  0.00024108262446347  0.00026460707293855
  0.00028942793196397  0.00031560827527636  0.00034322305362236  0.00037247876068223
  0.00040272046087940  0.00043412839629293  0.00046672434146477  0.00050108232947572
  0.00053737413338601  0.00057580684615739  0.00061583469516986  0.00065794214223459
  0.00070252385806711  0.00074890129105532  0.00079824986699579  0.00085040499233567
  0.00090477681405505  0.00096186116956546  0.00102143547641493  0.00108270593045135
  0.00114539692988656  0.00121026147971522  0.00127777823100730  0.00134704367580076
  0.00141814077609458  0.00149130915976553  0.00156773073881338  0.00164707341249509
  0.00172996244969592  0.00181766021670797  0.00190898521879889  0.00200311545395525
  0.00210192820298554  0.00220605559502042  0.00231308339487666  0.00242204232544729
  0.00253017065720917  0.00264137378187161  0.00276049477299635  0.00288787477620182
  0.00302202758573590  0.00316128686093429  0.00330558544075731  0.00345643370218400
  0.00361535002804504  0.00378317744966237  0.00395861731741816  0.00413807253305166
  0.00432070718454123  0.00450501544456160  0.00468902294321398  0.00486629006331781
  0.00506193474356169  0.00527174722938421  0.00547987216663281  0.00570700309936272
  0.00596010186684838  0.00622520134164212  0.00653960029764452  0.00687621780847811
  0.00723702449044900  0.00762214668606187  0.00800322100224316  0.00835334326753572
  0.00872731383793118  0.00914458446794393  0.00968774133071932  0.01027657908080059
  0.01084648749991147  0.01147278888144461  0.01222139424207544  0.01312052264879178
  0.01411383183430694  0.01508560214662825  0.01604580108771662  0.01804020052844601
  0.02126834782643494  0.02794499398295669  0.42047420795008184  1.00000000000000000
 -0.00238426158559842  0.00940670714336825  0.01957979733136140  0.03030103921661064
  0.04107508667039459  0.05159981158881997  0.06199786601758719  0.07244367534692735
  0.08305421765759288  0.09358615058804055  0.10419222081125577  0.11465461075957147
  0.12497235719535942  0.13556349774494228  0.14625079186179771  0.15687021494610592
  0.16748470327449588  0.17784770715060982  0.18827767840598314  0.19876871994386550
  0.20938966417167745  0.22014812287121599  0.23071289102523740  0.24131606290087118
  0.25185983963037367  0.26228072983815531  0.27266084386521022  0.28303082897031540
  0.29325295799851209  0.30349310676733821  0.31375013700873677  0.32410973118943703
  0.33438848143524036  0.34492156082802250  0.35538613268894537  0.36588332824582848
  0.37635258469145139  0.38695323044782870  0.39751125882686916  0.40806675898293460
  0.41870316597125734  0.42937401387215784  0.43984641375403799  0.45031790884278350
  0.46092377351067398  0.47188366095128081  0.48279957419665376  0.49364711198698741
  0.50427939548674827  0.51486255034298056  0.52530484736584337  0.53582775519573367
  0.54630612615154106  0.55664676022414650  0.56695115881652247  0.57753381588383412
  0.58816348888653980  0.59888883701155737  0.60966428085165381  0.62057202039278037
  0.63113136554791904  0.64160046777884072  0.65211272560255340  0.66287983365031311
  0.67342292867999964  0.68412483615703523  0.69470064615000393  0.70518802491193244
  0.71568252452870562  0.72613068442865880  0.73639714672592682  0.74693794567391758
  0.75730246568198212  0.76816398277935904  0.77868855869724696  0.78952746867049584
  0.80001306816313134  0.81031812931870251  0.82081307217075827  0.83135494160797885
  0.84194880450352882  0.85261286263777758  0.86330909263673605  0.87417926854583194
  0.88451324073032167  0.89484181554751552  0.90526663514396499  0.91576553465424970
  0.92621332281793711  0.93665099162508292  0.94727946908597072  0.95804359779349169
  0.96851281692113589  0.97903419530355962  0.98955541619365939  1.00000000000000000
 -0.00488488251061808  0.02606199762475877  0.04720225047052331  0.06461647244090576
  0.08017827916041380  0.09436694511612492  0.10769877066344730  0.12053910978055900
  0.13289999488580584  0.14493018319927989  0.15671536115570242  0.16814756229270719
  0.17918100264788231  0.18992142892812547  0.20044381761576205  0.21082040588845624
  0.22113220873091149  0.23132303922525271  0.24133705565532262  0.25118202361978076
  0.26093420493954006  0.27060348680958712  0.28016370062044754  0.28961669240404653
  0.29899866619212812  0.30832683907433311  0.31753827656638545  0.32659602131119692
  0.33547912762768928  0.34419926538297757  0.35283463598148596  0.36140933535073727
  0.36993397364270431  0.37843589913316089  0.38690074415697623  0.39533719001319234
  0.40377640928536496  0.41221061872074244  0.42068718942220373  0.42924693726758789
  0.43785949083310510  0.44647183320140643  0.45500489229629398  0.46342917416100243
  0.47169729354282025  0.48009058687437695  0.48822962750122517  0.49654648170074522
  0.50489260924749890  0.51341750772820838  0.52184661026789425  0.53019990966901609
  0.53848350450921911  0.54679338330044247  0.55513848551722156  0.56342642646515961
  0.57163976807585670  0.57983489165911151  0.58805369402747176  0.59623094833904944
  0.60435756118821415  0.61244142790940959  0.62052770541100888  0.62876910737410463
  0.63703987353355795  0.64538239058056945  0.65380420521465132  0.66230934556765486
  0.67086166496379962  0.67936731508510584  0.68788729595599074  0.69654587789928923
  0.70526734997058205  0.71410630686327070  0.72297311463094016  0.73191429921213247
  0.74107404885486428  0.75038406442214545  0.75975837574793492  0.76913403864600638
  0.77851752984642431  0.78800818195284195  0.79777524931598032  0.80789959129597566
  0.81832336654444993  0.82897688623694743  0.83993382076880552  0.85135251445798177
  0.86322317465416420  0.87546326724103762  0.88827802522439592  0.90210338427963133
  0.91722858786134354  0.93465576342322865  0.95915821693031189  1.00000000000000000
 -0.02832169908803022  0.13748717988303585  0.17578196192444057  0.19860519015415634
  0.21604962487389168  0.23057282928590692  0.24310713800434658  0.25440027127129516
  0.26460149998898397  0.27421847926280996  0.28312379812136967  0.29165143746220390
  0.29970658501483644  0.30748540373276201  0.31497483383538349  0.32214006143359042
  0.32912653740286879  0.33589733397896748  0.34244487609984492  0.34885006780855105
  0.35508652439462535  0.36116895137602451  0.36716519057764135  0.37308632085596904
  0.37883843348910384  0.38448637579453077  0.39008031680311650  0.39561341087934698
  0.40105039747142368  0.40645667401668817  0.41184658852953965  0.41715271992481662
  0.42234579825675189  0.42743437010982405  0.43252139719086141  0.43761334146425429
  0.44269071816342170  0.44772196103430606  0.45270674388404175  0.45767851773870860
  0.46265380423033126  0.46763005079833458  0.47259835757926349  0.47754293956086064
  0.48248293774054540  0.48743321520102711  0.49237654978819262  0.49727845091190859
  0.50208819493342649  0.50695474566255594  0.51182290423958343  0.51675106227178880
  0.52168905255590969  0.52665236641405300  0.53159949939841655  0.53655502372118069
  0.54155186117686827  0.54661639701429809  0.55170640766356360  0.55677944932141532
  0.56186220272735721  0.56699712187659435  0.57220969808617939  0.57750132185386671
  0.58284386929377785  0.58825742126496505  0.59371241417822584  0.59916529428126886
  0.60463527088348967  0.61013079752064570  0.61573846949968369  0.62143827274126784
  0.62724475542087110  0.63312024142331802  0.63907964459909672  0.64515564777289158
  0.65136137257938420  0.65763537917059967  0.66402630180002775  0.67066285091118072
  0.67755374600498441  0.68458831307890544  0.69199989292337705  0.69981446513832513
  0.70788468264768856  0.71655411006586889  0.72554655755289332  0.73530085781857202
  0.74566134277954554  0.75692024853886308  0.76941737314983494  0.78388629571415858
  0.80121954111084648  0.82431653502835045  0.86383026942994534  1.00000000000000000
   1.2666828685580965E-002  -1.0000000000000000     
 T T T T T T T T T T T T T T T T F F F F F F F F F F F F F F F F
  <DiscreteSampler_grid>
  grouped_processes
  1 # 1 for a reference and 2 for a running grid.
  10 # Attribute 'min_bin_probing_points' of the grid.
  1 # Attribute 'grid_mode' of the grid. 1=='default',2=='initialization'
  0.0000000000000000 # Attribute 'small_contrib_threshold' of the grid.
  0.5000000000000000 # Attribute 'damping_power' of the grid.
 # binID   n_entries weight   weight_sqr   abs_weight
    10   10   9.711862022458311E+008   1.182057916421477E+018   9.711862022458311E+008
    16   10   9.711862022458311E+008   1.182057916421477E+018   9.711862022458311E+008
  </DiscreteSampler_grid>
