  0.00000389281518098  0.00001720291166908  0.00002843171650160  0.00004186349596713
  0.00005438887368460  0.00006672258257366  0.00007936364824085  0.00009233183272625
  0.00010573693393392  0.00011963144263459  0.00013394132283216  0.00014850184356989
  0.00016348988603612  0.00017909320857634  0.00019548259847818  0.00021284779390930
  0.00023110512706635  0.00025048570124029  0.00027063997601263  0.00029164583240853
  0.00031369355271824  0.00033652567225248  0.00036047055999533  0.00038506656116721
  0.00041091231838249  0.00043782279067740  0.00046592008511639  0.00049527837098141
  0.00052612995086909  0.00055835301504225  0.00059212065449504  0.00062717813818443
  0.00066407678027838  0.00070279794823356  0.00074247404795485  0.00078392922394963
  0.00082722611843327  0.00087282463276928  0.00091967889217135  0.00096749965208717
  0.00101800703141806  0.00106960342722598  0.00112791356706992  0.00118898580889759
  0.00125085392171862  0.00131361069976413  0.00137857804276375  0.00144634729171059
  0.00151468519501049  0.00158369083146494  0.00165658759942708  0.00173457104616744
  0.00181527437732822  0.00189867968013809  0.00198957015745974  0.00208994371445499
  0.00219070965267684  0.00229033029836243  0.00239244525616081  0.00249995025894179
  0.00261189854401404  0.00272857174583790  0.00284829395254115  0.00297762645988910
  0.00312308251946355  0.00326273263575959  0.00340423982977937  0.00355130489451465
  0.00370636808763449  0.00388575682573341  0.00407711159088237  0.00428256246298833
  0.00449059789935045  0.00470205693068767  0.00492019785500122  0.00514760028478657
  0.00539116141614450  0.00564684018585439  0.00595443074999998  0.00635174311768457
  0.00686525152021092  0.00737720236322431  0.00801430087886362  0.00863992812314295
  0.00921805605112042  0.00973079224129879  0.01021250527922586  0.01072939577969395
  0.01130190726297890  0.01195579462894781  0.01272775067008031  0.01349111654874394
  0.01417881014060777  0.01513855303893629  0.55442203787131006  1.00000000000000000
 -0.00250835611557469  0.00954428495210761  0.01971228098511212  0.03001290820765057
  0.04034977489997707  0.05061547762572875  0.06080258645162435  0.07127382108201771
  0.08184693112801780  0.09249318453163742  0.10307670712686912  0.11333188364015900
  0.12365697663175401  0.13394922356592640  0.14428544597186027  0.15449952030424435
  0.16478260185749061  0.17510664820938043  0.18539824364637664  0.19551140774716913
  0.20561516163107593  0.21586855464084292  0.22624012494155563  0.23678927885641188
  0.24735901033110719  0.25805611807441381  0.26871640667592145  0.27933852980525098
  0.29024618091916538  0.30115933871371042  0.31204268070898206  0.32266391799145322
  0.33326446623029959  0.34378185020884572  0.35413139760482537  0.36438941809680170
  0.37488958238297715  0.38565367877001094  0.39650203918367488  0.40711214283802938
  0.41752703789824969  0.42776054885704945  0.43824684027457456  0.44880512845693266
  0.45942543041922801  0.47009946148963172  0.48082989867727444  0.49195905763304831
  0.50302237688682971  0.51376949390390503  0.52445251857561703  0.53515085321016109
  0.54588078851338928  0.55623187993705359  0.56646412954565339  0.57676311257819601
  0.58709010998048095  0.59745668575957667  0.60778620712374920  0.61838219027459307
  0.62903660223213353  0.63984383071571227  0.65043084646040339  0.66099206535717492
  0.67152607514489671  0.68238013296696043  0.69302039932209181  0.70342979431639496
  0.71379225892831355  0.72425692276716103  0.73482902650942405  0.74545679723256675
  0.75613581595877100  0.76687719650719244  0.77750243544355535  0.78813545612202141
  0.79877529625236965  0.80939517797406979  0.81999834162775953  0.83047979171732944
  0.84092007751014641  0.85126641003870784  0.86174374140319820  0.87217264129325689
  0.88272717603785678  0.89335206345462670  0.90405197316879682  0.91478773261494151
  0.92535391822947466  0.93607858862054993  0.94688539916214221  0.95793435390565573
  0.96848469305342133  0.97909024207529405  0.98953687200517881  1.00000000000000000
 -0.00387450080523756  0.02298315188896507  0.04233930957050112  0.05894903098422325
  0.07403377666159916  0.08832498502293998  0.10212441392671158  0.11540488167006181
  0.12800369618949548  0.14014038978125309  0.15186089710750317  0.16325237381429802
  0.17426045006864210  0.18496001023223438  0.19538595779297302  0.20566786580606058
  0.21586230204849666  0.22585315447997587  0.23554682186566325  0.24503303408767269
  0.25459951889393545  0.26421538442932901  0.27373304967573037  0.28316005466632671
  0.29257874244217424  0.30199644482941485  0.31134762817708306  0.32039548665799733
  0.32949227105357931  0.33845004434672976  0.34729266791355901  0.35605387188639143
  0.36477521503703930  0.37354097774571327  0.38222297129801963  0.39079093254744685
  0.39935131550183389  0.40793641000405667  0.41651098882412796  0.42500777582416122
  0.43343689061457441  0.44184518265416961  0.45024642961478212  0.45865701590658242
  0.46702007285085956  0.47536117800047090  0.48381027939160021  0.49250887325724224
  0.50124204118963567  0.50992518605315174  0.51846374621741731  0.52694245813795515
  0.53546077662614489  0.54401523557331699  0.55247069036069063  0.56082140344966636
  0.56899551172914087  0.57714015867073920  0.58550973066965339  0.59409687358166929
  0.60281895363460225  0.61158121336474880  0.62034990926430467  0.62909317837543477
  0.63780857736849605  0.64645335541087867  0.65496294724136006  0.66343303224143613
  0.67204871392006327  0.68088748594531945  0.68992531194312834  0.69913178628522732
  0.70824088209838476  0.71731167217799718  0.72638505667337638  0.73556040570650327
  0.74481900648183386  0.75412019045096190  0.76345465700740234  0.77298227598640390
  0.78277271858515185  0.79255501664416250  0.80218204839170459  0.81188997592713963
  0.82203323181247379  0.83275807054251039  0.84366733554808160  0.85504541024136893
  0.86701664185386806  0.87954259928275758  0.89270966606690827  0.90697401215442053
  0.92274478685372918  0.94033145626717873  0.96282637821279449  1.00000000000000000
 -0.01991265946777151  0.12113378162141317  0.15993640260908498  0.18333754208301273
  0.20172988212329315  0.21717180269900949  0.23060487539090779  0.24229889068713079
  0.25327864733100647  0.26323794600373945  0.27269011997792020  0.28113982169204849
  0.28945306208424720  0.29743475974692074  0.30530210947303493  0.31304525016136231
  0.32027853334001444  0.32730114868003324  0.33415627608809845  0.34077969716041900
  0.34723831024093182  0.35355681499331765  0.35974366286017734  0.36578919801747012
  0.37171819866549488  0.37758096160244925  0.38340604848591980  0.38927639735117253
  0.39508623845815471  0.40082118599194982  0.40653009526928674  0.41221487763181047
  0.41784392095268930  0.42341027471583936  0.42893080979212161  0.43441119467721634
  0.43982702054479877  0.44518182895750114  0.45048866069266286  0.45573281705305835
  0.46093427390308461  0.46605832763263955  0.47117448607277912  0.47629532782594958
  0.48141175123470537  0.48654658051977406  0.49167364745443992  0.49683093715368182
  0.50201679910959729  0.50722889025660445  0.51239035131665123  0.51755519636801084
  0.52273810154613887  0.52792805327942427  0.53311605657300742  0.53827463986160462
  0.54340833676551437  0.54857114388858075  0.55377608317044857  0.55907843401906576
  0.56442451385855585  0.56971045506867457  0.57501736479269772  0.58032509627199880
  0.58572941903681652  0.59119836145011928  0.59672814231968296  0.60232894156615258
  0.60801623763358281  0.61376488664593254  0.61953584235814030  0.62537911997574192
  0.63140975471424687  0.63759780533239740  0.64389581373221516  0.65040193962478343
  0.65705286778245142  0.66370344732421216  0.67048185927497628  0.67740107031987029
  0.68451027893002425  0.69200114670757573  0.69980310945109370  0.70779793365408483
  0.71652431527302429  0.72567925871601247  0.73570765574537744  0.74619147540811259
  0.75732134319547262  0.76945084027821553  0.78306024879091263  0.79846658723934594
  0.81659036376868976  0.83987356332108110  0.87805404952849464  1.00000000000000000
   2.5066631382715442E-002  -1.0000000000000000     
 T T T T T T T T T T T T T T T T F F F F F F F F F F F F F F F F
  <DiscreteSampler_grid>
  grouped_processes
  1 # 1 for a reference and 2 for a running grid.
  10 # Attribute 'min_bin_probing_points' of the grid.
  1 # Attribute 'grid_mode' of the grid. 1=='default',2=='initialization'
  0.0000000000000000 # Attribute 'small_contrib_threshold' of the grid.
  0.5000000000000000 # Attribute 'damping_power' of the grid.
 # binID   n_entries weight   weight_sqr   abs_weight
    10   10   2.940373913741466E+009   1.437912534418226E+019   2.940373913741466E+009
    16   10   2.940373913741466E+009   1.437912534418226E+019   2.940373913741466E+009
  </DiscreteSampler_grid>
