0.02	0.1	0.7726992	0.09667028
0.02	0.1	0.04167177	0.076409906
0.02	0.1	0.44180766	0.07915082
0.02	0.1	0.32540232	0.08245905
0.02	0.1	0.84003985	0.1195531
0.02	0.1	0.17491576	0.05842156
0.02	0.1	0.49112782	0.1017144
0.02	0.1	0.6842445	0.11884916
0.02	0.1	0.063344434	0.11385037
0.02	0.1	0.125371	0.08738855
0.02	0.1	0.7267588	0.084647655
0.02	0.1	0.477835	0.053312853
0.02	0.1	0.12823848	0.06412388
0.02	0.1	0.082294695	0.11284625
0.02	0.1	0.49254256	0.079181924
0.02	0.1	0.5252325	0.056830935
0.02	0.1	0.07257389	0.094376214
0.02	0.1	0.7469152	0.08639719
0.02	0.1	0.33583167	0.045228306
0.02	0.1	0.115572765	0.07597584
0.02	0.1	0.7741969	0.11438787
0.02	0.1	0.28434497	0.09523227
0.02	0.1	0.45886308	0.08533568
0.02	0.1	0.45881718	0.061805166
0.02	0.1	0.6783656	0.09067405
0.02	0.1	0.23501086	0.06214345
0.02	0.1	0.421745	0.05674333
0.02	0.1	0.7696868	0.11617172
0.02	0.1	0.3731354	0.06565184
0.02	0.1	-0.3105978	0.16685176
0.02	0.1	0.9903412	0.1482177
0.02	0.1	0.13258475	0.10996145
0.02	0.1	0.61238265	0.088658646
0.02	0.1	0.20275119	0.091419496
0.02	0.1	0.7477665	0.09754306
0.02	0.1	-0.2505207	0.14197493
0.02	0.1	0.42306548	0.07183277
0.02	0.1	0.40323338	0.10613869
0.02	0.1	0.24722528	0.061741438
0.02	0.1	0.39631683	0.035657853
0.02	0.1	0.47436914	0.037386045
0.02	0.1	0.13388012	0.09206474
0.02	0.1	0.37114406	0.0765963
0.02	0.1	0.21579039	0.09106747
0.02	0.1	0.44165045	0.06774382
0.02	0.1	0.7478417	0.080886185
0.02	0.1	0.4597083	0.040356908
0.02	0.1	0.5710968	0.06521207
0.02	0.1	0.16524348	0.06416471
0.02	0.1	0.3964902	0.08195947
0.02	0.1	0.8226473	0.10695918
0.02	0.1	0.40395513	0.069916174
0.02	0.1	1.0266373	0.14326368
0.02	0.1	0.21616468	0.067277096
0.02	0.1	0.15298824	0.10187202
0.02	0.1	0.6428528	0.090358086
0.02	0.1	0.35047394	0.07907526
0.02	0.1	0.7666661	0.08102309
0.02	0.1	0.41178313	0.074932255
0.02	0.1	-0.06440173	0.06869166
0.02	0.1	0.28803474	0.08702412
0.02	0.1	0.32593077	0.05696901
0.02	0.1	0.10743672	0.07688972
0.02	0.1	0.45771632	0.046152163
0.02	0.1	0.3371613	0.053501174
0.02	0.1	0.7421566	0.10130715
0.04	0.2	0.5144652	0.09557481
0.04	0.2	1.2951748	0.05813259
0.04	0.2	1.224796	0.056105133
0.04	0.2	1.6441069	0.096717626
0.04	0.2	1.2060101	0.02930796
0.04	0.2	1.7247521	0.12151242
0.04	0.2	1.7040088	0.13102591
0.04	0.2	0.83711517	0.09541856
0.04	0.2	0.09776337	0.13105074
0.04	0.2	1.317449	0.062287696
0.04	0.2	0.51938975	0.09147135
0.04	0.2	1.4789038	0.0705156
0.04	0.2	0.94262254	0.046177994
0.04	0.2	1.7510363	0.11069241
0.04	0.2	0.90945494	0.11977422
0.04	0.2	0.67592084	0.053907465
0.04	0.2	1.2809821	0.049135327
0.04	0.2	1.0514438	0.06634244
0.04	0.2	1.1622354	0.034666844
0.04	0.2	1.3875916	0.092836946
0.04	0.2	1.2646463	0.03569924
0.04	0.2	1.4768932	0.05562209
0.04	0.2	1.0691037	0.040693056
0.04	0.2	1.0694437	0.06732866
0.04	0.2	1.5138487	0.057328988
0.04	0.2	1.0273039	0.06804335
0.04	0.2	1.3275503	0.07454856
0.04	0.2	1.2441952	0.07388325
0.04	0.2	1.4704447	0.063284926
0.04	0.2	1.4519007	0.12104762
0.04	0.2	1.3749858	0.11474908
0.04	0.2	0.25969777	0.0920986
0.04	0.2	0.7264013	0.025754254
0.04	0.2	0.9024603	0.052837465
0.04	0.2	0.9977064	0.047447823
0.04	0.2	0.9517851	0.06360419
0.04	0.2	1.2980607	0.0729872
0.04	0.2	0.54453397	0.062408343
0.04	0.2	1.5263582	0.0393824
0.04	0.2	1.576206	0.0527
0.04	0.2	1.3545954	0.06837302
0.04	0.2	1.2807233	0.06907001
0.04	0.2	0.30890933	0.13841695
0.04	0.2	0.9800626	0.049675878
0.04	0.2	1.5041811	0.057480622
0.04	0.2	0.8313753	0.06678554
0.04	0.2	1.4467045	0.05200521
0.04	0.2	1.2850881	0.04528832
0.04	0.2	0.31598645	0.07368095
0.04	0.2	1.0404662	0.10477159
0.04	0.2	0.011968434	0.21615475
0.04	0.2	1.0728061	0.048767116
0.04	0.2	0.62526625	0.047941368
0.04	0.2	1.1074637	0.06096188
0.04	0.2	1.5460736	0.04967898
0.04	0.2	1.1429371	0.05743223
0.04	0.2	0.44160205	0.045063857
0.04	0.2	0.9835884	0.05724773
0.04	0.2	0.5404568	0.069881625
0.04	0.2	1.3700621	0.051492672
0.04	0.2	1.7517296	0.10560297
0.04	0.2	1.5411625	0.10084579
0.04	0.2	1.2518548	0.08052677
0.04	0.2	0.61050475	0.032637093
0.04	0.2	1.0364275	0.05577536
0.04	0.2	-0.15105134	0.20669495
0.06	0.3	0.7216376	0.049718674
0.06	0.3	1.6540937	0.08375607
0.06	0.3	0.815217	0.05381478
0.06	0.3	1.5060174	0.04655561
0.06	0.3	2.3115475	0.04501423
0.06	0.3	1.4650614	0.028335698
0.06	0.3	0.2557084	0.093846686
0.06	0.3	1.239433	0.08392531
0.06	0.3	1.9121673	0.04457326
0.06	0.3	0.8467024	0.04121863
0.06	0.3	2.2713084	0.07351085
0.06	0.3	1.6686637	0.047996834
0.06	0.3	1.666082	0.035280164
0.06	0.3	1.1452721	0.08521652
0.06	0.3	2.0024471	0.045313053
0.06	0.3	0.48695955	0.099609934
0.06	0.3	2.0339408	0.042042952
0.06	0.3	1.1292351	0.05431096
0.06	0.3	1.0342456	0.035855357
0.06	0.3	2.2877467	0.060035978
0.06	0.3	1.4918399	0.06213924
0.06	0.3	1.0072514	0.043510504
0.06	0.3	0.75669545	0.09562571
0.06	0.3	1.7544491	0.03364644
0.06	0.3	1.6708686	0.062358238
0.06	0.3	1.677309	0.025158491
0.06	0.3	1.4555365	0.07276219
0.06	0.3	0.7169199	0.08835561
0.06	0.3	1.4697777	0.032890614
0.06	0.3	0.9085847	0.057888888
0.06	0.3	1.5611798	0.051033728
0.06	0.3	1.315333	0.048573673
0.06	0.3	1.2495791	0.089833185
0.06	0.3	1.6710354	0.058850095
0.06	0.3	1.6131045	0.070916295
0.06	0.3	1.9745705	0.029647108
0.06	0.3	1.5624158	0.11213317
0.06	0.3	1.6572949	0.056130487
0.06	0.3	1.4003941	0.06277489
0.06	0.3	1.7055298	0.04959229
0.06	0.3	1.4959564	0.02736374
0.06	0.3	1.256766	0.055235505
0.06	0.3	1.2402065	0.07300421
0.06	0.3	1.9739491	0.059311487
0.06	0.3	2.164712	0.13001831
0.06	0.3	1.6622932	0.06277808
0.06	0.3	1.5900763	0.05568413
0.06	0.3	1.4695758	0.044425007
0.06	0.3	1.7548672	0.0813968
0.06	0.3	1.7322792	0.060922667
0.06	0.3	1.8025601	0.06280993
0.06	0.3	1.7060276	0.043870237
0.06	0.3	1.4095417	0.07150395
0.06	0.3	1.7104347	0.04654948
0.06	0.3	0.86737365	0.055014625
0.06	0.3	0.621155	0.06662761
0.06	0.3	1.4763209	0.058751047
0.06	0.3	2.1622608	0.07513499
0.06	0.3	1.9463842	0.072616585
0.06	0.3	1.4550142	0.02092273
0.06	0.3	1.0641718	0.0645471
0.06	0.3	1.1775744	0.03677116
0.06	0.3	1.6958113	0.03974367
0.06	0.3	1.7645035	0.028244874
0.06	0.3	1.9852327	0.030849993
0.06	0.3	1.2205725	0.046190605
0.02	0.1	-0.056117307	0.09564697
0.02	0.1	0.35894966	0.07365121
0.02	0.1	0.4918364	0.11771308
0.02	0.1	0.3394664	0.027835166
0.02	0.1	0.88797534	0.116134435
0.02	0.1	0.06825263	0.11157678
0.02	0.1	0.543575	0.070390895
0.02	0.1	0.1883611	0.09483852
0.02	0.1	0.25484633	0.024404412
0.02	0.1	0.49505562	0.05701751
0.02	0.1	0.1983597	0.09277407
0.02	0.1	0.49974403	0.058313433
0.02	0.1	0.67496073	0.08636241
0.02	0.1	0.47796774	0.054881293
0.02	0.1	0.48661447	0.060766287
0.02	0.1	0.40347967	0.057103653
0.02	0.1	0.44914904	0.050303813
0.02	0.1	0.71199435	0.08969893
0.02	0.1	0.3790922	0.07991264
0.02	0.1	0.99202347	0.13478607
0.02	0.1	0.3257071	0.062327623
0.02	0.1	0.050620645	0.102177404
0.02	0.1	0.23911662	0.05152314
0.02	0.1	0.034247052	0.13533293
0.02	0.1	0.10455006	0.073660485
0.02	0.1	-0.10723827	0.15576665
0.02	0.1	0.33000842	0.07805729
0.02	0.1	0.31509137	0.06878072
0.02	0.1	0.3736252	0.027500067
0.02	0.1	0.59490013	0.09405649
0.02	0.1	0.4973231	0.091748856
0.02	0.1	0.5012379	0.05097068
0.02	0.1	0.799049	0.12107373
0.02	0.1	0.49373713	0.040797476
0.04	0.2	1.5966104	0.07882318
0.04	0.2	0.6272287	0.062247626
0.04	0.2	1.4019009	0.019578524
0.04	0.2	1.0746292	0.08550632
0.04	0.2	1.7561591	0.04324593
0.04	0.2	1.0223999	0.08555416
0.04	0.2	1.5555385	0.09177486
0.04	0.2	0.8757874	0.058903676
0.04	0.2	0.93308336	0.04424519
0.04	0.2	1.1204995	0.024623157
0.04	0.2	1.1112204	0.03294936
0.04	0.2	0.59099865	0.11893966
0.04	0.2	1.5060234	0.046489436
0.04	0.2	0.32695985	0.08763532
0.04	0.2	1.2627773	0.065092176
0.04	0.2	0.8977482	0.046017427
0.04	0.2	1.457354	0.06399404
0.04	0.2	0.7804196	0.06261787
0.04	0.2	1.1281935	0.053818036
0.04	0.2	0.18141496	0.105639204
0.04	0.2	1.2628024	0.09580183
0.04	0.2	0.86651766	0.08772858
0.04	0.2	1.3313757	0.057421423
0.04	0.2	1.3916855	0.06705258
0.04	0.2	2.1537857	0.066877425
0.04	0.2	1.7304825	0.08976344
0.04	0.2	1.4210627	0.08548761
0.04	0.2	1.3266562	0.079567336
0.04	0.2	1.706391	0.097875886
0.04	0.2	1.5527818	0.11816524
0.04	0.2	1.084837	0.06991111
0.04	0.2	1.2766355	0.070851885
0.04	0.2	1.694409	0.1010302
0.04	0.2	1.0387685	0.041212916
0.06	0.3	0.79617643	0.05582644
0.06	0.3	2.0662754	0.029604495
0.06	0.3	1.980505	0.044552814
0.06	0.3	1.728002	0.04821766
0.06	0.3	1.8529317	0.08343355
0.06	0.3	1.4423252	0.05897887
0.06	0.3	1.4165683	0.033849593
0.06	0.3	0.84755915	0.047213424
0.06	0.3	1.4503801	0.032159664
0.06	0.3	1.5075693	0.037994858
0.06	0.3	1.5992182	0.034428127
0.06	0.3	1.5613834	0.052357387
0.06	0.3	0.9184016	0.056309752
0.06	0.3	1.1423916	0.049054198
0.06	0.3	1.9006264	0.04486452
0.06	0.3	0.6276605	0.06325004
0.06	0.3	1.2880657	0.0358104
0.06	0.3	0.21731827	0.085022956
0.06	0.3	1.6385567	0.024456685
0.06	0.3	1.8771569	0.026172727
0.06	0.3	1.0522114	0.06337001
0.06	0.3	1.5855509	0.06334122
0.06	0.3	2.6347156	0.03856309
0.06	0.3	1.4007232	0.07249669
0.06	0.3	1.2771826	0.047088936
0.06	0.3	1.7238518	0.05694531
0.06	0.3	2.6603584	0.040310845
0.06	0.3	0.6464687	0.06054697
0.06	0.3	1.3406503	0.030502697
0.06	0.3	1.5850219	0.07598363
0.06	0.3	1.5427582	0.046573795
0.06	0.3	0.6203021	0.053926487
0.06	0.3	1.4520353	0.019384034
0.06	0.3	0.004211428	0.088110894
