0	-0.4	0.07925841	0.12378075
0	-0.4	1.0687814	0.049823403
0	-0.4	0.9388086	0.038647708
0	-0.4	1.1166484	0.046399932
0	-0.4	2.338765	0.068441086
0	-0.4	2.3525262	0.051697746
0	-0.4	0.67308766	0.020319512
0	-0.4	2.359983	0.18046685
0	-0.4	2.1115818	0.05583553
0	-0.4	0.68268603	0.057710085
0	-0.4	1.1980947	0.08355046
0	-0.4	1.5366566	0.021077221
0	-0.4	1.6128384	0.04674303
0	-0.4	0.35495967	0.08092246
0	-0.4	1.4520515	0.08402237
0	-0.4	0.7277695	0.074786976
0	-0.4	0.7109835	0.021324338
0	-0.4	1.7141632	0.06096179
0	-0.4	0.95621216	0.031940382
0	-0.4	1.4778286	0.03814455
0	-0.4	1.8200245	0.13311762
0	-0.4	1.2085737	0.033081535
0	-0.4	0.8400687	0.085435905
0	-0.4	2.1440392	0.044390887
0	-0.4	1.6212025	0.03502695
0	-0.4	1.4721112	0.023473833
0	-0.4	0.7766577	0.058986396
0	-0.4	1.0257686	0.043380104
0	-0.45	1.8061028	0.03065953
0	-0.4	1.1253161	0.036420755
0	-0.45	1.8639266	0.044905685
0	-0.4	1.9312859	0.052404888
0	-0.4	1.4458576	0.060607515
0	-0.4	2.094667	0.05875127
0	-0.4	1.6642959	0.04421428
0	-0.4	0.6193951	0.073857516
0	-0.4	0.14783117	0.14829502
0	-0.4	2.0647748	0.053875346
0	-0.4	1.8644683	0.02237402
0	-0.4	0.8367691	0.028456734
0	-0.4	1.7949231	0.050653752
0	-0.4	0.72982264	0.025127258
0	-0.45	2.1873775	0.047754772
0	-0.4	1.1202867	0.041089673
0	-0.4	1.4733155	0.04119469
0	-0.4	1.6146805	0.05961581
0	-0.4	1.534542	0.07219174
0	-0.4	1.3700464	0.038641993
0	-0.45	1.3040643	0.045749843
0	-0.4	0.31766143	0.07915294
0	-0.4	1.3971071	0.04583191
0	-0.4	0.70515937	0.067164205
0	-0.4	1.2306111	0.032701857
0	-0.4	1.691819	0.06414544
0	-0.4	0.97775316	0.044056125
0	-0.45	2.3127794	0.07146687
0	-0.4	1.4587181	0.03258246
0	-0.4	2.5060525	0.06443674
0	-0.4	-0.008353434	0.111500986
0	-0.45	2.0761504	0.06400667
0	-0.45	2.2105734	0.02336692
0	-0.4	1.294742	0.06650958
0	-0.45	1.7129024	0.022580102
0	-0.4	1.3622028	0.08843059
0	-0.45	1.8164543	0.048005864
0	-0.4	1.6566279	0.053070497
0	-0.4	1.6395115	0.03847222
0	-0.4	2.0849552	0.07069758
0	-0.4	0.898921	0.040247705
0	-0.45	2.3150344	0.04805548
0	-0.4	1.9019108	0.09015968
0	-0.4	1.1360798	0.06023181
0	-0.4	0.49365163	0.051206816
0	-0.4	0.919773	0.04160749
0	-0.45	2.524097	0.058570344
0	-0.4	0.49478158	0.03177127
0	-0.4	1.4943368	0.0529432
0	-0.4	1.2905996	0.05427487
0	-0.4	1.4865043	0.106300004
0	-0.45	2.3345008	0.078452244
0	-0.4	1.1537321	0.045323685
0	-0.45	1.6948063	0.108483605
0	-0.4	1.7459133	0.05264645
0	-0.45	1.7371871	0.0446448
0	-0.4	1.052542	0.035880014
0	-0.45	1.8677609	0.02558226
0	-0.45	1.9614395	0.06520616
0	-0.4	-0.116395175	0.10919828
0	-0.45	1.5564841	0.03294656
0	-0.4	-0.38614273	0.059503168
0	-0.45	1.0973618	0.04100112
0	-0.45	1.7297188	0.034490474
0	-0.45	2.3962674	0.051230386
0	-0.4	0.72737247	0.033776913
0	-0.45	2.3440826	0.067348346
0	-0.45	2.4568355	0.01931976
0	-0.45	1.53146	0.024361586
0	-0.4	1.4627997	0.05251911
0	-0.4	0.58767605	0.0550444
0	-0.4	1.8980649	0.047057174
0	-0.45	2.6480427	0.04068936
0	-0.4	0.64962214	0.08928384
0	-0.4	1.4808279	0.08100021
0	-0.4	1.7709274	0.056803733
0	-0.4	0.6269531	0.06461018
0	-0.45	1.9070133	0.027257223
0	-0.4	1.4716332	0.039646745
0	-0.45	1.6153963	0.029854773
0	-0.4	0.11447074	0.041486014
0	-0.4	0.59438705	0.049453765
0	-0.4	1.3078724	0.036626454
0	-0.4	1.3139887	0.0719421
0	-0.45	2.1296768	0.033382174
0	-0.4	1.4762424	0.05268802
0	-0.4	0.97926104	0.026360312
0	-0.45	1.7722574	0.06108251
0	-0.45	2.6636062	0.05602319
0	-0.45	2.1254606	0.05061931
0	-0.4	1.2249418	0.039006654
0	-0.45	2.2749636	0.06307388
0	-0.45	1.6066538	0.039445028
0	-0.5	2.1246495	0.034978554
0	-0.4	0.2983864	0.059724726
0	-0.45	2.334493	0.056953337
0	-0.4	1.4024246	0.043499976
0	-0.45	1.8506432	0.030690255
0	-0.4	1.0851538	0.062955014
0	-0.4	0.6361267	0.07842936
0	-0.5	1.8487194	0.041928682
0	-0.45	1.6317692	0.04587568
0	-0.45	1.8015944	0.03493526
0	-0.45	1.6800988	0.04747499
0	-0.45	2.0126042	0.03975127
0	-0.45	1.9301809	0.031148806
0	-0.45	2.5054047	0.08026864
0	-0.45	2.7107582	0.0370367
0	-0.4	1.1842564	0.032891713
0	-0.45	1.2464035	0.045699175
0	-0.45	2.6949701	0.055163987
0	-0.5	1.9948498	0.033030726
0	-0.45	1.149481	0.08592987
0	-0.45	2.1340063	0.073430695
0	-0.45	1.7667671	0.031354204
0	-0.5	2.6743228	0.0489997
0	-0.45	2.6956496	0.07040525
0	-0.5	1.7505322	0.060102258
0	-0.4	0.90554047	0.04965413
0	-0.45	1.7315079	0.074852414
0	-0.5	1.5692997	0.04052242
0	-0.45	2.2838044	0.042840954
0	-0.5	1.6726509	0.040219296
0	-0.45	2.5164561	0.043797486
0	-0.45	2.0970867	0.034972187
0	-0.45	1.7552971	0.030054364
0	-0.45	1.3661451	0.037676107
0	-0.45	1.8502767	0.056292266
0	-0.45	2.347187	0.07269131
0	-0.45	1.8003162	0.07795259
0	-0.45	1.0352066	0.033513144
0	-0.5	2.645186	0.02880525
0	-0.45	1.6899515	0.041913617
0	-0.45	1.9612238	0.06927736
0	-0.5	3.1620598	0.059633914
0	-0.45	1.5319723	0.042778064
0	-0.45	1.9345105	0.031402893
0	-0.5	1.7114874	0.08974436
0	-0.5	1.647021	0.038003623
0	-0.4	1.6185205	0.02398429
0	-0.45	1.6845334	0.020353977
0	-0.45	2.084505	0.07178235
0	-0.45	1.1218001	0.04233652
0	-0.5	2.5478997	0.050808106
0	-0.45	1.9069531	0.05120868
0	-0.45	2.0054207	0.043743793
0	-0.4	1.9067497	0.05695174
0	-0.5	2.5728698	0.0457979
0	-0.45	2.2679117	0.069780186
0	-0.5	2.594478	0.037736483
0	-0.45	2.4192243	0.059814647
0	-0.5	1.9295347	0.043159816
0	-0.5	1.887661	0.034994483
0	-0.45	1.7463729	0.032754146
0	-0.45	2.8064303	0.08490619
0	-0.45	2.4967132	0.05327468
0	-0.4	1.4099393	0.08813512
0	-0.5	1.9515028	0.030003553
0	-0.5	1.8099778	0.032137357
0	-0.5	1.5688851	0.051070787
0	-0.45	1.4527758	0.047611956
0	-0.5	1.6404663	0.055981863
0	-0.5	2.6775148	0.08811815
0	-0.45	1.7416716	0.0593596
0	-0.5	2.2527099	0.03303637
0	-0.45	1.9700649	0.035553336
0	-0.45	1.7575762	0.09146219
0	-0.45	2.2891688	0.06492
0	-0.45	1.4103969	0.032119457
0	-0.45	1.9007591	0.03728961
0	-0.45	1.4908547	0.051311895
0	-0.45	2.0257921	0.045758132
0	-0.5	2.5308888	0.054671567
0	-0.5	2.638263	0.029173365
0	-0.45	0.54330945	0.02578871
0	-0.45	2.1150804	0.06464673
0	-0.5	2.0344036	0.03823375
0	-0.45	1.8476181	0.022427185
0	-0.45	2.4909084	0.042417113
0	-0.4	0.6314704	0.102949165
0	-0.45	0.5054445	0.07274688
0	-0.5	2.624288	0.045161355
0	-0.45	0.7581425	0.03540942
0	-0.5	2.4234927	0.044365402
0	-0.5	1.6233448	0.042477902
0	-0.5	1.8050674	0.044273093
0	-0.5	1.9980078	0.038583003
0	-0.45	2.3631167	0.08119605
0	-0.45	2.3980713	0.052982423
0	-0.5	1.894096	0.02845486
0	-0.5	1.3993723	0.083410375
0	-0.45	1.3330435	0.031150281
0	-0.45	1.2074993	0.053548355
0	-0.5	1.5240839	0.045047443
0	-0.45	2.051801	0.036640897
0	-0.45	2.5349565	0.089008406
0	-0.5	1.9556679	0.054619323
0	-0.5	1.9402428	0.036575153
0	-0.5	1.806716	0.051071867
0	-0.55	3.1873336	0.05000555
0	-0.5	2.742023	0.028202936
0	-0.55	3.1175342	0.056270473
0	-0.5	2.8570588	0.043380305
0	-0.5	1.6163889	0.040391065
0	-0.55	1.833483	0.06262153
0	-0.5	2.4515686	0.036837865
0	-0.5	1.5635002	0.040155023
0	-0.55	3.031443	0.034569394
0	-0.5	1.2513597	0.06347711
0	-0.5	2.1454566	0.0654023
0	-0.5	1.4341309	0.056210507
0	-0.45	1.3221424	0.03618106
0	-0.5	2.202076	0.100761384
0	-0.45	1.4226058	0.036208663
0	-0.5	2.7660859	0.04574274
0	-0.5	1.9373907	0.042157974
0	-0.45	1.5333664	0.02578315
0	-0.55	1.7758834	0.033043474
0	-0.55	1.9932144	0.03234899
0	-0.5	2.32451	0.055560526
0	-0.5	2.1933312	0.023467625
0	-0.5	3.1066492	0.042932533
0	-0.5	2.1744761	0.037607204
0	-0.5	2.1668708	0.040981513
0	-0.55	2.693864	0.055819746
0	-0.55	1.3251274	0.049888067
0	-0.5	2.712688	0.07841468
0	-0.5	1.672405	0.049539845
0	-0.55	3.0438874	0.092243865
0	-0.5	1.9754595	0.058689147
0	-0.45	2.93677	0.06614247
0	-0.5	2.51089	0.04581187
0	-0.5	2.572265	0.039545037
0	-0.5	1.9483436	0.10116282
0	-0.5	2.2246385	0.052394874
0	-0.5	2.1884677	0.05011316
0	-0.5	2.24429	0.032810125
0	-0.5	2.478819	0.027734857
0	-0.5	1.978885	0.040487975
0	-0.55	2.1193213	0.022933293
0	-0.55	2.984406	0.07906849
0	-0.5	1.8253248	0.03410282
0	-0.45	1.490557	0.029038232
0	-0.55	2.7493682	0.05921294
0	-0.55	2.4915643	0.05846579
0	-0.55	0.8913202	0.03958786
0	-0.5	2.62206	0.04585255
0	-0.5	2.7872808	0.056735788
0	-0.5	2.168653	0.01778029
0	-0.55	2.5658708	0.0284532
0	-0.55	2.8402698	0.04393922
0	-0.5	2.1932826	0.041533705
0	-0.45	2.0324538	0.019969514
0	-0.55	2.7321746	0.03149156
0	-0.55	2.1275115	0.08273753
0	-0.5	2.9358563	0.06567052
0	-0.55	3.1085534	0.09250037
0	-0.55	3.610459	0.067848004
0	-0.5	2.9807775	0.06039815
0	-0.55	2.4127467	0.061034802
0	-0.55	2.5352607	0.074449286
0	-0.5	1.6815284	0.046381723
0	-0.4	1.0767925	0.111580595
0	-0.5	2.0170248	0.026607718
0	-0.5	2.2414691	0.047726814
0	-0.5	1.5024288	0.027287742
0	-0.5	2.4159286	0.054250676
0	-0.5	2.4178727	0.06694529
0	-0.5	1.9647338	0.060753036
0	-0.5	2.2698402	0.042698536
0	-0.5	3.0683935	0.11129284
0	-0.55	2.6692276	0.09732333
0	-0.5	1.8554138	0.028936956
0	-0.5	2.043036	0.07569891
0	-0.5	2.322227	0.065145604
0	-0.55	1.7223927	0.025433121
0	-0.5	1.3446702	0.050637927
0	-0.5	2.1855683	0.0705882
0	-0.55	2.271634	0.0246066
0	-0.55	2.9383357	0.033845115
0	-0.5	0.9462158	0.014256881
0	-0.55	2.3664603	0.054457355
0	-0.55	2.241033	0.043695837
0	-0.55	2.6533208	0.016963616
0	-0.5	1.6407114	0.044611618
0	-0.5	1.7692835	0.028563028
0	-0.55	1.9225197	0.029383574
0	-0.45	1.7845986	0.026169004
0	-0.5	1.8079898	0.06327142
0	-0.55	2.021133	0.01877378
0	-0.55	2.8485346	0.035240393
0	-0.5	2.1441727	0.039540123
0	-0.55	2.4152577	0.03459357
0	-0.5	1.0793555	0.07417295
0	-0.6	2.7119553	0.020186797
0	-0.55	3.236177	0.083304934
0	-0.55	2.7009664	0.07344729
0	-0.5	1.593115	0.032407776
0	-0.55	2.7937922	0.041409742
0	-0.55	2.7382312	0.044133335
0	-0.55	3.01702	0.091552705
0	-0.6	2.9614272	0.04795463
0	-0.55	3.285148	0.047645755
0	-0.5	2.1875236	0.027268663
0	-0.55	3.291574	0.07661003
0	-0.5	2.0063984	0.037880123
0	-0.6	3.3184612	0.08720616
0	-0.6	3.2658417	0.06202327
0	-0.55	2.8612106	0.08976188
0	-0.55	2.7919288	0.023255091
0	-0.55	2.8423393	0.05392335
0	-0.55	3.9093144	0.087656945
0	-0.55	2.0658906	0.042346288
0	-0.6	3.4912663	0.07533366
0	-0.55	2.3760421	0.067265294
0	-0.6	2.5927684	0.0367263
0	-0.55	3.7721896	0.101112984
0	-0.55	2.0116525	0.041447945
0	-0.55	2.3302336	0.03298956
0	-0.6	2.8050923	0.03947954
0	-0.55	2.4432282	0.025438178
0	-0.55	2.8929029	0.059836756
0	-0.55	3.0440414	0.04665291
0	-0.5	2.041235	0.051312443
0	-0.6	2.7567449	0.06480923
0	-0.5	1.8490398	0.055757813
0	-0.5	0.9888504	0.026495516
0	-0.55	1.936153	0.04249525
0	-0.55	2.0559602	0.05531954
0	-0.55	2.7335231	0.067967996
0	-0.55	2.512832	0.025714073
0	-0.55	2.5956821	0.032594133
0	-0.6	2.086928	0.052470267
0	-0.6	2.244725	0.038724463
0	-0.6	2.5491493	0.036927346
0	-0.55	2.8693147	0.033058837
0	-0.6	2.6061244	0.021949686
0	-0.5	2.0778322	0.065450616
0	-0.6	2.4285197	0.043383658
0	-0.55	2.636052	0.09904871
0	-0.55	3.617025	0.09682415
0	-0.55	2.2317772	0.030152708
0	-0.55	2.692209	0.07985954
0	-0.55	3.552473	0.10481538
0	-0.55	2.4182549	0.06407612
0	-0.6	2.6021683	0.03692638
0	-0.5	1.6822784	0.06499547
0	-0.6	2.168378	0.06545273
0	-0.6	2.6892455	0.032042373
0	-0.6	2.9778197	0.025336888
0	-0.6	2.522445	0.03939341
0	-0.55	2.0027356	0.044238865
0	-0.55	3.2744503	0.07330743
0	-0.6	3.7492013	0.06033222
0	-0.6	1.9925258	0.047457293
0	-0.55	2.664896	0.043409463
0	-0.6	2.989161	0.06863722
0	-0.45	2.1352544	0.024225352
0	-0.55	2.0039666	0.033672154
0	-0.55	2.1366086	0.030192494
0	-0.6	2.0743754	0.05539202
0	-0.55	3.7379642	0.06522825
0	-0.55	2.7025344	0.043894026
0	-0.55	3.0306585	0.03977252
0	-0.55	2.3117492	0.05064264
0	-0.55	3.0062988	0.091872506
0	-0.55	2.4247396	0.07632422
0	-0.55	2.2715828	0.035546176
0	-0.6	3.09398	0.05585791
0	-0.55	2.0303934	0.07988239
0	-0.55	2.4001393	0.05056109
0	-0.6	1.8434289	0.0870546
0	-0.55	3.1933823	0.06879721
0	-0.55	2.3385806	0.0363451
0	-0.6	2.79352	0.044145722
0	-0.6	2.5031502	0.027918737
0	-0.55	2.8684413	0.082793236
0	-0.55	2.5135078	0.04557125
0	-0.55	2.4146972	0.073042005
0	-0.6	2.5583558	0.05570342
0	-0.6	2.7463984	0.029463338
0	-0.55	2.9893222	0.051255897
0	-0.55	2.6511188	0.07454587
0	-0.55	2.7025344	0.04172154
0	-0.6	2.5245998	0.07782982
0	-0.6	3.2020977	0.053869184
0	-0.55	3.7116783	0.086352475
0	-0.6	2.5731664	0.049862526
0	-0.55	2.7780843	0.031095523
0	-0.65	2.0823784	0.0451251
0	-0.6	3.522431	0.08032787
0	-0.6	2.7080147	0.03817823
0	-0.6	2.9324617	0.03804274
0	-0.55	2.8823268	0.08287458
0	-0.6	2.464933	0.04212328
0	-0.6	2.655484	0.052807745
0	-0.6	2.4004207	0.04377933
0	-0.65	2.8577363	0.038227677
0	-0.5	1.7221775	0.030137664
0	-0.55	2.8185165	0.04966003
0	-0.6	2.399165	0.027737258
0	-0.6	2.8972287	0.0318885
0	-0.55	2.8746648	0.06548056
0	-0.65	3.0162613	0.04954989
0	-0.65	2.9587111	0.041922968
0	-0.6	2.5400229	0.031188935
0	-0.6	2.7274432	0.058337547
0	-0.6	2.9258604	0.038938746
0	-0.6	3.012646	0.115737565
0	-0.6	2.7104015	0.06397444
0	-0.55	2.4840498	0.028970808
0	-0.65	3.0361419	0.051084187
0	-0.6	1.9216678	0.03203258
0	-0.6	2.7618642	0.033001564
0	-0.65	3.418035	0.047192477
0	-0.55	1.9981067	0.041777737
0	-0.6	2.367625	0.05839625
0	-0.6	2.179438	0.04285118
0	-0.65	2.7168145	0.036237463
0	-0.6	2.879775	0.06745297
0	-0.6	3.123405	0.044552222
0	-0.6	3.3693252	0.08661984
0	-0.6	2.2229555	0.026298884
0	-0.65	3.3507175	0.043560263
0	-0.65	3.367247	0.045515314
0	-0.6	2.3061345	0.028038118
0	-0.6	2.5456033	0.036119178
0	-0.65	2.6441042	0.038030043
0	-0.6	2.5771182	0.0641072
0	-0.55	1.7177063	0.053946666
0	-0.6	2.474052	0.059299674
0	-0.6	2.0828106	0.049420793
0	-0.6	3.0216293	0.05815869
0	-0.6	2.2573826	0.027693978
0	-0.55	3.326879	0.097440474
0	-0.65	2.9155834	0.022010354
0	-0.6	2.9368107	0.045135316
0	-0.6	2.6156688	0.031385742
0	-0.55	2.4117355	0.06026321
0	-0.65	3.4769585	0.0517796
0	-0.65	3.3930867	0.038443934
0	-0.55	3.1174355	0.07849067
0	-0.6	2.801661	0.04933076
0	-0.65	2.701759	0.031264454
0	-0.65	3.639202	0.06155454
0	-0.6	2.462865	0.048393093
0	-0.65	3.5627677	0.043076295
0	-0.65	3.692901	0.04750426
0	-0.65	3.7796745	0.06624407
0	-0.5	1.5548975	0.036865868
0	-0.65	3.1757667	0.0361604
0	-0.6	3.3540967	0.07055615
0	-0.6	2.5715394	0.039517302
0	-0.6	2.9811802	0.075510584
0	-0.6	3.3879783	0.0788294
0	-0.6	2.8399436	0.03598817
0	-0.6	2.6883266	0.050810505
0	-0.6	2.5253086	0.023552427
0	-0.6	3.075047	0.051324718
0	-0.65	3.0919037	0.034980953
0	-0.6	2.1445434	0.019816393
0	-0.6	2.2172186	0.1015815
0	-0.6	2.7262893	0.07403849
0	-0.6	1.8391075	0.04867474
0	-0.6	2.263621	0.038718976
0	-0.6	2.4815705	0.054844286
0	-0.6	2.3493907	0.03391191
0	-0.65	2.8002625	0.034106657
0	-0.6	3.0615025	0.019231467
0	-0.65	1.9743931	0.030829426
0	-0.6	2.3483968	0.04497291
0	-0.65	3.1087527	0.09179631
0	-0.6	3.0189238	0.06438068
0	-0.65	2.5057125	0.027829992
0	-0.65	2.6749082	0.03213859
0	-0.6	2.4640908	0.0726894
0	-0.65	3.2991805	0.044376835
0	-0.65	3.3215516	0.03034812
0	-0.6	2.926539	0.0340491
0	-0.6	2.4469712	0.051983967
0	-0.65	3.2575486	0.0890292
0	-0.65	3.455922	0.038867425
0	-0.6	2.5985653	0.028782219
0	-0.65	3.0784447	0.02830203
0	-0.7	3.3894715	0.06873871
0	-0.6	2.6364655	0.093494795
0	-0.6	2.3311284	0.046597067
0	-0.6	2.9988785	0.03838197
0	-0.6	3.0262651	0.049593728
0	-0.65	3.9637916	0.08256702
0	-0.65	3.0447297	0.04167259
0	-0.6	2.773094	0.061330877
0	-0.65	3.6217217	0.029785065
0	-0.65	2.3681657	0.03275623
0	-0.65	3.1003957	0.034383766
0	-0.7	3.1339726	0.08686771
0	-0.65	3.0167313	0.032368574
0	-0.6	3.12685	0.030508647
0	-0.7	3.4843116	0.04825102
0	-0.7	3.786279	0.060711864
0	-0.65	3.1736462	0.039595865
0	-0.65	3.481501	0.062791854
0	-0.65	2.646252	0.028012425
0	-0.65	3.204415	0.038647294
0	-0.65	2.6800969	0.028167251
0	-0.65	2.8379936	0.029938776
0	-0.55	2.9349256	0.066978514
0	-0.6	3.403464	0.09620355
0	-0.7	2.8963697	0.036252312
0	-0.65	3.409303	0.03779498
0	-0.7	3.7189713	0.080879144
0	-0.65	3.4248474	0.08594107
0	-0.6	2.3494143	0.025935128
0	-0.65	2.95914	0.090751894
0	-0.65	3.4022954	0.05939247
0	-0.65	3.1335967	0.05325603
0	-0.7	3.6107621	0.047677163
0	-0.65	2.9735265	0.05753528
0	-0.65	2.8699126	0.029288722
0	-0.6	3.1788177	0.021899218
0	-0.7	3.2590346	0.049144328
0	-0.7	3.166797	0.020220248
0	-0.6	2.9732149	0.030716851
0	-0.65	3.931347	0.049625076
0	-0.65	3.5853603	0.078379326
0	-0.7	3.7295203	0.013342095
0	-0.65	2.6717103	0.060667727
0	-0.65	3.5249581	0.08997593
0	-0.7	3.4312873	0.032435264
0	-0.7	3.434684	0.07215597
0	-0.7	2.9128447	0.026606718
0	-0.65	2.893291	0.022905296
0	-0.6	2.7698607	0.027841497
0	-0.7	2.9131074	0.115115955
0	-0.7	4.320193	0.074034706
0	-0.65	2.8606062	0.021057865
0	-0.65	4.308444	0.0656994
0	-0.7	3.19256	0.0264164
0	-0.7	3.7220674	0.041517332
0	-0.65	3.7546456	0.10205476
0	-0.65	4.0445747	0.0809302
0	-0.65	2.967524	0.043587945
0	-0.65	3.8288484	0.059626095
0	-0.7	3.3522544	0.03128958
0	-0.6	2.423366	0.03484809
0	-0.65	3.6630197	0.07980486
0	-0.55	2.1151757	0.0670011
0	-0.7	3.3574634	0.04158898
0	-0.65	3.1549792	0.03087738
0	-0.65	2.6216862	0.036885858
0	-0.65	2.6865907	0.037842583
0	-0.65	3.0771048	0.028836573
0	-0.6	2.8567877	0.05539736
0	-0.65	3.0196433	0.034766816
0	-0.65	2.8627827	0.014658912
0	-0.7	3.2522855	0.052468028
0	-0.65	3.036307	0.043694414
0	-0.7	3.1022978	0.04972113
0	-0.65	4.2010064	0.048719812
0	-0.65	3.3291068	0.04809768
0	-0.65	2.6788213	0.029467661
0	-0.65	3.6045704	0.043676388
0	-0.65	2.497665	0.058744326
0	-0.7	3.9216475	0.055811554
0	-0.65	3.7122219	0.08558535
0	-0.7	3.7612739	0.03840442
0	-0.7	3.3698566	0.06248089
0	-0.65	3.4915967	0.06844167
0	-0.65	2.598267	0.02402018
0	-0.65	2.7276053	0.024693273
0	-0.7	2.7940605	0.030005043
0	-0.7	3.4332848	0.036261737
0	-0.65	3.3038611	0.032313284
0	-0.7	3.2885735	0.046779733
0	-0.65	3.2171707	0.033249024
0	-0.65	3.8668246	0.044816583
0	-0.65	3.5111744	0.08133056
0	-0.7	2.114403	0.022268811
0	-0.7	3.725914	0.058040403
0	-0.65	3.8285408	0.056683373
0	-0.7	3.2840607	0.045574397
0	-0.65	3.3847451	0.0277811
0	-0.7	4.22214	0.047160536
0	-0.65	3.3078659	0.033249743
0	-0.75	4.15158	0.11032537
0	-0.7	3.0051477	0.050798114
0	-0.65	2.8426309	0.038235925
0	-0.65	3.6614234	0.06519893
0	-0.7	2.8198478	0.036549803
0	-0.65	3.0534904	0.028890628
0	-0.7	3.268638	0.08995029
0	-0.7	2.5083938	0.06743212
0	-0.7	2.6718822	0.020602904
0	-0.75	4.119869	0.07043099
0	-0.7	2.2628124	0.060555693
0	-0.65	3.2307403	0.08334599
0	-0.65	3.484246	0.053924233
0	-0.75	4.0721045	0.03400685
0	-0.65	3.3591766	0.033840176
0	-0.75	3.7716312	0.048400074
0	-0.7	3.4395652	0.032734327
0	-0.7	3.2448165	0.03319922
0	-0.7	2.7254043	0.01793655
0	-0.7	3.9415634	0.033631377
0	-0.75	3.6152854	0.034577455
0	-0.7	3.2753048	0.049560804
0	-0.75	4.1906075	0.075940475
0	-0.7	3.361618	0.064813256
0	-0.7	3.5303512	0.03521717
0	-0.65	3.1904685	0.030814862
0	-0.7	2.729773	0.025808232
0	-0.7	3.5685477	0.043518208
0	-0.75	2.6439264	0.031742156
0	-0.75	3.3105774	0.031180354
0	-0.7	3.4043193	0.088632345
0	-0.75	4.0612288	0.06490184
0	-0.7	3.8454766	0.049616534
0	-0.7	3.4053352	0.038941998
0	-0.65	3.6182747	0.035241038
0	-0.7	3.1851726	0.05968839
0	-0.7	3.5123353	0.042655673
0	-0.65	3.0162957	0.032234233
0	-0.6	3.0533335	0.061968867
0	-0.7	3.07086	0.047202714
0	-0.75	2.981895	0.017089842
0	-0.7	3.5437298	0.08517022
0	-0.75	3.4549356	0.040258523
0	-0.75	3.6919727	0.040768057
0	-0.75	3.4423447	0.043384347
0	-0.65	3.4616115	0.078797
0	-0.65	3.1873343	0.038348015
0	-0.75	3.703844	0.038523953
0	-0.7	3.3730998	0.033520076
0	-0.75	3.1046028	0.060501523
0	-0.7	3.4173355	0.042863104
0	-0.75	3.5361466	0.04334886
0	-0.7	3.892302	0.045744624
0	-0.75	3.8758578	0.04321397
0	-0.7	4.192839	0.066227
0	-0.6	2.3226979	0.041789956
0	-0.65	3.6288192	0.049836688
0	-0.7	2.278751	0.037591573
0	-0.7	3.4000084	0.03094179
0	-0.7	3.595279	0.02615626
0	-0.75	4.2389135	0.05955653
0	-0.75	3.3490167	0.044302873
0	-0.7	3.469728	0.08694927
0	-0.7	3.3195877	0.069246076
0	-0.7	3.8003616	0.027312359
0	-0.7	3.0634046	0.038481947
0	-0.75	3.373375	0.041246958
0	-0.7	2.7013736	0.039426666
0	-0.7	3.562654	0.03455314
0	-0.7	3.1260068	0.038537428
0	-0.7	3.7263007	0.052060336
0	-0.7	3.9481645	0.046511084
0	-0.7	3.444863	0.03243347
0	-0.7	3.3972778	0.04998481
0	-0.7	3.3733208	0.01336938
0	-0.75	3.8645692	0.06697646
0	-0.75	3.5944867	0.02798605
0	-0.75	4.0258627	0.063277535
0	-0.7	3.3808525	0.021053348
0	-0.7	3.3219	0.022572389
0	-0.75	4.0437813	0.06580553
0	-0.7	3.4793084	0.075566866
0	-0.75	3.7711868	0.061357904
0	-0.65	3.5122876	0.124493144
0	-0.7	3.6403198	0.08704193
0	-0.75	3.673436	0.053551488
0	-0.7	3.442115	0.035776652
0	-0.75	3.6761582	0.045960918
0	-0.75	3.532949	0.04238081
0	-0.75	3.5914032	0.08445372
0	-0.75	3.9475853	0.05185413
0	-0.7	3.4455132	0.04538188
0	-0.7	2.7250638	0.061944127
0	-0.7	3.7371757	0.06995489
0	-0.8	4.0395656	0.027682414
0	-0.7	3.8304603	0.10783192
0	-0.75	3.8215954	0.035598364
0	-0.75	3.5515475	0.032351803
0	-0.7	4.145659	0.054287884
0	-0.7	2.9545848	0.06561279
0	-0.7	3.8942275	0.032435775
0	-0.75	4.2900167	0.07831783
0	-0.7	3.0256226	0.033066668
0	-0.75	4.5490317	0.05934037
0	-0.75	3.8089356	0.036333572
0	-0.7	3.3587365	0.025764674
0	-0.75	3.1864357	0.04239138
0	-0.8	3.8732352	0.041804884
0	-0.7	2.9813876	0.02922066
0	-0.75	3.6361287	0.049926113
0	-0.7	3.8478637	0.04748796
0	-0.7	3.3796487	0.05226409
0	-0.8	4.1820564	0.103673555
0	-0.8	4.613635	0.08376665
0	-0.75	3.5581326	0.03706744
0	-0.75	4.3268366	0.06433604
0	-0.75	3.323011	0.045263074
0	-0.75	3.8603833	0.09157524
0	-0.8	4.1043677	0.052571043
0	-0.7	2.765349	0.048797686
0	-0.75	4.074506	0.046861704
0	-0.8	3.597179	0.027680952
0	-0.75	3.8091927	0.031524066
0	-0.7	2.614612	0.06452502
0	-0.7	3.1025887	0.023107266
0	-0.8	4.2787967	0.06799675
0	-0.75	3.290156	0.048337102
0	-0.75	3.6762817	0.062091623
0	-0.8	4.2576866	0.05197919
0	-0.8	4.2893763	0.09990969
0	-0.75	3.1579518	0.014931938
0	-0.75	3.7437675	0.069062814
0	-0.7	3.5250778	0.046270568
0	-0.75	3.9372697	0.03802129
0	-0.75	3.2652874	0.027215064
0	-0.75	3.1182225	0.040564444
0	-0.8	3.4291224	0.046928044
0	-0.8	3.3683426	0.04067746
0	-0.8	4.102079	0.07500931
0	-0.75	3.32164	0.030214557
0	-0.75	4.39234	0.081161454
0	-0.8	3.8474236	0.049733102
0	-0.7	3.2401702	0.029394396
0	-0.8	4.05416	0.03814193
0	-0.75	4.0056133	0.05513472
0	-0.8	4.0566163	0.07221861
0	-0.8	3.9661064	0.024554096
0	-0.75	3.554419	0.03493124
0	-0.7	3.6800895	0.04784788
0	-0.65	3.674715	0.050360028
0	-0.75	3.639309	0.040437367
0	-0.75	2.8498192	0.073206976
0	-0.65	2.9974027	0.027582914
0	-0.8	3.7494957	0.042159833
0	-0.75	3.7979903	0.03837391
0	-0.75	3.6796622	0.08002636
0	-0.7	2.9113488	0.07096252
0	-0.7	3.3744907	0.05266201
0	-0.75	3.2392128	0.037904996
0	-0.75	3.7313209	0.030496849
0	-0.75	3.777125	0.039906036
0	-0.8	3.5065506	0.041707087
0	-0.75	3.8731701	0.05416172
0	-0.75	3.5804253	0.04452577
0	-0.75	4.3803053	0.0536429
0	-0.75	3.599135	0.05274747
0	-0.8	4.100959	0.04167833
0	-0.75	3.4831345	0.037518635
0	-0.75	3.0948157	0.0278715
0	-0.8	4.0054	0.059035696
0	-0.8	3.667357	0.04796718
0	-0.75	3.9877777	0.051975798
0	-0.8	3.5723987	0.07204193
0	-0.75	4.156256	0.07147265
0	-0.8	4.260865	0.05337644
0	-0.75	3.5054772	0.064019
0	-0.8	3.921432	0.051492885
0	-0.8	3.9928951	0.08810846
0	-0.75	3.926496	0.071646184
0	-0.75	3.8559844	0.04286094
0	-0.75	3.7760754	0.050541915
0	-0.75	3.4992168	0.043303642
0	-0.75	3.1988816	0.040807944
0	-0.8	4.1679807	0.06291936
0	-0.8	3.8228328	0.039239425
0	-0.75	3.6588905	0.05816896
0	-0.8	4.1138062	0.050789226
0	-0.8	4.0929894	0.046597775
0	-0.75	4.0596175	0.04158291
0	-0.85	4.160505	0.034506388
0	-0.75	4.5640707	0.054652896
0	-0.8	4.219392	0.056412242
0	-0.75	3.342507	0.022252163
0	-0.7	3.338204	0.036663353
0	-0.75	3.5182743	0.046054482
0	-0.8	3.5751767	0.01635946
0	-0.8	4.623494	0.10764687
0	-0.75	3.5320396	0.039222445
0	-0.8	3.9820313	0.030839803
0	-0.8	4.3195205	0.063168615
0	-0.85	4.4389596	0.06072235
0	-0.8	4.019545	0.050730217
0	-0.75	3.5700386	0.06023661
0	-0.75	3.8523471	0.039454322
0	-0.8	4.544055	0.08354159
0	-0.85	4.616517	0.05896408
0	-0.75	3.6317985	0.06681962
0	-0.75	3.438685	0.03950636
0	-0.8	4.118634	0.07079588
0	-0.75	3.3857586	0.018519025
0	-0.85	4.1174827	0.07070156
0	-0.8	3.4488144	0.044474
0	-0.8	4.1884747	0.06684376
0	-0.8	2.950491	0.043649282
0	-0.75	4.1285133	0.068916455
0	-0.75	3.3275146	0.049451873
0	-0.8	4.23055	0.06464538
0	-0.85	5.077783	0.08441121
0	-0.8	3.9474518	0.04321704
0	-0.85	4.427098	0.033708245
0	-0.75	3.7786994	0.04729712
0	-0.8	4.549573	0.067712896
0	-0.75	4.1784067	0.051674593
0	-0.85	4.130231	0.07537012
0	-0.8	3.7931676	0.049073745
0	-0.85	4.587499	0.07561704
0	-0.8	3.2485492	0.041744027
0	-0.85	3.769931	0.04110717
0	-0.8	3.609797	0.064543165
0	-0.8	3.7397246	0.042353783
0	-0.8	3.1815932	0.027709482
0	-0.75	3.465673	0.039521232
0	-0.75	4.0843287	0.037824772
0	-0.8	3.8998437	0.046261784
0	-0.8	3.576302	0.02701038
0	-0.85	4.141308	0.038710617
0	-0.85	4.300743	0.06771038
0	-0.85	4.1735916	0.061333627
0	-0.8	3.9510345	0.04168061
0	-0.85	4.5674887	0.07261042
0	-0.75	3.3506896	0.026085908
0	-0.75	3.7070026	0.074369416
0	-0.85	4.1929755	0.06452336
0	-0.85	4.26782	0.04035116
0	-0.85	4.1153975	0.05927471
0	-0.8	4.419793	0.04667608
0	-0.8	3.6750298	0.043525815
0	-0.8	4.0300455	0.037225205
0	-0.7	3.6180012	0.051540196
0	-0.8	3.9692435	0.03527768
0	-0.85	4.797599	0.086019486
0	-0.8	4.4903626	0.052116316
0	-0.8	3.2857633	0.05525497
0	-0.8	4.009164	0.06457081
0	-0.8	4.979432	0.0855987
0	-0.75	3.419396	0.05033966
0	-0.8	3.8001907	0.063169934
0	-0.8	3.8863137	0.08170233
0	-0.85	4.397363	0.04376283
0	-0.8	3.612449	0.04322402
0	-0.85	4.4047174	0.09266476
0	-0.85	5.262465	0.07748066
0	-0.8	3.8451145	0.050935816
0	-0.85	4.232708	0.073521905
0	-0.8	3.7169366	0.040365092
0	-0.8	4.1109343	0.10122472
0	-0.8	4.3620315	0.07899405
0	-0.75	3.854423	0.042729657
0	-0.7	3.3584106	0.037236806
0	-0.8	4.2141747	0.071891166
0	-0.85	4.286439	0.067818016
0	-0.75	3.7600045	0.051864255
0	-0.85	4.2011175	0.044174057
0	-0.8	3.7505212	0.04431371
0	-0.8	3.681994	0.06634518
0	-0.8	4.201289	0.095334366
0	-0.85	4.1597204	0.038757563
0	-0.85	4.648381	0.055716593
0	-0.85	3.688422	0.023803787
0	-0.85	4.8785543	0.11190635
0	-0.9	4.4230638	0.08476631
0	-0.8	4.119443	0.034339588
0	-0.8	4.517176	0.07837913
0	-0.85	3.9072678	0.06390724
0	-0.8	3.6839478	0.04916624
0	-0.8	3.7339103	0.043285873
0	-0.8	3.351994	0.021800868
0	-0.85	4.3197827	0.0563001
0	-0.85	5.001877	0.04498599
0	-0.85	4.089873	0.031872887
0	-0.8	3.87655	0.04367795
0	-0.8	3.1694732	0.053149328
0	-0.85	4.0312996	0.029038465
0	-0.8	4.1507225	0.048606757
0	-0.8	4.0561156	0.03004464
0	-0.9	4.5253515	0.04590753
0	-0.8	4.07598	0.052470036
0	-0.85	3.6896033	0.020343492
0	-0.85	3.9592788	0.047090456
0	-0.8	3.5131276	0.08195961
0	-0.9	4.851198	0.065417096
0	-0.9	4.5061545	0.095149405
0	-0.8	4.7216544	0.09122274
0	-0.8	3.3882241	0.028726758
0	-0.85	3.6895778	0.03117315
0	-0.85	4.7271953	0.04868554
0	-0.85	4.680396	0.065320306
0	-0.75	2.8395133	0.050595153
0	-0.85	3.798289	0.093417145
0	-0.8	4.604865	0.08529449
0	-0.85	4.2585382	0.047275476
0	-0.9	4.8152013	0.09043488
0	-0.85	4.491404	0.065568514
0	-0.9	4.505577	0.05350832
0	-0.8	4.1614957	0.07670224
0	-0.85	4.553912	0.051334355
0	-0.8	3.7451072	0.055229794
0	-0.85	4.428212	0.053081516
0	-0.9	5.577571	0.08708618
0	-0.8	4.3413954	0.09328939
0	-0.8	4.2808332	0.0548506
0	-0.9	4.5271077	0.055853922
0	-0.8	3.8229752	0.049937494
0	-0.85	3.634852	0.034565143
0	-0.85	4.7879043	0.056297816
0	-0.9	4.5870323	0.05030234
0	-0.85	4.1395893	0.036200497
0	-0.85	4.155713	0.038795833
0	-0.8	4.2555647	0.041275423
0	-0.85	4.275299	0.03529912
0	-0.85	4.263768	0.0600471
0	-0.85	4.634389	0.07443812
0	-0.9	4.9403133	0.033736292
0	-0.9	5.013769	0.074137576
0	-0.9	4.911185	0.057471793
0	-0.8	4.0201173	0.04355703
0	-0.9	4.5844297	0.047739927
0	-0.85	4.2393975	0.07270175
0	-0.8	3.8975425	0.048033766
0	-0.9	4.482646	0.053585004
0	-0.9	5.3443675	0.06999738
0	-0.9	4.8387127	0.10066204
0	-0.85	4.0710053	0.044227242
0	-0.8	4.021966	0.03538925
0	-0.85	4.337905	0.08078169
0	-0.85	4.9388137	0.07018531
0	-0.75	3.5050979	0.028857559
0	-0.9	5.6810694	0.095142305
0	-0.85	4.664113	0.048313223
0	-0.85	3.8949838	0.05098053
0	-0.85	3.8967834	0.047361687
0	-0.8	3.7605424	0.06511486
0	-0.85	4.2717814	0.061750203
0	-0.85	4.468526	0.06714981
0	-0.8	4.4099607	0.08963662
0	-0.9	4.6600447	0.051378306
0	-0.85	4.5112867	0.05391625
0	-0.9	4.3702226	0.049201142
0	-0.9	4.2314563	0.039835148
0	-0.9	4.908124	0.049673364
0	-0.85	4.139271	0.05717143
0	-0.85	4.3713655	0.030651003
0	-0.85	4.9370475	0.075393535
0	-0.85	4.318624	0.03220129
0	-0.9	4.5307117	0.031160736
0	-0.8	3.3692226	0.066721134
0	-0.85	4.3343396	0.043366436
0	-0.85	4.5777802	0.050733827
0	-0.85	4.4542484	0.06357249
0	-0.9	4.9577303	0.08611415
0	-0.85	4.3295884	0.06801866
0	-0.85	3.7345593	0.0390938
0	-0.9	4.004043	0.048167303
0	-0.9	4.674145	0.089256495
0	-0.9	5.0696707	0.100137085
0	-0.95	5.0460463	0.050142247
0	-0.75	3.727023	0.046869732
0	-0.9	4.3679824	0.051469073
0	-0.85	3.848803	0.045315508
0	-0.8	4.0754824	0.060518954
0	-0.85	4.2316656	0.048199456
0	-0.9	4.3785486	0.032521725
0	-0.9	4.784968	0.073060945
0	-0.85	4.7437263	0.047290657
0	-0.85	4.2339106	0.049517386
0	-0.9	3.963272	0.045812838
0	-0.95	5.1406107	0.08967329
0	-0.85	4.236537	0.04481034
0	-0.9	4.358859	0.07175677
0	-0.9	4.7501283	0.058337584
0	-0.9	4.994713	0.052799985
0	-0.9	4.6628394	0.10535231
0	-0.85	3.7552273	0.027189031
0	-0.95	4.899351	0.054778595
0	-0.95	4.7572637	0.047441375
0	-0.85	3.5482612	0.032782078
0	-0.85	3.813572	0.05717912
0	-0.85	3.766372	0.04770477
0	-0.85	3.391091	0.019400662
0	-0.9	5.2420797	0.1060929
0	-0.9	4.376286	0.026227009
0	-0.85	4.0779176	0.032883674
0	-0.9	4.481742	0.08696465
0	-0.85	4.186526	0.015258061
0	-0.9	5.0292807	0.05268519
0	-0.85	4.139827	0.049665153
0	-0.85	3.5069504	0.035890404
0	-0.95	5.007762	0.051893983
0	-0.9	4.79799	0.07242173
0	-0.9	4.663108	0.09364581
0	-0.95	5.072213	0.07858665
0	-0.95	5.001188	0.06710431
0	-0.9	4.2189956	0.0369155
0	-0.9	4.12463	0.039523628
0	-0.95	4.568612	0.04373454
0	-0.8	3.476422	0.047146857
0	-0.85	3.8480034	0.042130668
0	-0.85	4.2043886	0.04960426
0	-0.95	4.4475455	0.040707357
0	-0.9	4.511449	0.05052215
0	-0.9	4.7924294	0.096130244
0	-0.9	4.929967	0.07090789
0	-0.9	5.1207685	0.076416016
0	-0.85	4.061629	0.040709116
0	-0.9	4.664019	0.034634855
0	-0.9	4.3453293	0.05690218
0	-0.9	4.860154	0.044787016
0	-0.95	4.5368233	0.05302951
0	-0.85	4.809027	0.07244941
0	-0.9	4.257076	0.04211331
0	-0.85	4.443145	0.060448594
0	-0.95	5.14967	0.061890405
0	-0.95	4.634181	0.075038016
0	-0.95	5.344424	0.061041
0	-0.9	4.729734	0.068529285
0	-0.85	4.1396084	0.058070734
0	-0.95	5.5488653	0.0685693
0	-0.85	4.1676984	0.06309819
0	-0.85	3.9433143	0.024166182
0	-0.95	5.304187	0.08798933
0	-0.95	4.638434	0.04832408
0	-0.9	4.756423	0.08888206
0	-0.9	4.113946	0.051634654
0	-0.9	4.835748	0.059014875
0	-0.85	4.051493	0.06762898
0	-0.9	4.910333	0.06157297
0	-0.8	3.4824493	0.02694336
0	-0.9	5.0173407	0.07007298
0	-0.9	4.5169883	0.06384537
0	-0.9	4.0835505	0.02141391
0	-0.95	5.0316234	0.0643595
0	-0.95	4.4990516	0.022235047
0	-0.95	5.0015054	0.08273478
0	-0.95	4.8100233	0.057713073
0	-0.9	4.66007	0.06542166
0	-0.9	4.2651267	0.044195592
0	-0.85	4.3862705	0.046152856
0	-0.95	4.393731	0.053843886
0	-0.95	5.119297	0.08980061
0	-0.85	4.344149	0.049036622
0	-0.9	4.928427	0.054719534
0	-0.9	4.813414	0.08050698
0	-0.9	5.0109334	0.06684295
0	-0.9	4.201154	0.05401425
0	-0.85	4.510402	0.05842283
0	-0.9	4.475625	0.033822026
0	-0.95	5.013616	0.078636736
0	-0.9	5.020238	0.03710035
0	-0.85	3.7930603	0.048920203
0	-0.95	4.5605674	0.07824638
0	-0.9	4.938182	0.08567293
0	-0.95	5.4652514	0.06673703
0	-0.95	4.967513	0.10423835
0	-1.0	6.0401278	0.08194875
0	-0.95	4.6178775	0.072694354
0	-0.95	4.6099296	0.031879585
0	-0.9	4.6577063	0.08735134
0	-0.9	4.649764	0.031897344
0	-0.9	4.538018	0.07202904
0	-0.95	4.423341	0.035735812
0	-0.9	4.6016374	0.06277297
0	-0.95	4.485711	0.054854035
0	-1.0	5.2469068	0.051118687
0	-0.9	4.906261	0.07873536
0	-0.95	4.991511	0.098908946
0	-0.95	4.843014	0.07671955
0	-0.9	4.5927663	0.080489926
0	-0.8	3.7330132	0.038394794
0	-1.0	5.329179	0.0611079
0	-0.95	5.696394	0.10389857
0	-1.0	5.9598236	0.097958304
0	-0.85	4.642195	0.0524646
0	-0.9	4.27702	0.05344892
0	-0.95	5.294184	0.08495881
0	-0.9	4.531358	0.046664454
0	-0.9	4.0099397	0.04506466
0	-0.95	4.877688	0.068552494
0	-0.95	5.2052546	0.08333427
0	-0.9	5.2047243	0.08413118
0	-0.95	4.5912285	0.06878508
0	-1.0	5.0938153	0.03400664
0	-0.9	4.711653	0.07946025
0	-1.0	5.2061777	0.031242456
0	-0.95	4.887613	0.08469101
0	-0.95	4.9645605	0.07873086
0	-0.9	4.773452	0.062719464
0	-0.9	4.627792	0.0264521
0	-0.9	4.9142175	0.059211664
0	-1.0	5.9876547	0.06722077
0	-0.9	4.6244936	0.06499452
0	-0.95	6.0162106	0.1066164
0	-1.0	5.490433	0.077056296
0	-0.95	4.929765	0.052604638
0	-0.9	5.08438	0.05965211
0	-0.9	4.7989507	0.11672678
0	-0.95	4.8936415	0.033007924
0	-1.0	5.115966	0.052053925
0	-0.95	5.141044	0.05357586
0	-0.95	4.769562	0.035009798
0	-0.95	4.7294593	0.047334585
0	-0.9	5.089209	0.089075856
0	-1.0	5.2114167	0.07641292
0	-0.95	4.699909	0.07143485
0	-0.95	4.2935953	0.049467318
0	-0.95	5.053523	0.06842134
0	-1.0	5.4119787	0.062962495
0	-0.9	4.6861663	0.07512527
0	-1.0	5.580443	0.06710669
0	-1.0	5.9176674	0.08430333
0	-0.95	4.877719	0.02568045
0	-0.95	4.118495	0.024259847
0	-0.9	4.293032	0.04442999
0	-0.85	4.635156	0.037518717
0	-1.0	5.3277564	0.04675859
0	-1.0	5.546811	0.081221946
0	-0.95	4.6138124	0.07051483
0	-0.95	4.089663	0.04333709
0	-0.95	4.868951	0.038818795
0	-0.95	4.950406	0.056734834
0	-0.9	5.252879	0.06868209
0	-0.9	4.321887	0.03421554
0	-0.95	4.386547	0.033426277
0	-0.9	4.1108537	0.030799434
0	-0.9	4.1331415	0.06340013
0	-0.85	4.3671203	0.0935824
0	-0.95	4.3774805	0.038256373
0	-1.0	5.5327783	0.03822024
0	-0.95	4.949744	0.0541399
0	-1.0	5.0770197	0.06150641
0	-0.95	4.9989614	0.057208717
0	-1.0	4.2681923	0.03621366
0	-1.0	5.0780973	0.04961554
0	-0.95	4.5981293	0.05387799
0	-0.95	4.8142943	0.07861741
0	-1.0	5.423438	0.05959295
0	-1.0	5.026599	0.026382986
0	-0.95	5.0554876	0.059779134
0	-0.9	4.444374	0.04873525
0	-0.95	4.7614875	0.04263977
0	-0.95	4.4064612	0.04201309
0	-0.95	5.10193	0.079942524
0	-0.95	4.770659	0.06450872
0	-0.9	4.9577622	0.05779029
0	-0.9	4.586959	0.026929608
0	-1.0	4.907796	0.08994513
0	-0.95	4.975671	0.080337115
0	-1.0	5.2754965	0.027933681
0	-0.95	4.6986885	0.074785985
0	-1.0	5.848902	0.08040312
0	-0.9	4.8244476	0.047409985
0	-1.05	5.4396577	0.06256597
0	-1.0	5.318202	0.10065612
0	-1.0	5.7513504	0.09644001
0	-1.0	5.845407	0.06637665
0	-1.0	5.3523636	0.09840013
0	-0.95	4.7257743	0.06705655
0	-0.95	4.2622046	0.021386521
0	-0.9	4.082231	0.029677954
0	-1.0	5.845916	0.058908
0	-1.05	5.215533	0.085912645
0	-1.0	5.5983973	0.079249874
0	-0.95	4.636373	0.049789235
0	-1.0	5.9712777	0.10408787
0	-0.95	4.660021	0.08681262
0	-1.05	5.374265	0.04717141
0	-1.05	5.5224624	0.04724
0	-1.0	5.389589	0.07547474
0	-0.95	4.77488	0.07685477
0	-0.95	4.850038	0.08018641
0	-1.0	5.237237	0.07715323
0	-0.95	4.6270146	0.063289486
0	-0.95	5.1520214	0.058292057
0	-1.0	4.6866465	0.056750506
0	-1.0	6.1057005	0.08278549
0	-0.95	4.867078	0.06789896
0	-1.05	5.6145163	0.067021444
0	-0.85	4.5040803	0.04459145
0	-1.05	5.7838306	0.07461832
0	-1.0	5.394985	0.018307636
0	-1.0	4.7070365	0.018728023
0	-0.9	4.3499618	0.074072905
0	-1.05	5.5150642	0.07040294
0	-0.95	4.7498016	0.05121742
0	-1.05	5.2131567	0.040898994
0	-1.0	5.188881	0.07350655
0	-1.0	4.8483796	0.04108232
0	-1.05	6.0180125	0.079336286
0	-0.95	4.613264	0.05169344
0	-1.0	5.047058	0.061417196
0	-0.95	4.479399	0.062334497
0	-1.0	5.4613633	0.023176057
0	-1.0	5.7317	0.082253076
0	-1.0	5.28081	0.061864927
0	-1.05	5.6313562	0.088652104
0	-0.95	5.2664776	0.10491493
0	-0.95	5.019499	0.108203806
0	-0.95	4.439222	0.036025766
0	-1.0	5.291644	0.07945785
0	-1.05	5.703888	0.045676485
0	-0.95	5.378738	0.050387334
0	-1.0	5.9003305	0.08806108
0	-1.0	5.045127	0.032555256
0	-1.0	4.445561	0.041149396
0	-0.95	4.556668	0.06931672
0	-0.95	5.3631415	0.07211094
0	-1.05	5.7483892	0.11159891
0	-1.05	5.5970187	0.074887715
0	-1.0	4.7609854	0.07198307
0	-1.05	5.914948	0.09905645
0	-0.95	4.737836	0.06878903
0	-1.05	5.9325657	0.0897981
0	-1.05	5.192588	0.09530522
0	-1.0	5.4670453	0.07311253
0	-1.0	5.7356925	0.062547326
0	-1.0	5.0926924	0.049393617
0	-1.0	5.861952	0.08374342
0	-0.95	4.739122	0.07454506
0	-1.0	5.1590385	0.05779897
0	-1.05	6.116315	0.06984895
0	-1.05	5.17239	0.07319602
0	-1.0	5.421109	0.062010612
0	-0.9	4.7386236	0.0537715
0	-0.9	4.9644547	0.10347361
0	-1.0	4.846395	0.062008195
0	-1.05	5.159683	0.055704374
0	-1.0	5.3473177	0.06303542
0	-1.0	5.798458	0.056396566
0	-1.05	5.6342325	0.07752538
0	-1.0	5.5638905	0.03696174
0	-1.05	5.173861	0.046050478
0	-1.05	6.1222177	0.089969866
0	-1.0	5.6761184	0.07293248
0	-1.0	6.0226116	0.075147554
0	-1.0	5.916256	0.0950299
0	-0.95	4.9350047	0.053592846
0	-0.95	4.276194	0.025396401
0	-0.95	4.8544717	0.043296874
0	-1.0	4.373609	0.029497238
0	-1.0	4.613436	0.07170621
0	-0.95	4.46994	0.04930561
0	-1.0	5.3520446	0.08099129
0	-0.95	4.780286	0.06854912
0	-1.05	5.9728537	0.076016754
0	-0.95	4.78512	0.057538874
0	-1.0	5.7423644	0.074020304
0	-1.05	5.5572186	0.08264172
0	-1.0	5.323678	0.07894612
0	-1.1	5.995924	0.08186906
0	-1.05	6.1383123	0.07794916
0	-1.05	5.512205	0.076383874
0	-1.05	6.2504244	0.11677119
0	-1.05	5.768069	0.055279184
0	-1.05	6.007615	0.07354389
0	-1.0	5.3733926	0.05902496
0	-0.95	5.4102983	0.09015673
0	-1.0	6.089831	0.07955112
0	-1.05	6.016555	0.11790614
0	-1.1	5.7976193	0.10947721
0	-1.05	5.3740826	0.06635161
0	-1.05	5.425003	0.07581188
0	-0.95	4.8598714	0.074253
0	-1.0	5.7511125	0.09718701
0	-1.0	5.4331107	0.06258232
0	-1.1	5.8355904	0.06350944
0	-1.1	6.0855536	0.07616842
0	-1.05	5.3104296	0.08417099
0	-1.0	5.3173633	0.06784889
0	-1.05	5.4705076	0.06947122
0	-1.0	6.0813346	0.055820435
0	-1.05	5.6182275	0.068014696
0	-0.95	5.1101584	0.084040985
0	-1.05	5.0967546	0.05151712
0	-1.1	6.0920534	0.094036184
0	-1.0	5.643539	0.08822153
0	-1.1	5.729616	0.047193255
0	-1.05	5.0633683	0.038703106
0	-1.05	6.0189695	0.039467882
0	-1.0	6.085407	0.100514345
0	-1.0	5.5122213	0.070503
0	-1.1	6.382856	0.04494843
0	-1.1	5.861388	0.08067525
0	-1.05	6.275035	0.106067605
0	-1.1	5.597007	0.06747791
0	-1.05	5.713149	0.097352535
0	-1.0	4.6796455	0.023690814
0	-1.05	5.9639635	0.063473
0	-1.05	5.6236224	0.05083827
0	-1.1	5.711603	0.08086739
0	-1.05	5.88908	0.07680176
0	-1.1	5.747052	0.04667557
0	-0.9	4.4941435	0.09898807
0	-1.05	5.4659147	0.06990377
0	-1.0	5.6347723	0.07734712
0	-1.0	5.215464	0.03985914
0	-1.05	5.3390093	0.070202306
0	-1.05	5.7070274	0.068365335
0	-0.95	5.0789633	0.04783749
0	-1.1	5.8442435	0.07414825
0	-1.1	6.082995	0.11531735
0	-1.05	5.7258844	0.07413688
0	-1.0	5.7740645	0.08877279
0	-1.1	6.46616	0.06782876
0	-1.05	5.9171414	0.05095509
0	-1.0	5.1928287	0.0554353
0	-1.1	6.117517	0.08735436
0	-1.1	6.366086	0.06493965
0	-1.0	5.957796	0.06043116
0	-1.05	5.5115304	0.06172218
0	-1.0	5.455054	0.06374424
0	-1.0	5.454718	0.06406842
0	-1.05	5.49601	0.07777986
0	-1.0	5.2478337	0.05277513
0	-1.05	6.2360725	0.09079792
0	-1.05	5.338168	0.090690754
0	-1.05	5.520401	0.082024045
0	-1.1	5.553163	0.07711519
0	-1.1	6.195273	0.08180471
0	-1.05	5.010356	0.05793021
0	-1.0	5.593417	0.067028746
0	-1.05	5.571172	0.08779978
0	-1.1	5.9530535	0.076150596
0	-0.95	4.7399344	0.036692027
0	-1.05	5.1265917	0.03514966
0	-1.1	5.9169564	0.061756577
0	-1.1	6.257167	0.08772921
0	-1.05	4.9684353	0.057963874
0	-1.05	6.237493	0.10046841
0	-1.1	6.0373473	0.12411831
0	-1.05	5.4855127	0.05864722
0	-1.05	5.841544	0.10129072
0	-1.0	5.6597166	0.06345319
0	-0.95	4.5816984	0.07548289
0	-1.0	5.334251	0.09598074
0	-1.05	4.843573	0.02433217
0	-1.05	5.7988443	0.10385719
0	-1.05	6.073382	0.07472235
0	-1.1	6.15656	0.074521415
0	-1.05	5.425737	0.07359512
0	-1.1	6.1831036	0.057770777
0	-1.05	5.698555	0.07926938
0	-1.05	6.04763	0.07622129
0	-1.0	4.7217827	0.07506283
0	-1.15	6.2587605	0.083818436
0	-1.1	6.0141625	0.08354948
0	-1.1	6.2359676	0.08784437
0	-1.05	5.5498934	0.058291934
0	-1.0	5.1021414	0.054239675
0	-1.0	5.2594466	0.050774917
0	-1.1	5.553321	0.06004989
0	-1.1	6.2797227	0.09602839
0	-1.0	6.3579397	0.065423146
0	-1.05	5.1635327	0.0840231
0	-1.1	5.690781	0.08130489
0	-1.0	5.823823	0.10205796
0	-1.1	5.6825666	0.0664461
0	-1.1	5.9793944	0.062168665
0	-1.15	6.0042257	0.061452467
0	-1.05	4.608887	0.034572843
0	-1.1	6.047699	0.06822284
0	-1.05	5.705295	0.09588896
0	-1.15	6.675321	0.082841046
0	-1.15	6.1030188	0.091740236
0	-1.05	4.641145	0.030084267
0	-1.1	5.5994534	0.068700686
0	-1.1	6.2641573	0.09811281
0	-1.0	5.507548	0.046796493
0	-1.05	5.556554	0.084826425
0	-1.05	5.9408326	0.08992711
0	-1.1	5.8255725	0.08016769
0	-1.1	5.771784	0.072746776
0	-1.0	5.034312	0.041300762
0	-1.15	6.075597	0.06362727
0	-1.05	5.8314843	0.071934365
0	-1.15	6.128604	0.039281856
0	-1.1	5.5770006	0.05961428
0	-1.1	6.172565	0.0783504
0	-1.15	6.493219	0.04332864
0	-1.15	6.1618376	0.08899826
0	-1.1	5.8721075	0.11038668
0	-1.15	6.402968	0.066013
0	-1.1	6.0308065	0.079959616
0	-1.0	6.1361337	0.06117423
0	-1.05	5.1010637	0.061519407
0	-1.1	6.40885	0.07408839
0	-1.1	6.351889	0.08130374
0	-1.15	6.0872126	0.082560346
0	-1.1	6.4325056	0.09298012
0	-1.15	6.6335754	0.10493767
0	-1.05	5.71667	0.04922557
0	-1.1	6.173398	0.09318465
0	-1.1	5.549659	0.045491938
0	-1.05	5.7591653	0.07184341
0	-1.05	6.2158823	0.08115752
0	-1.15	6.26012	0.070963085
0	-1.1	6.054035	0.06549563
0	-1.05	5.9772553	0.08112242
0	-1.15	6.311051	0.056120448
0	-1.1	6.2023573	0.099794894
0	-1.15	5.927527	0.09639061
0	-1.0	5.220121	0.057967067
0	-1.15	6.3649306	0.07043751
0	-1.15	6.410417	0.078954436
0	-0.95	4.2751102	0.053627536
0	-1.1	5.641898	0.08195081
0	-1.1	5.7695074	0.08326957
0	-1.1	5.360464	0.059490044
0	-1.05	5.536393	0.061292198
0	-1.1	5.561361	0.06052518
0	-1.1	6.1317663	0.04792978
0	-1.15	6.322699	0.07310671
0	-1.05	5.3038797	0.05990584
0	-1.15	6.0134306	0.07798565
0	-1.1	6.323017	0.08874609
0	-1.15	5.664962	0.03792995
0	-1.1	6.613595	0.089510895
0	-1.1	6.268285	0.08203099
0	-1.15	6.5048356	0.051030863
0	-1.0	5.250686	0.09133317
0	-1.1	6.3187423	0.06606291
0	-1.15	5.8650894	0.047847196
0	-1.05	5.2647934	0.0734688
0	-1.1	5.75574	0.07962107
0	-1.05	6.06529	0.064753935
0	-1.05	5.2916846	0.06315479
0	-1.05	5.957525	0.084729046
0	-1.1	5.243825	0.07573047
0	-1.15	6.9244995	0.08972193
0	-1.1	5.400055	0.042199515
0	-1.1	5.4372926	0.09159742
0	-1.05	5.367822	0.09757556
0	-1.15	6.187726	0.061427094
0	-1.15	5.8819637	0.07511535
0	-1.0	4.9375815	0.029506464
0	-1.1	5.987599	0.080650315
0	-1.1	6.020749	0.06803688
0	-1.1	5.9972215	0.088109985
0	-1.1	6.0330076	0.07683949
0	-1.05	5.6117287	0.08365042
0	-1.1	5.906967	0.085229106
0	-1.2	6.776193	0.07810608
0	-1.05	5.2238383	0.08447197
0	-1.15	5.839011	0.06005846
0	-1.15	5.9834228	0.04991758
0	-1.15	6.013112	0.066056006
0	-1.05	5.4071693	0.07855053
0	-1.15	5.672113	0.04871784
0	-1.15	7.101837	0.097948104
0	-1.15	5.9091835	0.064716406
0	-1.1	5.7416553	0.060117044
0	-1.1	6.0669317	0.07850127
0	-1.15	6.5301466	0.07631928
0	-1.2	7.4987745	0.11691781
0	-1.1	5.4158783	0.05944797
0	-1.15	6.441672	0.08201835
0	-1.1	6.072628	0.067814834
0	-1.2	6.5004845	0.059571084
0	-1.05	5.751957	0.05249905
0	-1.2	6.5133514	0.07179827
0	-1.1	5.7275896	0.09287294
0	-1.05	5.3832774	0.06135702
0	-1.1	5.7232094	0.071014
0	-1.05	5.6066513	0.04899208
0	-1.05	4.9876504	0.049468268
0	-1.15	6.116504	0.077277616
0	-1.15	6.8412333	0.072861455
0	-1.1	4.958779	0.05000297
0	-1.15	5.7133684	0.041200176
0	-1.15	5.939845	0.07023617
0	-1.1	6.1669474	0.04893548
0	-1.2	6.156812	0.04878663
0	-1.15	6.2670302	0.043695383
0	-1.1	6.378477	0.07066061
0	-1.2	6.1276855	0.036562413
0	-1.2	5.9128175	0.065999426
0	-1.2	6.665637	0.09023153
0	-1.15	5.9052806	0.06992824
0	-1.15	6.3289175	0.06992247
0	-1.2	6.501909	0.052934553
0	-1.05	4.7638006	0.062482342
0	-1.05	5.7194066	0.1324993
0	-1.15	6.0257525	0.058665127
0	-1.1	5.093076	0.027743552
0	-1.15	6.2810516	0.08874993
0	-1.15	6.310023	0.066669926
0	-1.2	6.3396263	0.060318053
0	-1.2	6.6394377	0.06454061
0	-1.15	6.1526117	0.12953685
0	-1.1	6.084665	0.061858743
0	-1.15	6.2615466	0.052770246
0	-1.1	5.750914	0.078076795
0	-1.15	6.6249986	0.07840965
0	-1.2	6.886031	0.08095758
0	-1.15	5.9734674	0.054612778
0	-1.2	6.6186585	0.052650545
0	-1.15	5.3162017	0.047228783
0	-1.2	6.690671	0.06877989
0	-1.05	6.2511454	0.08340471
0	-1.2	7.164959	0.08046678
0	-1.05	5.9588675	0.09749032
0	-1.2	7.3541055	0.08694165
0	-1.1	5.6840577	0.09303812
0	-1.15	5.776471	0.04244017
0	-1.15	6.2734895	0.07794045
0	-1.15	6.485692	0.0925749
0	-1.1	5.720712	0.073803134
0	-1.2	6.7624335	0.08860388
0	-1.2	6.291021	0.07915459
0	-1.15	6.2300644	0.066157945
0	-1.15	6.3110595	0.0521542
0	-1.2	6.4288635	0.07044701
0	-1.2	6.7845335	0.06812485
0	-1.15	6.136346	0.066781186
0	-1.15	5.7634096	0.060828593
0	-1.15	6.0062876	0.07176562
0	-1.05	5.740689	0.0794762
0	-1.2	7.35242	0.101156265
0	-1.15	5.999484	0.07263326
0	-1.0	5.0247545	0.07392965
0	-1.2	6.5350366	0.066971324
0	-1.15	6.4408126	0.061558977
0	-1.1	5.743852	0.098960064
0	-1.15	5.9461565	0.043745555
0	-1.1	6.4228806	0.066930175
0	-1.15	6.442313	0.0867512
0	-1.2	6.396249	0.083221875
0	-1.15	6.377936	0.042594556
0	-1.15	6.71375	0.104379065
0	-1.2	6.348629	0.052348588
0	-1.1	6.457118	0.08678621
0	-1.25	6.600581	0.07060238
0	-1.05	5.325499	0.029698348
0	-1.15	5.79444	0.03251085
0	-1.15	5.6025543	0.08629848
0	-1.15	5.663535	0.043549057
0	-1.1	5.6765776	0.05200791
0	-1.2	6.2766657	0.052694898
0	-1.1	5.3816204	0.0498964
0	-1.1	5.2814217	0.04427784
0	-1.15	5.633735	0.058173902
0	-1.1	5.897649	0.10432114
0	-1.1	5.788451	0.06478426
0	-1.2	6.5888686	0.05081012
0	-1.2	7.0265074	0.094195165
0	-1.2	6.315152	0.05539464
0	-1.2	7.0550513	0.09798501
0	-1.2	6.831769	0.085053094
0	-1.15	6.171305	0.046262566
0	-1.2	6.114884	0.049747072
0	-1.1	5.74985	0.086145036
0	-1.25	6.637323	0.06540918
0	-1.15	5.744899	0.05529469
0	-1.2	6.4407334	0.08656993
0	-1.25	6.839296	0.079677306
0	-1.25	7.6047697	0.07470801
0	-1.1	5.1436195	0.0339224
0	-1.15	6.0125127	0.083629794
0	-1.15	6.6077843	0.07490306
0	-1.15	5.2711515	0.07252269
0	-1.2	6.419978	0.081836596
0	-1.2	7.039759	0.1328542
0	-1.15	5.7578735	0.055489928
0	-1.2	6.894419	0.10301989
0	-1.25	6.439397	0.05153336
0	-1.2	6.0836535	0.047878828
0	-1.15	6.180503	0.066280186
0	-1.15	6.400131	0.067430936
0	-1.2	6.6793585	0.08038503
0	-1.25	7.3281183	0.10315141
0	-1.1	5.9451385	0.105589196
0	-1.15	6.43645	0.042840954
0	-1.1	6.338352	0.07127684
0	-1.25	6.2946224	0.074609
0	-1.25	6.783414	0.0880119
0	-1.1	5.800448	0.10695794
0	-1.2	6.886468	0.06003835
0	-1.1	6.3815103	0.07898586
0	-1.2	7.014998	0.07316303
0	-1.25	6.8863516	0.07061581
0	-1.2	6.720061	0.0652536
0	-1.25	6.648593	0.08067007
0	-1.2	5.9788904	0.043465853
0	-1.2	6.5768523	0.08445035
0	-1.15	6.276012	0.08128959
0	-1.1	5.520167	0.08681575
0	-1.25	7.470092	0.09256098
0	-1.15	6.258844	0.0586362
0	-1.2	7.5085983	0.101222634
0	-1.2	7.49426	0.0862559
0	-1.15	5.907098	0.044928282
0	-1.25	7.0011454	0.07110431
0	-1.2	6.5999665	0.06393419
0	-1.2	6.299758	0.058126863
0	-1.25	6.7972717	0.06832904
0	-1.2	6.844121	0.083358556
0	-1.25	7.2742434	0.10370885
0	-1.1	5.368457	0.019760858
0	-1.25	7.316461	0.08403863
0	-1.1	6.1410103	0.07184815
0	-1.25	6.8090315	0.06350627
0	-1.2	6.4143934	0.063228205
0	-1.2	6.7588196	0.09737644
0	-1.2	6.732709	0.06613867
0	-1.25	7.1673036	0.06093233
0	-1.25	6.9409227	0.069138125
0	-1.2	6.1873045	0.05155103
0	-1.2	7.0884943	0.09779945
0	-1.25	7.2741423	0.09397079
0	-1.1	6.0761003	0.06599896
0	-1.25	7.333574	0.07326737
0	-1.2	6.8270745	0.11482508
0	-1.2	6.23881	0.07513933
0	-1.2	6.7499323	0.0747815
0	-1.15	5.8793726	0.061944857
0	-1.1	5.942679	0.06299665
0	-1.25	6.8038683	0.06524346
0	-1.2	6.485713	0.06956328
0	-1.2	6.425214	0.07384289
0	-1.25	7.3794823	0.09560554
0	-1.15	5.9567537	0.071758986
0	-1.25	6.8091216	0.053033818
0	-1.2	5.8835244	0.08875568
0	-1.3	6.499092	0.08082774
0	-1.25	7.0652223	0.08719931
0	-1.2	6.8599777	0.09475987
0	-1.2	6.382153	0.0661813
0	-1.15	6.2765284	0.05346893
0	-1.2	7.4563994	0.11177506
0	-1.2	6.134176	0.02999088
0	-1.1	5.304911	0.062477242
0	-1.2	5.989292	0.07046124
0	-1.25	7.1861925	0.09096562
0	-1.25	6.4197516	0.0807011
0	-1.15	5.9317365	0.03149753
0	-1.15	6.3937445	0.070794776
0	-1.05	4.982404	0.08739874
0	-1.25	7.1799917	0.07752336
0	-1.25	7.128474	0.057058882
0	-1.15	6.1236734	0.049480125
0	-1.25	7.102895	0.06851562
0	-1.2	6.9352584	0.08226176
0	-1.25	7.2024994	0.07145076
0	-1.3	7.9729867	0.07850322
0	-1.2	5.687958	0.045683857
0	-1.15	6.4508514	0.060521938
0	-1.25	7.2011766	0.07495104
0	-1.2	7.216986	0.07370335
0	-1.15	6.2443275	0.06546685
0	-1.25	6.670562	0.048897397
0	-1.15	6.639334	0.097466744
0	-1.2	6.440137	0.05715529
0	-1.15	6.1334243	0.06820669
0	-1.3	6.97259	0.07172993
0	-1.3	7.13863	0.09018294
0	-1.2	5.901067	0.04527599
0	-1.25	7.026992	0.068605036
0	-1.2	5.893473	0.059876826
0	-1.15	6.718419	0.04443099
0	-1.25	6.5266676	0.061608836
0	-1.25	7.2173433	0.086158834
0	-1.3	7.063216	0.084936336
0	-1.2	6.4649878	0.105275325
0	-1.25	7.2235274	0.076727204
0	-1.15	6.681703	0.06335395
0	-1.2	6.3221183	0.07883902
0	-1.25	6.4523363	0.081443645
0	-1.3	7.1494455	0.101231985
0	-1.2	6.722922	0.06867241
0	-1.3	7.53021	0.10992993
0	-1.3	7.575235	0.10001159
0	-1.25	7.0102067	0.074431196
0	-1.2	7.131822	0.10737456
0	-1.25	7.263784	0.10596302
0	-1.25	7.0177956	0.10101915
0	-1.3	6.8896475	0.10181816
0	-1.3	7.0337157	0.10820415
0	-1.25	7.1619315	0.0809986
0	-1.2	6.3573937	0.043817062
0	-1.2	6.6503105	0.06637608
0	-1.25	6.4970274	0.048148643
0	-1.3	7.5184007	0.10843703
0	-1.15	6.414622	0.086798795
0	-1.2	6.843566	0.073807105
0	-1.15	6.5524607	0.05494099
0	-1.15	6.2959304	0.058696747
0	-1.25	7.1223297	0.07409614
0	-1.25	6.5092287	0.04980054
0	-1.3	7.544095	0.09615486
0	-1.2	6.148599	0.0718248
0	-1.15	5.763755	0.03700532
0	-1.25	6.6919785	0.078071
0	-1.15	6.452006	0.09089158
0	-1.3	7.652955	0.09650279
0	-1.25	6.9964876	0.07691301
0	-1.3	7.239305	0.07152059
0	-1.25	6.9929047	0.061005533
0	-1.3	7.4442916	0.07339167
0	-1.15	6.513716	0.081842534
0	-1.25	7.074422	0.08780641
0	-1.3	7.109183	0.10783891
0	-1.25	6.742551	0.04880923
0	-1.25	6.4663925	0.09650916
0	-1.3	6.957264	0.083633535
0	-1.3	7.1852937	0.07190195
0	-1.15	5.807318	0.07710292
0	-1.25	6.8973236	0.092334054
0	-1.25	6.952558	0.1056905
0	-1.3	7.6008253	0.09998328
0	-1.3	7.264891	0.12411785
0	-1.25	7.369832	0.06537927
0	-1.25	6.9082427	0.10585417
0	-1.25	6.660633	0.08427616
0	-1.3	7.3592224	0.0768397
0	-1.15	6.35215	0.051904894
0	-1.3	6.176481	0.080211945
0	-1.25	6.6575875	0.07871101
0	-1.25	7.1194673	0.07525551
0	-1.3	7.0808687	0.08744596
0	-1.35	7.7326765	0.12672392
0	-1.25	7.035408	0.10861406
0	-1.3	6.7853637	0.05856066
0	-1.25	7.3843718	0.10207881
0	-1.25	7.048236	0.107510716
0	-1.15	6.8903856	0.05977964
0	-1.15	5.924838	0.07792018
0	-1.25	7.088098	0.08385796
0	-1.2	6.362066	0.04424916
0	-1.3	6.905945	0.060181532
0	-1.25	6.78723	0.0779399
0	-1.25	6.9770174	0.086415075
0	-1.2	6.976457	0.055756774
0	-1.3	6.6628036	0.08267676
0	-1.3	6.822829	0.059475567
0	-1.3	7.0251694	0.09962949
0	-1.2	6.77704	0.08768726
0	-1.2	6.3792276	0.056386847
0	-1.2	6.773093	0.07429838
0	-1.3	7.480241	0.09320955
0	-1.3	7.649461	0.06605921
0	-1.35	7.5989294	0.093016736
0	-1.25	6.942566	0.08896924
0	-1.3	7.4208922	0.09731877
0	-1.3	7.118244	0.07305265
0	-1.35	7.666377	0.07799513
0	-1.25	7.1951637	0.075480215
0	-1.2	6.2319183	0.0710607
0	-1.1	5.916176	0.063601
0	-1.35	7.43418	0.09494068
0	-1.25	7.1031275	0.08705517
0	-1.3	7.196162	0.08636693
0	-1.25	6.954123	0.089822926
0	-1.2	7.0936217	0.08203325
0	-1.25	7.4457026	0.08254398
0	-1.3	6.9545836	0.07972932
0	-1.3	7.2775483	0.09952755
0	-1.35	6.6828446	0.06016154
0	-1.2	6.6135635	0.06931358
0	-1.25	6.9184656	0.08433829
0	-1.2	6.363626	0.055961695
0	-1.25	7.073056	0.060147453
0	-1.2	6.6660247	0.07423129
0	-1.3	7.3159776	0.075797014
0	-1.3	6.8632	0.09891053
0	-1.25	7.0658197	0.05859547
0	-1.35	7.449498	0.105382696
0	-1.25	6.99196	0.06444264
0	-1.35	7.8922067	0.08641152
0	-1.35	7.2782907	0.07216108
0	-1.3	6.812169	0.089622796
0	-1.3	7.366938	0.075207084
0	-1.3	7.0293975	0.0969931
0	-1.2	6.6514144	0.07522204
0	-1.35	7.5482893	0.09691205
0	-1.2	6.4332304	0.050230686
0	-1.35	7.377042	0.0724103
0	-1.35	7.2261734	0.09127507
0	-1.3	6.965317	0.09362353
0	-1.3	7.4418716	0.08379399
0	-1.25	7.093814	0.08778564
0	-1.25	7.078167	0.0920412
0	-1.2	6.319934	0.051457793
0	-1.3	6.938301	0.077245206
0	-1.25	6.9189544	0.07187478
0	-1.35	7.1763763	0.0838445
0	-1.3	7.6741805	0.10971892
0	-1.35	6.9391203	0.089382455
0	-1.3	7.437098	0.10436445
0	-1.25	6.7775354	0.06142408
0	-1.3	7.5248513	0.062125094
0	-1.35	7.5067797	0.088869564
0	-1.3	7.3609495	0.085014984
0	-1.25	6.8440523	0.05726605
0	-1.2	7.145035	0.070720315
0	-1.35	7.1863456	0.08457553
0	-1.2	6.5627503	0.08784245
0	-1.3	7.3167114	0.07502465
0	-1.2	6.235717	0.067525424
0	-1.35	7.7297277	0.09087996
0	-1.3	7.144332	0.047956888
0	-1.35	7.1447372	0.06634209
0	-1.2	6.818469	0.069065325
0	-1.35	7.0748444	0.06394497
0	-1.3	6.1937957	0.046030976
0	-1.2	6.8772955	0.08641226
0	-1.3	7.358616	0.08963287
0	-1.35	7.4416876	0.09198218
0	-1.35	7.7231154	0.09101874
0	-1.3	7.0783744	0.09883087
0	-1.3	7.024226	0.08418074
0	-1.3	7.2464433	0.08482306
0	-1.3	7.3535967	0.10617702
0	-1.35	7.914224	0.09701671
0	-1.2	7.1142397	0.105878375
0	-1.35	7.1125	0.091078214
0	-1.3	7.2889185	0.07768192
0	-1.3	7.44324	0.080493584
0	-1.35	7.917627	0.09017706
0	-1.4	7.490621	0.08448238
0	-1.35	7.470862	0.08653112
0	-1.3	7.67703	0.076420374
0	-1.3	7.2861404	0.109105244
0	-1.2	5.931208	0.04001029
0	-1.3	7.2739897	0.070716776
0	-1.35	7.715739	0.08958877
0	-1.3	6.5065737	0.079092294
0	-1.3	7.111983	0.076741606
0	-1.25	6.489955	0.08402641
0	-1.2	7.0658026	0.12854025
0	-1.3	7.0811234	0.07533922
0	-1.35	7.46815	0.08901885
0	-1.35	7.624634	0.10538816
0	-1.35	7.54023	0.08863633
0	-1.25	7.2338724	0.0671979
0	-1.4	8.650803	0.10975498
0	-1.35	7.116437	0.08403386
0	-1.35	6.7462873	0.058701728
0	-1.25	6.4404664	0.07575126
0	-1.2	7.0611687	0.09319684
0	-1.3	7.17157	0.08339335
0	-1.25	7.297293	0.0863915
0	-1.35	7.6056275	0.06653186
0	-1.35	7.3801374	0.076846294
0	-1.4	7.6548285	0.08671052
0	-1.3	7.1556334	0.0821855
0	-1.25	6.573939	0.065718785
0	-1.4	7.8257437	0.09038422
0	-1.35	7.591254	0.08962038
0	-1.3	7.143402	0.09801275
0	-1.3	7.5689287	0.09050039
0	-1.35	7.38053	0.08306265
0	-1.35	7.1685867	0.074156016
0	-1.4	7.709282	0.08209661
0	-1.3	7.5495796	0.09129973
0	-1.25	7.2397604	0.104010664
0	-1.35	7.646	0.08554254
0	-1.4	7.8660254	0.12125513
0	-1.15	5.1597924	0.04706899
0	-1.35	7.546425	0.09109169
0	-1.3	7.171954	0.08358065
0	-1.3	7.370607	0.10423894
0	-1.3	7.180472	0.08658566
0	-1.25	6.616957	0.056827556
0	-1.4	7.7149734	0.08703684
0	-1.4	7.393174	0.098579474
0	-1.3	6.596753	0.07191261
0	-1.25	7.05986	0.068687394
0	-1.35	7.5678406	0.08376844
0	-1.4	7.9565706	0.089069486
0	-1.35	7.4773192	0.10818139
0	-1.4	8.068094	0.11033431
0	-1.35	7.8816795	0.108636834
0	-1.25	7.373399	0.09103506
0	-1.4	8.079622	0.105095595
0	-1.25	6.9739685	0.076572925
0	-1.35	7.3896103	0.09974985
0	-1.3	6.6673965	0.06589227
0	-1.3	7.1353736	0.073631026
0	-1.35	8.103485	0.11876309
0	-1.4	7.3504243	0.09663559
0	-1.35	7.534875	0.07891596
0	-1.3	6.604068	0.03565719
0	-1.35	7.925721	0.10952706
0	-1.25	6.843207	0.06792784
0	-1.4	8.07977	0.07951282
0	-1.35	7.540384	0.09584483
0	-1.4	7.666625	0.06833443
0	-1.25	6.8460417	0.069428384
0	-1.35	7.5966325	0.05597479
0	-1.25	6.9759736	0.069742136
0	-1.35	7.039079	0.08272246
0	-1.4	7.4152045	0.057726465
0	-1.35	7.6359167	0.0851881
0	-1.25	6.814767	0.09824892
0	-1.4	7.906892	0.114403754
0	-1.35	7.0550528	0.059257165
0	-1.4	7.329129	0.10759786
0	-1.4	7.682237	0.072296284
0	-1.35	8.17979	0.120915875
0	-1.3	6.978288	0.07822313
0	-1.35	7.150096	0.08003366
0	-1.4	8.190985	0.10722977
0	-1.3	7.7266364	0.10581553
0	-1.4	8.106204	0.07399241
0	-1.35	7.742284	0.07100666
0	-1.35	7.9676614	0.099738814
0	-1.25	6.7300234	0.08300173
0	-1.25	7.5539846	0.077256285
0	-1.35	7.3571215	0.102219135
0	-1.25	7.1902514	0.0988767
0	-1.4	7.6607237	0.090239175
0	-1.4	7.8942437	0.095660806
0	-1.25	7.0602517	0.07577538
0	-1.35	7.2405367	0.04110995
0	-1.25	6.783288	0.057743844
0	-1.35	7.039342	0.06961804
0	-1.4	8.44266	0.1089285
0	-1.4	8.414967	0.12956518
0	-1.35	7.2937074	0.072263114
0	-1.35	7.529728	0.074386105
0	-1.4	7.8234243	0.0905088
0	-1.35	7.4652724	0.0740031
0	-1.35	7.490655	0.11540285
0	-1.35	7.8852463	0.09150457
0	-1.25	7.0220475	0.083735056
0	-1.4	7.68262	0.07937187
0	-1.3	6.651286	0.04584529
0	-1.4	8.647971	0.10685186
0	-1.35	6.8015556	0.091386445
0	-1.4	7.4708834	0.08511322
0	-1.3	7.479703	0.08642592
0	-1.4	8.060578	0.106268354
0	-1.3	7.267581	0.100225165
0	-1.4	7.9754577	0.0773399
0	-1.25	6.362664	0.08004611
0	-1.4	7.767705	0.064426646
0	-1.35	7.159597	0.0822467
0	-1.4	7.8697495	0.09584928
0	-1.35	7.119006	0.09391683
0	-1.4	7.76725	0.084064886
0	-1.4	7.979375	0.09901802
0	-1.4	7.4844236	0.094533265
0	-1.3	6.9783297	0.06585227
0	-1.25	6.8635406	0.06738363
0	-1.35	7.3033724	0.08733422
0	-1.35	7.356294	0.07929175
0	-1.35	7.2003846	0.09570145
0	-1.4	7.8570404	0.11578507
0	-1.2	6.4430895	0.0637426
0	-1.35	7.238963	0.07208986
0	-1.3	7.181244	0.08053309
0	-1.4	7.9386444	0.069759175
0	-1.35	7.229387	0.062363178
0	-1.4	7.9459457	0.08979824
0	-1.3	7.604872	0.07746811
0	-1.35	7.9242067	0.0877727
0	-1.4	7.625502	0.13496469
0	-1.3	6.645377	0.096304245
0	-1.4	8.031418	0.10559811
0	-1.4	7.5285387	0.093188025
0	-1.35	7.205789	0.06795326
0	-1.35	7.501578	0.103248425
0	-1.35	8.36762	0.11713697
0	-1.4	7.3382506	0.07784583
0	-1.4	7.4238305	0.08728223
0	-1.35	7.476533	0.07386073
0	-1.4	7.4274	0.09436429
0	-1.3	7.741015	0.11815702
0	-1.4	7.7577605	0.08851051
0	-1.3	7.8788805	0.13297093
0	-1.3	7.047278	0.09899395
0	-1.4	7.64274	0.07799563
0	-1.3	7.3365335	0.084960595
0	-1.4	7.518744	0.11439611
0	-1.4	8.080068	0.12205531
0	-1.3	6.941368	0.06651445
0	-1.4	7.0015273	0.071099
0	-1.4	7.3576136	0.064344205
0	-1.3	7.032805	0.08638972
0	-1.4	7.855405	0.10610115
0	-1.3	7.4279747	0.09143621
0	-1.4	8.01569	0.09751293
0	-1.4	7.4009414	0.048884317
0	-1.4	7.885746	0.072329275
0	-1.4	8.519583	0.094731465
0	-1.3	6.7978377	0.04182222
0	-1.4	7.8238564	0.060598683
0	-1.35	7.6604567	0.091305524
0	-1.4	7.6120577	0.117023736
0	-1.4	7.477141	0.0948268
0	-1.3	6.902562	0.11307041
0	-1.35	6.726555	0.05931223
0	-1.4	7.9614563	0.12382727
0	-1.3	6.9673615	0.06963524
0	-1.4	8.0137005	0.12404256
0	-1.4	8.026018	0.10859388
0	-1.4	7.9791207	0.071497224
0	-1.35	7.6277	0.09753407
0	-1.3	7.057132	0.0838602
0	-1.4	7.8783083	0.107029766
0	-1.3	6.704683	0.078328125
0	-1.3	7.771623	0.10636881
0	-1.35	8.092633	0.12542932
0	-1.35	7.367997	0.09050991
0	-1.4	8.454569	0.11785835
0	-1.4	7.770344	0.058637597
0	-1.4	7.763074	0.08980647
0	-1.4	8.042176	0.109224685
0	-1.3	7.106612	0.07040155
0	-1.4	7.6513534	0.100135975
0	-1.25	7.3845353	0.08298625
0	-1.4	7.6863832	0.082525395
0	-1.4	7.3646317	0.09368063
0	-1.35	7.8991637	0.105994456
0	-1.35	7.87957	0.10130901
0	-1.3	7.592944	0.119193055
0	-1.4	8.395495	0.13118762
0	-1.4	7.599141	0.063911
0	-1.4	7.6967897	0.09942746
0	-1.35	7.8102393	0.11332932
0	-1.4	7.1753235	0.076360054
0	-1.35	7.9053802	0.119009964
0	-1.35	7.1098695	0.0734783
0	-1.4	8.095147	0.11085901
0	-1.35	6.4244995	0.06111738
0	-1.35	7.817383	0.09280185
0	-1.35	8.003607	0.086152405
0	-1.35	7.0585947	0.056811903
0	-1.35	7.5867553	0.07008664
0	-1.35	7.6756043	0.07709236
0	-1.35	7.039566	0.084852405
0	-1.35	8.047979	0.11409965
0	-1.35	7.2581954	0.11897758
0	-1.4	8.560487	0.1079253
0	-1.35	7.2498903	0.10502306
0	-1.4	7.5933166	0.07862254
0	-1.4	7.0712585	0.05988288
0	-1.4	7.8653655	0.105436884
0	-1.4	8.12837	0.099293604
0	-1.35	7.745337	0.08880443
0	-1.35	7.5364165	0.08658502
0	-1.3	7.435582	0.108579785
0	-1.4	8.422018	0.08531467
0	-1.35	7.549559	0.074601635
0	-1.4	8.13035	0.11828553
0	-1.4	8.635297	0.1131319
0	-1.35	7.0722556	0.08522858
0	-1.4	8.667877	0.13290599
0	-1.4	7.3123407	0.069813184
0	-1.4	7.9188423	0.07351766
0	-1.4	7.7320266	0.09505468
0	-1.4	7.940988	0.07580656
0	-1.4	8.325401	0.124156214
0	-1.4	7.173468	0.070181176
0	-1.4	8.0714245	0.09363095
0	-1.4	7.5210695	0.11019578
0	-1.4	7.9101243	0.10036051
0	-1.4	7.7725573	0.090918675
0	-1.4	7.713005	0.062216118
0	-1.4	8.263164	0.10130925
0	-1.4	8.273686	0.111128174
0	-1.35	7.6269097	0.09529253
0	-1.4	7.9301405	0.082728975
0	-1.4	7.5096483	0.094553426
0	-1.4	7.942477	0.09445542
