0.01	0	0.29241738	0.011059491
0.01	0	0.27385503	0.008469379
0.01	0	0.12039943	0.007615041
0.01	0	0.2764123	0.013340661
0.01	0	0.16880167	0.010188516
0.01	0	0.08343841	0.008927004
0.01	0	0.2100753	0.014212501
0.01	0	0.11593926	0.00777663
0.01	0	0.1675997	0.010347293
0.01	0	0.26181865	0.010590738
0.01	0	0.058234513	0.016259568
0.01	0	0.19658382	0.010751763
0.01	0	0.12701401	0.009992968
0.01	0	0.17040792	0.009289654
0.01	0	0.06464887	0.012731307
0.01	0	0.26859355	0.01682455
0.01	0	0.09621322	0.017837448
0.01	0	0.3058766	0.008983753
0.01	0	0.23144169	0.012875857
0.01	0	-0.005478645	0.010491312
0.01	0	0.21836595	0.017762419
0.01	0	0.40949973	0.0153974835
0.01	0	0.124146566	0.008957411
0.01	0	0.0832811	0.011768726
0.01	0	0.1347129	0.008919558
0.01	0	0.118628964	0.0078028208
0.01	0	0.12632343	0.005411677
0.01	0	0.09735861	0.017442059
0.01	0	0.18641952	0.011792586
0.01	0	0.29203972	0.018608678
0.01	0	0.1502748	0.016184762
0.01	0	0.17710738	0.014337248
0.01	0	0.07028441	0.012715682
0.01	0	0.09172396	0.0081939725
0.01	0	0.08681469	0.015766282
0.01	0	0.17404784	0.015086675
0.01	0	0.21197824	0.011861632
0.01	0	0.31408367	0.011560167
0.01	0	0.29628372	0.018365057
0.01	0	0.20333824	0.012004248
0.01	0	0.16879511	0.011576108
0.01	0	0.05463611	0.017236061
0.01	0	0.17592378	0.012654975
0.01	0	0.16880515	0.010596973
0.01	0	0.20860262	0.012053051
0.01	0	0.23689611	0.010549803
0.01	0	0.20053752	0.009541402
0.01	0	0.23036619	0.015547203
0.01	0	0.24648944	0.0091157425
0.01	0	0.29064146	0.012939618
0.01	0	0.23905984	0.007831893
0.01	0	0.35537753	0.011033522
0.01	0	0.20050474	0.008810864
0.01	0	0.17276447	0.01940549
0.01	0	0.07666595	0.019898862
0.01	0	0.20477629	0.010047916
0.01	0	0.25680858	0.010026426
0.05	0	0.8173212	0.0089136
0.01	0	0.2974345	0.009502006
0.01	0	0.11427598	0.012665762
0.01	0	0.058144838	0.010746435
0.01	0	0.2979622	0.006718717
0.01	0	0.28163296	0.015231819
0.01	0	0.3557908	0.014277888
0.01	0	0.22985187	0.020583605
0.01	0	0.22088209	0.009463625
0.01	0	0.2187796	0.008981954
0.05	0	0.73369586	0.011858801
0.01	0	0.23120067	0.012514566
0.01	0	0.23036966	0.012566555
0.01	0	0.20700502	0.010510572
0.01	0	0.08026673	0.018527368
0.01	0	0.32741183	0.015364394
0.01	0	0.14255005	0.016981276
0.01	0	0.21821885	0.009539391
0.05	0	0.79307175	0.008280166
0.05	0	0.82509184	0.009726853
0.05	0	0.80238307	0.009588826
0.01	0	0.19879453	0.005670057
0.01	0	0.17556445	0.003543508
0.01	0	0.18676323	0.008164564
0.05	0	0.76964664	0.009706372
0.01	0	0.12656833	0.010672755
0.01	0	0.1614569	0.01178415
0.01	0	0.38024205	0.010129565
0.01	0	0.2290965	0.014749118
0.05	0	0.8554737	0.016975854
0.01	0	0.17194512	0.01185885
0.01	0	0.107158266	0.014393998
0.01	0	0.22243723	0.011236076
0.05	0	0.89233476	0.011016898
0.01	0	0.25262135	0.012445436
0.01	0	0.2130826	0.009221353
0.01	0	0.13443965	0.009866308
0.05	0	0.76792943	0.016967367
0.05	0	0.90947306	0.006662526
0.01	0	0.0515805	0.013305536
0.01	0	0.15511763	0.01339332
0.05	0	0.80016136	0.009145917
0.05	0	0.8480116	0.010298128
0.01	0	0.39608043	0.011299987
0.01	0	0.34436804	0.010955312
0.01	0	0.10929926	0.009168524
0.01	0	0.20869283	0.0143182725
0.05	0	0.886227	0.015041144
0.05	0	0.8057679	0.0144195445
0.05	0	0.7321149	0.01193316
0.05	0	0.8543207	0.012822367
0.01	0	0.12634599	0.007954276
0.05	0	0.77526873	0.013416582
0.05	0	0.7977951	0.01343802
0.05	0	0.7857402	0.009032866
0.05	0	0.6821766	0.012003532
0.05	0	0.8655752	0.008027865
0.05	0	0.84847754	0.013134331
0.05	0	0.6716326	0.011790477
0.05	0	0.9304086	0.0054471577
0.05	0	0.7564583	0.019462127
0.05	0	0.7463628	0.0104342885
0.05	0	0.82687473	0.009912296
0.05	0	0.73794276	0.013899956
0.05	0	0.9546915	0.015221373
0.05	0	0.71445394	0.015952708
0.05	0	0.60426515	0.015575967
0.05	0	0.84011424	0.011645782
0.05	0	0.86432344	0.007981406
0.05	0	0.7296171	0.013607525
0.05	0	0.79201776	0.015191852
0.05	0	0.77718043	0.013242119
0.05	0	0.83916473	0.014484716
0.05	0	1.0086348	0.011099773
0.05	0	0.96479034	0.014252325
0.05	0	0.7631385	0.012494636
0.05	0	0.624542	0.015225078
0.05	0	0.6722134	0.015720773
0.05	0	0.86321735	0.01828284
0.05	0	0.67738324	0.015004949
0.05	0	0.81869376	0.008177509
0.05	0	0.71218956	0.016177015
0.05	0	0.7564422	0.012917966
0.05	0	0.9230687	0.007756518
0.05	0	0.7651373	0.0084768245
0.05	0	0.80190694	0.011013404
0.05	0	0.8574564	0.016886715
0.05	0	0.70676607	0.013391304
0.1	0	1.6856896	0.004407313
0.05	0	0.82059604	0.010774965
0.05	0	0.7708444	0.008792636
0.05	0	0.8414149	0.010274109
0.05	0	0.7507763	0.015939
0.05	0	0.8278777	0.009628638
0.05	0	0.91912574	0.0072131534
0.05	0	0.907029	0.011532678
0.05	0	0.72362316	0.013476818
0.05	0	0.81676567	0.0062614693
0.05	0	0.7716767	0.028526215
0.05	0	0.8275522	0.013724632
0.05	0	0.7813939	0.015583983
0.05	0	1.084173	0.015337914
0.1	0	1.5971708	0.019856201
0.05	0	0.74060714	0.008482342
0.05	0	0.89682084	0.010092563
0.01	0	0.16793004	0.009950927
0.05	0	0.8916861	0.0099150445
0.05	0	0.6255633	0.012883446
0.05	0	0.7347379	0.015093066
0.05	0	0.76851463	0.012643488
0.1	0	1.7155159	0.00976421
0.1	0	1.5804057	0.0144252395
0.1	0	1.6470429	0.026540235
0.05	0	0.9335586	0.024610052
0.01	0	0.017355492	0.009528278
0.1	0	1.7388359	0.011532941
0.05	0	0.8596619	0.011534605
0.05	0	0.9370823	0.008388926
0.05	0	0.8533861	0.010038817
0.05	0	0.9282907	0.011836224
0.05	0	0.8075544	0.02095632
0.1	0	1.6647313	0.015517105
0.05	0	0.7105597	0.012804507
0.05	0	0.7495057	0.009894065
0.1	0	1.6910616	0.013335513
0.05	0	0.90230906	0.014265828
0.05	0	0.8870081	0.009097197
0.05	0	0.885857	0.0145412935
0.1	0	1.8357013	0.013583537
0.05	0	0.7329382	0.009644755
0.05	0	0.87134516	0.005886061
0.1	0	1.7652107	0.018230168
0.05	0	0.8628047	0.011385218
0.05	0	0.8235447	0.026233857
0.1	0	1.7903172	0.010557721
0.1	0	1.7135624	0.0068456703
0.05	0	0.89962614	0.020555392
0.05	0	0.80459005	0.022185383
0.1	0	1.634173	0.01743329
0.05	0	0.8068713	0.005996372
0.05	0	0.7609156	0.01489685
0.1	0	1.6687351	0.0065360386
0.1	0	1.8154593	0.010500507
0.1	0	1.7942212	0.016225953
0.05	0	0.8949226	0.010775508
0.05	0	0.67989695	0.014574842
0.05	0	0.8252014	0.021275103
0.1	0	1.7587383	0.012276835
0.1	0	1.7634037	0.008817251
0.1	0	1.646933	0.008987399
0.1	0	1.7806295	0.011642478
0.1	0	1.7936885	0.007245065
0.1	0	1.6989868	0.009365783
0.1	0	1.6791325	0.011243405
0.1	0	1.7719219	0.012927978
0.1	0	1.6134996	0.011782624
0.01	0	0.10262128	0.018283173
0.05	0	0.79576325	0.014048936
0.1	0	1.8128731	0.0075658676
0.1	0	1.9490917	0.015287411
0.1	0	1.583826	0.011698811
0.1	0	1.6141903	0.017227639
0.1	0	1.6349087	0.015404196
0.1	0	1.689328	0.00625947
0.1	0	1.706667	0.011991622
0.1	0	1.7402909	0.0076212483
0.1	0	1.7407093	0.011059028
0.01	0	0.09827872	0.010831463
0.1	0	1.6488552	0.019429738
0.1	0	1.7248821	0.011025381
0.1	0	1.7229168	0.012162526
0.1	0	1.5939064	0.011002429
0.1	0	1.6899769	0.018868295
0.1	0	1.7091818	0.0074267974
0.1	0	1.654187	0.014979759
0.1	0	1.7125282	0.0096200425
0.1	0	1.7062784	0.009167397
0.1	0	1.8156536	0.01202333
0.1	0	1.7039942	0.018122831
0.1	0	1.6818187	0.011862968
0.1	0	1.7163092	0.010307585
0.1	0	1.8243129	0.015943607
0.3	0	5.026548	0.014134669
0.1	0	1.6249161	0.013052054
0.1	0	1.8821831	0.010133313
0.1	0	1.7194198	0.01652213
0.01	0	0.2607325	0.016397662
0.1	0	1.7508705	0.010676744
0.1	0	1.8847458	0.01260525
0.1	0	1.806804	0.0076895235
0.1	0	1.674093	0.010236247
0.1	0	1.8136578	0.008336522
0.1	0	1.6240594	0.017063115
0.01	0	0.10390194	0.010450504
0.1	0	1.6639392	0.013245476
0.1	0	1.7840227	0.010125322
0.1	0	1.7334868	0.009730554
0.1	0	1.6784477	0.009482273
0.1	0	1.8100058	0.013048609
0.1	0	1.7030075	0.017895615
0.3	0	5.138858	0.021169145
0.1	0	1.7781299	0.0138482675
0.1	0	1.791498	0.009022146
0.1	0	1.6548026	0.011865296
0.1	0	1.787392	0.013094419
0.1	0	1.8911612	0.014656226
0.1	0	1.6595061	0.010616756
0.3	0	5.113578	0.011588832
0.3	0	5.1531777	0.012188532
0.1	0	1.5640621	0.010477891
0.3	0	4.9961834	0.009703818
0.1	0	1.8392942	0.023255982
0.3	0	5.0356264	0.015398106
0.05	0	0.7834028	0.015719622
0.1	0	1.7668912	0.012231129
0.1	0	1.6796509	0.009558454
0.3	0	4.966536	0.024630843
0.1	0	1.847019	0.011774203
0.3	0	4.9632225	0.011384054
0.05	0	0.93051165	0.01571529
0.1	0	1.8673582	0.0112880515
0.1	0	1.7505157	0.009682461
0.1	0	1.7153645	0.009783377
0.1	0	1.8180962	0.012711264
0.3	0	5.0051155	0.013244859
0.1	0	1.7391466	0.014571939
0.3	0	5.0009503	0.010126176
0.1	0	1.7572834	0.007952325
0.1	0	1.6887201	0.016108649
0.3	0	4.978696	0.010413198
0.3	0	5.029002	0.008994892
0.1	0	1.6750412	0.0071109133
0.1	0	1.8157736	0.01698542
0.1	0	1.5500097	0.011587528
0.1	0	1.7862133	0.0113960365
0.3	0	5.065814	0.017981376
0.1	0	1.6543872	0.010258759
0.3	0	5.0890965	0.021498004
0.3	0	5.0324316	0.014911026
0.3	0	5.1270475	0.011017343
0.1	0	1.5722293	0.013728314
0.1	0	1.6974239	0.0077203223
0.3	0	4.945183	0.012975913
0.3	0	4.920581	0.018097231
0.3	0	5.075362	0.012537942
0.3	0	4.953448	0.012574012
0.3	0	5.208599	0.012126767
0.3	0	5.0984364	0.008513998
0.1	0	1.8517063	0.00853763
0.3	0	4.965503	0.023876453
0.3	0	4.912851	0.008473622
0.3	0	5.1878204	0.009963947
0.1	0	1.8565747	0.015539246
0.1	0	1.7330668	0.012153986
0.1	0	1.7251278	0.0073087257
0.3	0	5.1327205	0.00831732
0.1	0	1.6716719	0.00838063
0.3	0	4.996793	0.010884382
0.3	0	5.098361	0.011275901
0.3	0	5.026702	0.012589321
0.05	0	0.7496275	0.008590688
0.1	0	1.9588436	0.024506725
0.3	0	5.0244303	0.009952841
0.3	0	5.0581	0.008166157
0.3	0	4.9436827	0.010375675
0.3	0	5.094896	0.0092182765
0.3	0	5.228731	0.011282045
0.3	0	5.0806	0.006353867
0.3	0	5.030049	0.009332719
0.3	0	5.074681	0.007748738
0.3	0	4.933773	0.011241351
0.3	0	5.106598	0.01480859
0.3	0	5.140397	0.01475045
0.3	0	4.8709984	0.019880421
0.3	0	5.23635	0.01621918
0.3	0	5.062953	0.016644068
0.3	0	5.031231	0.017860996
0.3	0	5.1878247	0.008480608
0.3	0	5.061014	0.013476542
0.3	0	5.0035906	0.014765535
0.05	0	0.90524864	0.009253653
0.3	0	5.1157813	0.009175465
0.3	0	5.0464125	0.01074403
0.3	0	5.0551186	0.012892303
0.3	0	5.115837	0.011976345
0.3	0	4.980506	0.009941747
0.3	0	4.9584618	0.016391544
0.3	0	5.032759	0.009933192
0.3	0	5.1614246	0.012134749
0.3	0	4.9584208	0.01608989
0.3	0	5.05721	0.012430746
0.3	0	5.0625677	0.013875111
0.3	0	5.1206245	0.018501876
0.3	0	4.993364	0.01013333
0.3	0	5.074051	0.0094028525
0.3	0	5.039466	0.012051303
0.3	0	5.1278253	0.012834125
0.3	0	5.0366235	0.013126955
0.3	0	5.1493783	0.014497282
0.3	0	5.1433735	0.0069326595
0.3	0	5.121049	0.013959441
0.05	0	0.6799036	0.012786992
0.3	0	5.0391946	0.024691047
0.05	0	0.8598029	0.022546493
0.3	0	5.2176332	0.02672431
0.3	0	4.9932585	0.014775181
0.3	0	5.0569944	0.0070757004
0.3	0	5.2514963	0.011609651
0.3	0	5.025805	0.015338393
0.3	0	5.1679564	0.012790416
0.3	0	5.191087	0.013210381
0.3	0	5.1152644	0.009797501
0.3	0	5.0245147	0.011150681
0.1	0	1.8637612	0.013982367
0.3	0	4.9399567	0.014078671
0.1	0	1.7371744	0.008632353
0.3	0	4.9048405	0.01827183
0.3	0	5.18246	0.011059366
0.3	0	5.3131323	0.014927399
0.3	0	5.072136	0.014842222
0.3	0	5.0580506	0.007737919
0.3	0	5.242077	0.014752994
0.3	0	5.1005297	0.01279788
0.3	0	5.128827	0.008508847
0.3	0	5.07629	0.011486461
0.3	0	5.0956635	0.013368589
0.3	0	5.05342	0.010832043
0.3	0	4.9506083	0.018169703
0.3	0	5.019932	0.008321617
0.3	0	5.1348257	0.013305025
0.3	0	5.0757456	0.0075285286
0.1	0	1.8211606	0.008974429
0.3	0	4.9555254	0.014254611
0.1	0	1.5347092	0.014166957
0.1	0	1.6372955	0.01199989
0.1	0	1.7578595	0.00931077
0.3	0	5.192403	0.014841467
0.3	0	4.8807483	0.019870123
0.3	0	5.0619683	0.006571097
0.3	0	5.1726847	0.012344267
0.3	0	5.1348658	0.013579734
0.3	0	5.0965834	0.011704281
