0.0	0.25	0.50642884	0.11217814
0.0	0.25	0.6650811	0.1295157
0.0	0.25	-0.21158214	0.08565902
0.0	0.25	-1.5027936	0.1776822
0.0	0.25	-0.16769662	0.2412098
0.0	0.25	1.5489424	0.08200938
0.0	0.25	0.96799326	0.061631758
0.0	0.25	0.558208	0.08232727
0.0	0.25	1.4007266	0.14391834
0.0	0.25	1.3851366	0.09912985
0.0	0.25	-0.0069711544	0.11451333
0.0	0.25	1.3349845	0.054660402
0.0	0.25	0.6937276	0.07546163
0.0	0.25	0.88901407	0.052853696
0.0	0.25	0.6776142	0.103505366
0.0	0.25	0.041056804	0.077933975
0.0	0.25	0.8570007	0.08832573
0.0	0.25	1.1145062	0.04719262
0.0	0.25	0.89504415	0.12690273
0.0	0.25	1.4557616	0.071277834
0.0	0.25	0.41756883	0.07056441
0.0	0.25	0.21070173	0.10805963
0.0	0.25	0.4258667	0.049269702
0.0	0.25	0.16562895	0.046578847
0.0	0.25	0.9954134	0.044336576
0.0	0.25	0.9204992	0.043766353
0.0	0.25	-0.10888159	0.10333668
0.0	0.25	-0.25222147	0.115676165
0.0	0.25	0.56595606	0.071209244
0.0	0.25	0.9724926	0.06802444
0.0	0.25	0.47248077	0.107990794
0.0	0.25	1.27062	0.077078916
0.0	0.25	0.7228883	0.034051538
0.0	0.25	1.2545351	0.09617388
0.0	0.25	-0.45685768	0.044305816
0.0	0.25	0.42176205	0.088380456
0.0	0.25	0.9816969	0.054321844
0.0	0.25	0.12280264	0.07929829
0.0	0.25	-1.0900738	0.06362667
0.0	0.25	-0.07563754	0.1394007
0.0	0.25	1.1553414	0.18616918
0.0	0.25	1.3849956	0.07644121
0.0	0.25	1.0880896	0.0470094
0.0	0.25	0.25681543	0.15795937
0.0	0.25	-0.10806254	0.08222651
0.0	0.25	1.2062674	0.075380474
0.0	0.25	0.37929177	0.03820991
0.0	0.25	-1.3526213	0.21897629
0.0	0.25	-0.8963989	0.06634035
0.0	0.25	0.99825925	0.06889271
0.0	0.25	0.23482728	0.09204455
0.0	0.25	-0.43957883	0.08944847
0.0	0.25	1.5561932	0.038802538
0.0	0.25	-1.600846	0.048563633
0.0	0.25	0.48135146	0.057706118
0.0	0.25	-0.2941164	0.072098404
0.0	0.25	0.6267139	0.057417713
0.0	0.25	-0.853274	0.17771034
0.0	0.25	1.8799576	0.07616065
0.0	0.25	0.90313566	0.050181992
0.0	0.25	0.8614136	0.050782006
0.0	0.25	-0.7920515	0.08011858
0.0	0.25	1.6474777	0.053057745
0.0	0.25	-0.3060591	0.07398114
0.0	0.25	-0.37621796	0.06945176
0.0	0.25	1.4832684	0.049983755
0.0	0.25	1.8228279	0.09668249
0.0	0.25	1.1849285	0.08274851
0.0	0.25	0.42138186	0.06977037
0.0	0.25	-0.19683301	0.07514363
0.0	0.25	-0.3964737	0.058592066
0.0	0.25	0.8839675	0.08746735
0.0	0.25	0.68617725	0.0761319
0.0	0.25	1.4741182	0.07961623
0.0	0.25	1.2691956	0.08500752
0.0	0.25	-2.1684773	0.20366259
0.0	0.25	0.1454469	0.08828333
0.0	0.25	0.20275359	0.11347539
0.0	0.25	0.7734548	0.0276544
0.0	0.25	-0.061051916	0.17213151
0.0	0.25	-0.2133894	0.08072217
0.0	0.25	0.5872618	0.07506128
0.0	0.25	-0.43820715	0.17929344
0.0	0.25	0.7602674	0.06461526
0.0	0.5	2.0552258	0.063405946
0.0	0.25	1.3036258	0.07539887
0.0	0.25	1.3540199	0.06912136
0.0	0.25	-0.35164303	0.10993172
0.0	0.25	0.8008463	0.07307432
0.0	0.25	0.6268494	0.100180455
0.0	0.25	0.88625956	0.048242368
0.0	0.25	0.30108395	0.106303014
0.0	0.25	0.8291933	0.03696209
0.0	0.5	1.7736648	0.087656215
0.0	0.5	1.8984935	0.021783533
0.0	0.25	1.2903689	0.033217255
0.0	0.25	1.2755734	0.042270187
0.0	0.25	1.5650723	0.16010225
0.0	0.25	0.5864546	0.04915394
0.0	0.25	-0.74214745	0.11203339
0.0	0.5	1.6847522	0.050451428
0.0	0.25	0.06118629	0.08500418
0.0	0.25	0.15194224	0.06292147
0.0	0.5	1.864405	0.020764317
0.0	0.5	2.2670708	0.036260404
0.0	0.5	2.731625	0.030289289
0.0	0.5	2.6566024	0.028685978
0.0	0.5	1.9641857	0.04826347
0.0	0.25	1.1197627	0.060038388
0.0	0.5	2.5260272	0.06688313
0.0	0.5	2.0638404	0.039717354
0.0	0.5	2.2007604	0.021991078
0.0	0.5	1.6149704	0.026214384
0.0	0.5	1.5920346	0.03797587
0.0	0.5	1.3140665	0.029394995
0.0	0.5	1.5720521	0.06844237
0.0	0.5	1.358628	0.030449986
0.0	0.5	0.6641161	0.04764122
0.0	0.5	2.2123406	0.043417443
0.0	0.5	2.28474	0.064354464
0.0	0.5	2.436606	0.03270455
0.0	0.5	1.8615805	0.020732203
0.0	0.5	2.545034	0.038682494
0.0	0.5	2.7949398	0.058155064
0.0	0.5	2.0055108	0.039219946
0.0	0.5	2.1193223	0.059152424
0.0	0.5	1.5711231	0.05538784
0.0	0.5	1.9269722	0.034003872
0.0	0.5	2.1214154	0.06809156
0.0	0.5	2.5442486	0.039810732
0.0	0.5	2.2624278	0.061943866
0.0	0.5	2.915641	0.077082954
0.0	0.5	2.1493466	0.037843782
0.0	0.5	2.7539825	0.043468405
0.0	0.5	2.2183807	0.02713237
0.0	0.5	1.9840065	0.055519775
0.0	0.5	1.6808202	0.025041053
0.0	0.5	2.806758	0.033159103
0.0	0.5	2.6887612	0.036861002
0.0	0.5	1.6815159	0.026365176
0.0	0.5	2.763039	0.034803018
0.0	0.5	1.5536743	0.061753597
0.0	0.5	2.634511	0.052970745
0.0	0.5	2.0859306	0.068968534
0.0	0.5	2.2476647	0.10167803
0.0	0.5	2.0101924	0.0484394
0.0	0.5	1.2043059	0.08007116
0.0	0.5	1.6058277	0.06854868
0.0	0.5	2.697374	0.06632578
0.0	0.5	2.198116	0.024868412
0.0	0.5	2.501729	0.06156687
0.0	0.5	2.5312665	0.04027206
0.0	0.5	2.7349956	0.030714996
0.0	0.5	1.7134613	0.06575183
0.0	0.5	2.371683	0.017895741
0.0	0.5	2.4808488	0.031148734
0.0	0.5	2.1656506	0.057720542
0.0	0.5	1.9085071	0.05232766
0.0	0.5	2.1595547	0.051636226
0.0	0.5	2.2669005	0.028769506
0.0	0.5	2.40763	0.03585677
0.0	0.5	1.9755669	0.020404238
0.0	0.5	2.605388	0.08426456
0.0	0.5	1.9601238	0.026532583
0.0	0.5	2.2454503	0.041158527
0.0	0.5	2.169342	0.023017153
0.0	0.5	1.7829659	0.031767026
0.0	0.5	1.1180588	0.03345906
0.0	0.5	1.1107119	0.043285295
0.0	0.5	1.3719423	0.040217586
0.0	0.5	2.6678996	0.058015168
0.0	0.5	2.1026182	0.018651163
0.0	0.5	2.4984527	0.05286855
0.0	0.5	3.1295066	0.08427625
0.0	0.5	3.2351449	0.05946481
0.0	0.5	2.1001046	0.047039606
0.0	0.5	2.8049169	0.047122348
0.0	0.5	2.1656728	0.033984095
0.0	0.5	2.2135596	0.05830855
0.0	0.5	1.8816141	0.09146794
0.0	0.5	2.777986	0.027918246
0.0	0.5	1.1595119	0.028724888
0.0	0.75	3.7706864	0.044358183
0.0	0.5	1.808738	0.03071315
0.0	0.5	2.033938	0.027341638
0.0	0.5	2.305182	0.03156179
0.0	0.5	2.1030583	0.029004958
0.0	0.75	4.035056	0.052339304
0.0	0.75	3.3905385	0.05064039
0.0	0.5	1.6126595	0.056679744
0.0	0.5	2.257753	0.053284064
0.0	0.5	1.4331739	0.030818813
0.0	0.5	2.9684577	0.07265821
0.0	0.75	3.6895022	0.060869772
0.0	0.5	1.7832851	0.04718528
0.0	0.5	1.2748243	0.023800075
0.0	0.5	1.49177	0.07234403
0.0	0.5	1.5387484	0.018663855
0.0	0.75	3.7607949	0.029545715
0.0	0.5	2.6595688	0.032938078
0.0	0.5	2.9439204	0.09957432
0.0	0.75	4.5496497	0.07815023
0.0	0.5	2.5546515	0.030484013
0.0	0.75	3.1012769	0.043486927
0.0	0.75	3.7536647	0.05829699
0.0	0.75	4.0412564	0.053036384
0.0	0.75	3.464953	0.09850444
0.0	0.5	2.5371125	0.044869002
0.0	0.75	3.3625674	0.05615978
0.0	0.75	3.6700058	0.06073755
0.0	0.75	3.736959	0.07367171
0.0	0.75	3.8961499	0.09644318
0.0	0.75	3.6259582	0.06457083
0.0	0.75	3.8017983	0.047384292
0.0	0.75	4.2206063	0.031568274
0.0	0.75	4.0704103	0.028474595
0.0	0.75	3.9370334	0.06862016
0.0	0.75	3.8813083	0.07115791
0.0	0.75	3.1135287	0.030916952
0.0	0.75	4.0769267	0.05961351
0.0	0.5	1.7465255	0.038079042
0.0	0.75	3.6076198	0.028606009
0.0	0.75	3.5369484	0.04668493
0.0	0.75	4.92953	0.09469263
0.0	0.75	3.5197113	0.037059575
0.0	0.75	4.0447946	0.09121487
0.0	0.75	3.50589	0.07455933
0.0	0.75	3.8691392	0.045800116
0.0	0.75	3.250943	0.07548022
0.0	0.75	3.841975	0.03505705
0.0	0.75	3.7437427	0.057567935
0.0	0.75	3.6390045	0.06812522
0.0	0.75	3.6407504	0.066015646
0.0	0.75	4.4626594	0.069353685
0.0	0.75	3.9018257	0.053610682
0.0	0.75	3.7712789	0.07093866
0.0	0.75	3.7124882	0.048031185
0.0	0.75	3.933495	0.067686245
0.0	0.75	3.7408586	0.0605298
0.0	0.75	3.9413342	0.033572897
0.0	0.75	4.294552	0.06161791
0.0	0.75	4.0565205	0.047715545
0.0	0.75	3.4056466	0.06591302
0.0	0.75	4.039181	0.047419302
0.0	0.75	4.234783	0.10461782
0.0	0.75	3.948801	0.08711527
0.0	0.75	3.7194953	0.05874168
0.0	0.75	3.6476524	0.064075015
0.0	0.75	4.0820208	0.05410348
0.0	0.75	4.064414	0.08384084
0.0	0.75	3.5525677	0.027627561
0.0	0.75	4.2175474	0.06672829
0.0	0.75	4.3375998	0.079083435
0.0	0.75	2.993997	0.018443618
0.0	0.75	3.4271607	0.04674758
0.0	0.75	4.09317	0.034138918
0.0	0.75	3.4419842	0.031743128
0.0	0.75	3.7589295	0.055340964
0.0	0.75	4.2986236	0.078551635
0.0	0.75	3.3218884	0.03298849
0.0	0.75	3.8400147	0.064169355
0.0	0.75	4.49025	0.055442315
0.0	0.75	3.7182841	0.06167924
0.0	0.75	3.7846227	0.0626828
0.0	0.75	3.8980305	0.029139984
0.0	0.75	3.3854766	0.051050715
0.0	0.75	4.0906663	0.07661416
0.0	0.75	3.8146195	0.040570635
0.0	0.75	3.536012	0.052469898
0.0	0.75	3.6778297	0.069781125
0.0	0.75	3.8142982	0.06336251
0.0	0.75	2.9582534	0.02700795
0.0	0.75	3.6313217	0.055988748
0.0	0.75	4.12638	0.03147314
0.0	0.75	3.3070838	0.029764136
0.0	0.75	3.0619023	0.037734114
0.0	0.75	4.171973	0.073493965
0.0	0.75	3.588766	0.054107517
0.0	0.75	4.016547	0.060065
0.0	0.75	3.7373252	0.059913807
0.0	0.75	3.888907	0.039328683
0.0	0.87	4.5145073	0.055230018
0.0	0.75	3.2506385	0.019038426
0.0	0.75	3.899519	0.038884737
0.0	0.87	4.3675437	0.043603197
0.0	0.75	3.26091	0.051502194
0.0	0.75	3.850928	0.06020489
0.0	0.87	4.949216	0.07554019
0.0	0.75	3.9356842	0.034954756
0.0	0.87	4.35051	0.08139072
0.0	0.75	3.0443397	0.037289638
0.0	0.75	4.0403214	0.06995832
0.0	0.87	4.563307	0.04475924
0.0	0.75	3.8420608	0.05851104
0.0	0.75	3.4405274	0.05946279
0.0	0.75	4.22607	0.065584265
0.0	0.75	3.6862197	0.08617354
0.0	0.75	3.298745	0.019458761
0.0	0.75	4.475713	0.0880938
0.0	0.87	4.6747627	0.038833443
0.0	0.87	4.7651215	0.039462335
0.0	0.87	5.279901	0.06981519
0.0	0.87	4.6709013	0.04287457
0.0	0.75	4.281663	0.077348344
0.0	0.87	3.51823	0.012434941
0.0	0.75	3.693417	0.03456452
0.0	0.87	4.638918	0.07966337
0.0	0.75	4.2704268	0.06783
0.0	0.87	4.715701	0.06277827
0.0	0.87	4.0795946	0.056539662
0.0	0.87	5.040927	0.07161121
0.0	0.87	4.655126	0.06692639
0.0	0.87	4.8335648	0.06305055
0.0	0.87	3.979863	0.09785001
0.0	0.87	3.6843696	0.022840172
0.0	0.87	3.9436042	0.042323496
0.0	0.87	3.9494443	0.022708183
0.0	0.87	5.1425233	0.08772751
0.0	0.87	4.473619	0.04021678
0.0	0.75	2.8456368	0.053559735
0.0	0.87	4.572864	0.047179993
0.0	0.87	4.764773	0.06736358
0.0	0.87	3.925876	0.047400232
0.0	0.87	5.2700033	0.078235485
0.0	0.87	4.5006933	0.04462725
0.0	0.87	4.4063826	0.032756645
0.0	0.87	4.6224585	0.06020752
0.0	0.87	4.9191475	0.08175779
0.0	0.87	4.27015	0.048595887
0.0	0.87	3.8796372	0.06586194
0.0	0.87	4.9088798	0.053868342
0.0	0.87	4.702854	0.053872447
0.0	0.87	4.623603	0.063941
0.0	0.87	4.120536	0.062151432
0.0	0.87	3.890237	0.046207376
0.0	0.87	3.8781197	0.05652373
0.0	0.87	4.0727854	0.048717197
0.0	0.87	4.2514253	0.032704394
0.0	0.87	4.4627824	0.040643506
0.0	0.87	4.6744366	0.061153285
0.0	0.87	4.1177707	0.04101646
0.0	0.87	4.055536	0.03464538
0.0	0.87	4.5119257	0.04086283
0.0	0.87	3.8192239	0.023028215
0.0	0.87	3.9715328	0.027627265
0.0	0.87	3.96903	0.038730673
0.0	0.87	4.175433	0.030928755
0.0	0.87	4.273473	0.034676775
0.0	0.87	3.7352479	0.045244586
0.0	0.87	4.823068	0.053626068
0.0	0.87	4.394046	0.080197304
0.0	0.87	4.9454956	0.05126674
0.0	0.87	4.93209	0.07660443
0.0	0.87	4.6192245	0.05123352
0.0	0.87	3.6030076	0.03381949
0.0	0.87	4.158916	0.03811909
0.0	0.87	4.61309	0.05482257
0.0	0.87	4.5072746	0.040218037
0.0	0.87	4.682755	0.08688958
0.0	0.87	5.0853724	0.036308393
0.0	0.87	4.462277	0.03156126
0.0	0.87	4.2407966	0.030095931
0.0	0.87	4.204418	0.060921043
0.0	0.87	4.289787	0.07177018
0.0	0.87	4.1120863	0.057657875
0.0	0.87	4.6838455	0.042224433
0.0	0.87	4.2267923	0.04650708
0.0	0.87	4.7670274	0.08322414
0.0	0.87	4.9082546	0.049724806
0.0	0.87	4.1255	0.04470429
0.0	0.87	4.326745	0.060076263
0.0	0.87	4.0058846	0.056377403
0.0	0.87	3.961251	0.0718628
0.0	0.87	3.9996421	0.030833058
0.0	0.87	4.19248	0.02765359
0.0	0.87	4.8363633	0.10532176
0.0	0.87	4.748742	0.040707447
0.0	0.87	4.9569883	0.09790241
0.0	1.0	5.6546755	0.048885487
0.0	0.87	4.028496	0.038552962
0.0	0.87	4.102662	0.032150283
0.0	0.87	4.296968	0.065188125
0.0	1.0	4.9759645	0.040316306
0.0	0.87	3.9371765	0.029201118
0.0	1.0	5.360608	0.045447495
0.0	0.87	3.6242805	0.021781538
0.0	0.87	4.8324547	0.09426599
0.0	0.87	4.506536	0.07950295
0.0	1.0	5.2534018	0.074147426
0.0	0.87	4.5233693	0.04699721
0.0	0.87	4.940819	0.052706275
0.0	1.0	5.1112795	0.06480272
0.0	0.87	4.833776	0.08058641
0.0	0.87	5.068219	0.06502714
0.0	0.87	5.0272884	0.085769035
0.0	0.87	4.7005177	0.093033165
0.0	0.87	5.438948	0.079506636
0.0	0.87	4.5948057	0.10253825
0.0	1.0	5.350134	0.05591399
0.0	0.87	4.5919333	0.10382581
0.0	1.0	5.7235284	0.07652916
0.0	1.0	4.8348103	0.030959504
0.0	1.0	5.545007	0.09924473
0.0	1.0	4.933132	0.07731351
0.0	0.87	4.220019	0.043824527
0.0	1.0	5.864648	0.10552619
0.0	1.0	5.258949	0.070858836
0.0	1.0	5.266005	0.07689025
0.0	1.0	5.8514924	0.06843879
0.0	1.0	4.7452173	0.039176434
0.0	1.0	5.576461	0.08322609
0.0	0.87	3.9926934	0.037972376
0.0	0.87	4.56079	0.07252853
0.0	1.0	4.479211	0.035388164
0.0	1.0	5.18526	0.06597953
0.0	1.0	5.0496054	0.021005478
0.0	1.0	4.712162	0.06337169
0.0	1.0	5.2467117	0.03925624
0.0	1.0	5.6984735	0.089616336
0.0	0.87	4.620585	0.0972749
0.0	1.0	5.885968	0.07830999
0.0	1.0	4.742183	0.08261131
0.0	1.0	4.7728944	0.035072576
0.0	1.0	5.4649177	0.07101577
0.0	1.0	4.9058905	0.05263846
0.0	1.0	5.5121117	0.0714316
0.0	1.0	5.375589	0.0689147
0.0	1.0	4.9432697	0.11724681
0.0	1.0	5.369102	0.05021942
0.0	1.0	4.691793	0.040198945
0.0	1.0	5.059615	0.082316555
0.0	1.0	4.855851	0.044802774
0.0	1.0	5.549285	0.030017158
0.0	1.0	5.8398447	0.09310553
0.0	1.0	4.8484244	0.04650916
0.0	1.0	5.9779496	0.09411818
0.0	1.0	4.999848	0.053479735
0.0	1.0	5.6769395	0.089020506
0.0	1.0	5.5212755	0.063152574
0.0	1.0	5.167345	0.100840844
0.0	1.0	5.431137	0.07857332
0.0	1.0	5.2568564	0.052246146
0.0	1.0	4.7970543	0.0690396
0.0	1.0	4.8470473	0.031278484
0.0	1.0	5.521459	0.074076355
0.0	1.0	4.7612166	0.026700532
0.0	1.0	5.4235935	0.089722104
0.0	1.0	5.242458	0.08888894
0.0	1.0	5.54969	0.035223555
0.0	1.0	4.6280627	0.03825223
0.0	1.0	5.13317	0.05944482
0.0	1.0	5.120945	0.04838676
0.0	1.0	4.863992	0.03257778
0.0	1.0	5.4023995	0.071863756
0.0	1.0	5.4813833	0.06640722
0.0	1.0	5.538518	0.100389585
0.0	1.0	5.4735503	0.06774973
0.0	1.0	4.9418006	0.06262561
0.0	1.0	5.241406	0.06732067
0.0	1.0	5.677658	0.04922882
0.0	1.0	4.875023	0.08081916
0.0	1.0	5.321654	0.049006395
0.0	1.0	4.7467203	0.0474298
0.0	1.0	4.8515177	0.047587145
0.0	1.0	5.5707526	0.10240476
0.0	1.0	4.6583047	0.032554142
0.0	1.0	4.8521914	0.054960586
0.0	1.0	5.3387084	0.057818938
0.0	1.0	5.1693034	0.02821117
0.0	1.0	5.486592	0.07623048
0.0	1.0	5.590879	0.068272665
0.0	2.0	12.086456	0.12827098
0.0	1.0	5.476672	0.051119644
0.0	1.0	5.2784677	0.06798536
0.0	1.0	5.62502	0.06539588
0.0	1.0	5.093788	0.07773851
0.0	1.0	4.8979177	0.03432213
0.0	1.0	4.4247293	0.028349208
0.0	1.0	5.2692933	0.055514034
0.0	1.0	4.930045	0.054444604
0.0	1.0	5.3514056	0.046437934
0.0	2.0	12.355243	0.14434522
0.0	1.0	5.3834143	0.039629027
0.0	2.0	12.168471	0.12596324
0.0	1.0	5.5859323	0.084782265
0.0	1.0	5.5718684	0.07408727
0.0	1.0	5.449219	0.08852424
0.0	2.0	11.495468	0.109325945
0.0	1.0	4.757249	0.027627356
0.0	1.0	5.891992	0.070685305
0.0	2.0	11.67498	0.10165646
0.0	1.0	5.357833	0.03230653
0.0	1.0	5.4704385	0.07717133
0.0	1.0	5.3909063	0.09946607
0.0	1.0	5.3372025	0.09062261
0.0	1.0	5.485942	0.07382366
0.0	2.0	11.921598	0.12892132
0.0	2.0	12.338302	0.14568259
0.0	1.0	5.4066944	0.0442775
0.0	2.0	11.672403	0.12159731
0.0	2.0	12.0339985	0.139519
0.0	1.0	4.931123	0.054793943
0.0	2.0	12.365999	0.1304676
0.0	2.0	11.56147	0.121244505
0.0	1.0	4.5783334	0.04804113
0.0	1.0	5.3064413	0.06099519
0.0	2.0	12.296738	0.109280676
0.0	2.0	12.168319	0.13171004
0.0	2.0	12.995844	0.14441863
0.0	2.0	12.597529	0.12375225
0.0	2.0	11.344557	0.11072699
0.0	1.0	5.200644	0.04378413
0.0	1.0	5.550249	0.04683035
0.0	2.0	12.037794	0.12700814
0.0	2.0	11.144394	0.09062123
0.0	2.0	11.743718	0.1263944
0.0	2.0	11.717959	0.11373581
0.0	2.0	11.347058	0.12555449
0.0	2.0	11.886824	0.11794747
0.0	2.0	11.99674	0.14898767
0.0	2.0	11.529445	0.13763915
0.0	1.0	4.895072	0.08030429
0.0	2.0	12.014041	0.13629118
0.0	2.0	12.072644	0.122055866
0.0	2.0	12.502771	0.12563367
0.0	2.0	12.182628	0.1099009
0.0	2.0	12.637102	0.11806918
0.0	2.0	12.11084	0.1325279
0.0	2.0	12.14222	0.13317178
0.0	2.0	12.060331	0.1374278
0.0	2.0	11.791864	0.10288282
0.0	2.0	11.207309	0.105703115
0.0	2.0	11.623563	0.11216324
0.0	2.0	12.056125	0.11589847
0.0	2.0	12.061395	0.12604956
0.0	2.0	11.88365	0.1291711
0.0	2.0	12.721303	0.1177362
0.0	2.0	11.982764	0.114967704
0.0	2.0	12.778726	0.139224
0.0	2.0	12.489126	0.11218834
0.0	2.0	11.606463	0.10331463
0.0	2.0	12.619512	0.13732748
0.0	2.0	11.805288	0.112498745
0.0	2.0	11.848953	0.09916243
0.0	2.0	11.718559	0.13859306
0.0	2.0	12.072547	0.12537897
0.0	2.0	12.189344	0.12582032
0.0	2.0	12.327843	0.14198545
0.0	2.0	11.980566	0.12953432
0.0	2.0	11.79094	0.12399159
0.0	2.0	11.642561	0.10159257
0.0	2.0	12.266875	0.1338776
0.0	2.0	12.698973	0.12355315
0.0	2.0	12.0836315	0.13077742
0.0	2.0	12.016226	0.13130963
0.0	2.0	12.152745	0.11887252
0.0	2.0	12.339906	0.135193
0.0	2.0	11.843591	0.119676925
0.0	2.0	12.501239	0.1488201
0.0	2.0	12.429995	0.1271526
0.0	2.0	12.144135	0.11674105
0.0	2.0	12.607985	0.15031618
0.0	2.0	12.321196	0.114375114
0.0	2.0	12.087266	0.13075562
0.0	2.0	12.063368	0.13368529
0.0	2.0	12.256483	0.13121074
0.0	2.0	11.39552	0.10981097
0.0	2.0	11.926619	0.12882262
0.0	2.0	11.859939	0.1140046
0.0	2.0	12.061333	0.12747121
0.0	2.0	12.437969	0.121456265
0.0	2.0	11.345116	0.12255301
0.0	2.0	11.8969345	0.1302371
0.0	2.0	11.950652	0.13051239
0.0	2.0	11.682866	0.09926775
0.0	2.0	11.685755	0.1340871
0.0	2.0	12.197103	0.13274568
0.0	2.0	12.295729	0.13759677
0.0	2.0	12.077658	0.13163212
0.0	2.0	12.24305	0.11905317
0.0	2.0	11.830645	0.114217855
0.0	2.0	12.020577	0.11750449
0.0	2.0	11.76548	0.11236973
0.0	2.0	12.07802	0.11030989
0.0	2.0	11.423227	0.119953714
0.0	2.0	12.104774	0.13755316
0.0	2.0	12.42011	0.13860966
0.0	2.0	11.379045	0.108195975
0.0	2.0	12.207899	0.13400164
0.0	2.0	11.845213	0.11242153
0.0	2.0	11.344938	0.1117704
0.0	2.0	12.520984	0.1295398
0.0	2.0	12.464819	0.15162785
0.0	2.0	12.149542	0.12647371
0.0	2.0	11.910706	0.113724716
0.0	2.0	11.784224	0.09504135
0.0	2.0	11.957987	0.1006727
0.0	2.0	11.820639	0.113370530.0	1.2	6.430201	0.08828698
0.0	1.2	7.085429	0.07328547
0.0	1.2	6.7009134	0.053061027
0.0	1.2	7.12354	0.08393674
0.0	1.2	6.657074	0.08866439
0.0	1.2	6.728308	0.07631061
0.0	1.2	6.3576684	0.0809525
0.0	1.2	7.0456514	0.07387848
0.0	1.2	6.3780684	0.083233476
0.0	1.2	6.720079	0.105343856
0.0	1.2	6.485434	0.044980526
0.0	1.2	6.594269	0.057250876
0.0	1.2	7.1825013	0.092567824
0.0	1.2	7.2989435	0.11078929
0.0	1.2	7.1747694	0.0868471
0.0	1.2	7.0839777	0.10214888
0.0	1.2	5.8572807	0.03929201
0.0	1.2	7.1930947	0.10277168
0.0	1.2	6.421281	0.0980466
0.0	1.2	6.1188574	0.076262996
0.0	1.2	6.511813	0.06881826
0.0	1.2	6.597139	0.061937653
0.0	1.2	6.9139237	0.096993834
0.0	1.2	6.1225853	0.054170053
0.0	1.2	7.030829	0.107007295
0.0	1.2	6.2830725	0.04644139
0.0	1.2	6.4426856	0.11208338
0.0	1.2	6.159584	0.048694327
0.0	1.2	6.64314	0.062361713
0.0	1.2	6.9992585	0.093024984
0.0	1.2	7.043475	0.04692238
0.0	1.2	6.707779	0.11298803
0.0	1.2	6.6325684	0.07075717
0.0	1.2	6.9413757	0.11159569
0.0	1.2	7.0439973	0.10493908
0.0	1.2	6.758966	0.08849003
0.0	1.2	7.0269747	0.084192105
0.0	1.2	6.2371116	0.072146356
0.0	1.2	6.5383224	0.045537975
0.0	1.2	6.7554383	0.07837386
0.0	1.2	6.953491	0.090154506
0.0	1.2	6.962171	0.06636165
0.0	1.2	6.826996	0.08822485
0.0	1.2	6.5329947	0.07895589
0.0	1.2	7.128682	0.07530143
0.0	1.2	7.082985	0.101464294
0.0	1.2	7.3491883	0.08596505
0.0	1.2	6.125031	0.07128339
0.0	1.2	6.3213816	0.07019833
0.0	1.2	6.6845794	0.06717665
0.0	1.2	6.114415	0.05530423
0.0	1.2	6.8582125	0.07788797
0.0	1.2	6.7706017	0.06828731
0.0	1.2	6.6737647	0.09873021
0.0	1.2	7.1633606	0.07007976
0.0	1.2	6.4835243	0.049052678
0.0	1.2	6.4994745	0.07732678
0.0	1.2	5.987308	0.040361527
0.0	1.2	6.5447054	0.054054156
0.0	1.2	6.399558	0.09335517
0.0	1.2	6.482929	0.08183573
0.0	1.2	6.960594	0.10922852
0.0	1.2	6.3759956	0.07429991
0.0	1.2	7.2601724	0.11240878
0.0	1.2	6.6726484	0.09315096
0.0	1.2	6.2535057	0.05511563
0.0	1.2	6.2921457	0.07278228
0.0	1.2	6.680234	0.06425565
0.0	1.2	6.985161	0.083079256
0.0	1.2	6.584079	0.083567046
0.0	1.2	6.0207696	0.04785463
0.0	1.2	7.0628767	0.0749259
0.0	1.2	6.5084205	0.05131577
0.0	1.2	7.057039	0.077978864
0.0	1.2	6.8247223	0.085887216
0.0	1.2	6.6709642	0.081998594
0.0	1.2	6.8453646	0.0781103
0.0	1.2	6.951037	0.09480611
0.0	1.2	6.735812	0.07526291
0.0	1.2	6.6728897	0.07733825
0.0	1.2	6.2359357	0.048574835
0.0	1.2	6.4535623	0.056297686
0.0	1.2	7.663821	0.110226884
0.0	1.2	6.5947623	0.07757965
0.0	1.2	6.3603725	0.055574495
0.0	1.2	6.4402285	0.054769468
0.0	1.4	7.7506704	0.08207861
0.0	1.2	6.7024126	0.051830553
0.0	1.4	7.669515	0.09664898
0.0	1.4	8.576151	0.105648085
0.0	1.4	7.7253447	0.0865431
0.0	1.2	6.561757	0.07169261
0.0	1.4	6.875885	0.08080957
0.0	1.2	6.568605	0.05145478
0.0	1.4	7.5916557	0.086067826
0.0	1.2	6.277619	0.0600685
0.0	1.4	7.449768	0.1010163
0.0	1.4	7.9429474	0.081894815
0.0	1.2	6.359374	0.057390474
0.0	1.4	7.612657	0.08676648
0.0	1.2	6.717888	0.045316167
0.0	1.4	7.7714105	0.11003006
0.0	1.2	6.6035385	0.084315024
0.0	1.4	7.6638923	0.0917824
0.0	1.4	7.9148583	0.087034434
0.0	1.4	7.764473	0.117763095
0.0	1.2	6.5069437	0.05941112
0.0	1.4	7.525241	0.09603905
0.0	1.4	7.8312173	0.10927264
0.0	1.4	7.509679	0.07214319
0.0	1.2	6.5928254	0.08266871
0.0	1.2	6.399287	0.08181102
0.0	1.2	6.4180956	0.057065085
0.0	1.4	7.5491576	0.064441904
0.0	1.4	7.2645845	0.07031198
0.0	1.4	7.436076	0.075116724
0.0	1.4	7.638648	0.12168268
0.0	1.2	6.4951124	0.07625974
0.0	1.2	7.054625	0.09309412
0.0	1.4	7.287346	0.08188552
0.0	1.4	7.406723	0.09228577
0.0	1.4	7.997454	0.07561615
0.0	1.4	7.4331617	0.08844428
0.0	1.4	7.244525	0.10392782
0.0	1.4	7.916728	0.06971084
0.0	1.4	7.5042715	0.09918896
0.0	1.4	7.4978104	0.09091936
0.0	1.4	8.057821	0.105590165
0.0	1.4	7.0612893	0.062943004
0.0	1.4	7.433043	0.07451949
0.0	1.4	7.226457	0.06378873
0.0	1.4	7.7314315	0.07775939
0.0	1.4	7.894217	0.0690586
0.0	1.4	7.3434677	0.08323315
0.0	1.4	8.1050415	0.12243809
0.0	1.4	7.330355	0.04299897
0.0	1.4	7.3287063	0.08982205
0.0	1.4	7.3912973	0.09267667
0.0	1.4	7.940277	0.09835464
0.0	1.4	7.840557	0.09917662
0.0	1.4	7.8183794	0.092733674
0.0	1.4	7.4584227	0.08452806
0.0	1.4	7.3465743	0.06581223
0.0	1.4	7.103204	0.0824721
0.0	1.4	7.4347677	0.09418103
0.0	1.4	7.9837723	0.118309036
0.0	1.4	7.7346168	0.08564605
0.0	1.4	7.57863	0.07977546
0.0	1.4	7.759715	0.10634066
0.0	1.4	7.88338	0.09540062
0.0	1.4	7.428693	0.12106916
0.0	1.4	7.783507	0.09279548
0.0	1.4	7.619323	0.04671958
0.0	1.4	7.412346	0.09719907
0.0	1.4	7.508722	0.11105319
0.0	1.4	7.550191	0.08397379
0.0	1.4	8.026822	0.09315303
0.0	1.4	8.179612	0.10755865
0.0	1.4	7.567117	0.09620008
0.0	1.4	7.626616	0.092106275
0.0	1.4	7.3198533	0.08032174
0.0	1.4	7.446092	0.05796636
0.0	1.4	7.2684774	0.062206622
0.0	1.4	7.5741158	0.087635234
0.0	1.4	7.509696	0.059446406
0.0	1.4	7.6903787	0.099572875
0.0	1.4	7.8113847	0.11228461
0.0	1.4	6.994592	0.10674791
0.0	1.4	7.9653535	0.09316483
0.0	1.4	7.74263	0.096298754
0.0	1.4	8.058214	0.106639974
0.0	1.4	7.3160505	0.091797955
0.0	1.4	7.457071	0.07835811
0.0	1.4	7.730052	0.07828794
0.0	1.4	7.6067634	0.104723655
0.0	1.4	7.322589	0.08572968
0.0	1.4	7.886387	0.08276352
0.0	1.4	7.1625643	0.11769922
0.0	1.4	7.6814547	0.10368645
0.0	1.4	7.8605957	0.11459998
0.0	1.4	8.052341	0.093270615
0.0	1.4	7.5681396	0.07356073
0.0	1.4	7.5453353	0.08799957
0.0	1.6	9.375021	0.12726897
0.0	1.6	9.287413	0.08111152
0.0	1.4	7.7765837	0.08856033
0.0	1.6	9.513118	0.11980122
0.0	1.4	7.9588547	0.11181318
0.0	1.4	7.946238	0.07884673
0.0	1.6	9.343447	0.10896444
0.0	1.4	7.58416	0.09234287
0.0	1.6	9.79828	0.14275797
0.0	1.6	9.033134	0.11719086
0.0	1.4	7.5195746	0.114818335
0.0	1.4	7.8149233	0.1255516
0.0	1.4	7.6859665	0.08975546
0.0	1.4	8.073659	0.08976198
0.0	1.6	8.986361	0.078834146
0.0	1.6	9.317103	0.12032343
0.0	1.6	9.380162	0.10068742
0.0	1.6	8.86989	0.10466582
0.0	1.4	7.2188234	0.10483953
0.0	1.6	9.641924	0.08528664
0.0	1.6	9.090872	0.09266206
0.0	1.4	7.241346	0.08419792
0.0	1.6	9.407434	0.10588825
0.0	1.6	8.751646	0.11035613
0.0	1.6	8.743858	0.070114285
0.0	1.4	7.5630136	0.07988312
0.0	1.6	9.363658	0.103606105
0.0	1.4	7.67673	0.09308345
0.0	1.6	8.983719	0.09074933
0.0	1.4	7.68086	0.06430275
0.0	1.6	9.2972975	0.10241535
0.0	1.6	9.046673	0.09510691
0.0	1.6	9.293501	0.09921629
0.0	1.4	8.009169	0.094598345
0.0	1.4	7.449041	0.079536706
0.0	1.4	8.268933	0.07918094
0.0	1.6	9.448092	0.09984514
0.0	1.6	9.27243	0.09902093
0.0	1.6	9.5230465	0.12717092
0.0	1.6	9.884637	0.118736595
0.0	1.6	8.881778	0.11130694
0.0	1.6	8.752698	0.08952011
0.0	1.6	8.755401	0.097086415
0.0	1.6	8.966341	0.108810164
0.0	1.6	9.251546	0.10386103
0.0	1.6	9.080287	0.1051419
0.0	1.6	8.956446	0.083289705
0.0	1.6	9.780146	0.10075611
0.0	1.6	8.883335	0.09584849
0.0	1.6	9.4383	0.14094292
0.0	1.6	8.866424	0.08483783
0.0	1.6	9.492375	0.09081616
0.0	1.6	9.30038	0.099170424
0.0	1.6	9.306007	0.09363316
0.0	1.6	9.183766	0.09185326
0.0	1.6	9.044495	0.10375268
0.0	1.6	9.818057	0.11030783
0.0	1.6	9.407606	0.10422673
0.0	1.6	9.605103	0.08970525
0.0	1.6	8.908288	0.09653357
0.0	1.6	9.130768	0.09776279
0.0	1.6	9.678007	0.13077009
0.0	1.6	9.87849	0.13388938
0.0	1.6	9.240007	0.112458155
0.0	1.6	8.785849	0.09945951
0.0	1.6	9.214424	0.10902749
0.0	1.6	9.295362	0.08694177
0.0	1.6	9.517525	0.12649813
0.0	1.6	9.571922	0.11702239
0.0	1.6	9.512555	0.094407074
0.0	1.6	9.488264	0.09926706
0.0	1.6	9.169194	0.11672072
0.0	1.6	9.040037	0.11024462
0.0	1.6	9.297806	0.12885676
0.0	1.6	9.475009	0.112344205
0.0	1.6	9.297074	0.0869648
0.0	1.6	8.748128	0.06292746
0.0	1.6	9.192839	0.105497584
0.0	1.6	9.431402	0.09412496
0.0	1.6	9.090359	0.10604237
0.0	1.6	9.003019	0.087561056
0.0	1.6	9.519545	0.11823385
0.0	1.6	8.9636	0.10941179
0.0	1.6	8.767123	0.08377769
0.0	1.6	9.160901	0.100991674
0.0	1.6	9.4970665	0.11953976
0.0	1.6	9.218899	0.10527572
0.0	1.6	9.253282	0.10913155
0.0	1.6	8.925684	0.081468105
0.0	1.6	9.164663	0.11232443
0.0	1.6	8.883568	0.09754914
0.0	1.6	8.867091	0.09054565
0.0	1.6	8.927876	0.100050725
0.0	1.6	9.413584	0.13354088
0.0	1.6	8.546934	0.08404799
0.0	1.6	9.252398	0.11285619
0.0	1.6	9.665436	0.121035226
0.0	1.6	9.760234	0.104019344
0.0	1.6	9.396101	0.10738178
0.0	1.6	8.61055	0.08001773
0.0	1.6	9.406197	0.112712495
0.0	1.6	8.729093	0.10152566
0.0	1.6	9.202927	0.11637785
0.0	1.6	8.952125	0.115031384
0.0	1.6	9.446446	0.12093707
0.0	1.6	9.28735	0.07556409
0.0	1.6	9.280352	0.10381013
0.0	1.6	9.762346	0.11264039
0.0	1.6	9.114905	0.12998214
0.0	1.6	9.396761	0.09373276
0.0	1.6	9.852507	0.13024485
0.0	1.6	9.6719	0.104372814
0.0	1.6	8.861528	0.11283902
0.0	1.6	9.139495	0.09432931
0.0	1.6	9.87987	0.102653384
0.0	1.6	9.219501	0.10045472
0.0	0.25	1.127343	0.12291354
0.0	0.25	0.3322702	0.1121142
0.0	0.25	0.12653475	0.1687813
0.0	0.25	0.89610994	0.068510525
0.0	0.25	0.23383956	0.11171688
0.0	0.25	1.320874	0.06729888
0.0	0.25	0.34785953	0.11276053
0.0	0.25	0.0794967	0.11694523
0.0	0.25	0.21297231	0.12233713
0.0	0.25	1.5737245	0.057471577
0.0	0.25	0.56499255	0.046608496
0.0	0.25	0.38784498	0.075604096
0.0	0.25	1.2163966	0.060372464
0.0	0.25	0.019507976	0.17128895
0.0	0.25	1.5155451	0.050751153
0.0	0.25	0.891493	0.047283173
0.0	0.25	0.23651767	0.06963026
0.0	0.25	0.74250716	0.06717321
0.0	0.25	1.1575161	0.091467686
0.0	0.25	0.48790216	0.072983876
0.0	0.25	1.7566334	0.050201308
0.0	0.25	1.0175644	0.063926734
0.0	0.25	0.95668185	0.052382555
0.0	0.25	0.34767085	0.09425222
0.0	0.25	-0.7911509	0.33652627
0.0	0.25	-0.40869373	0.030027682
0.0	0.25	0.27035576	0.1494132
0.0	0.25	1.7006184	0.1215497
0.0	0.25	0.15903899	0.07112978
0.0	0.25	0.4340282	0.074735686
0.0	0.25	0.43525228	0.078305945
0.0	0.25	-0.47133845	0.16711275
0.0	0.25	0.8519909	0.07965688
0.0	0.25	1.6070697	0.122389756
0.0	0.25	0.5631318	0.06198385
0.0	0.25	-0.78645563	0.08329063
0.0	0.25	-1.186693	0.22793424
0.0	0.25	0.5587791	0.08721701
0.0	0.25	0.78203124	0.032108746
0.0	0.25	-0.4961112	0.19405878
0.0	0.25	-0.7797314	0.041590005
0.0	0.25	1.0092261	0.053522244
0.0	0.25	0.26494175	0.046541795
0.0	0.25	1.2977804	0.050342303
0.0	0.25	0.88690835	0.092758596
0.0	0.25	0.28326917	0.056051735
0.0	0.25	0.9898089	0.12797941
0.0	0.25	0.792683	0.046152484
0.0	0.25	0.75477105	0.07871421
0.0	0.25	1.2548236	0.09523003
0.0	0.25	-0.29298648	0.052003317
0.0	0.4	2.2903771	0.087153435
0.0	0.25	0.58010435	0.1590625
0.0	0.25	1.3741999	0.06507233
0.0	0.4	1.3001755	0.045518186
0.0	0.4	2.4156296	0.09575174
0.0	0.4	0.99682885	0.03623803
0.0	0.25	0.10765648	0.059305888
0.0	0.4	2.5743847	0.113903165
0.0	0.4	1.873111	0.05110038
0.0	0.4	1.7050133	0.031873737
0.0	0.4	2.0202847	0.036488872
0.0	0.4	1.8951437	0.044019047
0.0	0.4	1.8705461	0.032211415
0.0	0.4	1.7159207	0.025141392
0.0	0.4	0.8664686	0.09320383
0.0	0.4	0.9959861	0.043349613
0.0	0.4	1.0057634	0.056056175
0.0	0.4	2.3809028	0.05291076
0.0	0.4	1.6648048	0.048912894
0.0	0.4	1.3505676	0.07240233
0.0	0.4	1.5130577	0.059479628
0.0	0.4	1.2513125	0.15237474
0.0	0.4	1.0207517	0.056167036
0.0	0.4	1.5674365	0.022539262
0.0	0.4	2.0325742	0.04647993
0.0	0.4	2.3415744	0.044752553
0.0	0.4	1.6634691	0.0378185
0.0	0.4	1.2704946	0.03660955
0.0	0.4	1.1678708	0.028555566
0.0	0.4	1.3700379	0.03698633
0.0	0.4	1.5851502	0.051302437
0.0	0.4	1.7014488	0.0515846
0.0	0.4	2.2436302	0.03901349
0.0	0.4	1.048805	0.027495297
0.0	0.4	1.8293545	0.044342507
0.0	0.4	1.6301216	0.04926612
0.0	0.4	1.3382753	0.04371985
0.0	0.4	2.1207294	0.045522094
0.0	0.4	1.4091371	0.050081704
0.0	0.4	1.820913	0.04491538
0.0	0.4	1.8882732	0.078815855
0.0	0.4	1.2132438	0.08186292
0.0	0.4	0.82666904	0.049179144
0.0	0.4	0.8522538	0.08410551
0.0	0.4	1.4383074	0.026651058
0.0	0.4	1.7945035	0.04782335
0.0	0.4	1.9686625	0.021679578
0.0	0.4	1.8557994	0.060928553
0.0	0.4	0.43349442	0.062194753
0.0	0.4	1.8573322	0.04400224
0.0	0.4	1.200012	0.103026696
0.0	0.4	0.43285227	0.045396507
0.0	0.45	2.0253134	0.03097245
0.0	0.4	1.6959422	0.02896557
0.0	0.4	1.5731765	0.045112398
0.0	0.45	1.2889701	0.029034175
0.0	0.4	0.232753	0.045795225
0.0	0.4	1.7928131	0.046602797
0.0	0.45	2.6549206	0.038264655
0.0	0.45	2.0105147	0.02812254
0.0	0.45	1.8252466	0.05132853
0.0	0.4	2.235809	0.07180113
0.0	0.45	2.0104606	0.030222878
0.0	0.45	2.3199215	0.031805612
0.0	0.45	2.0695636	0.028351767
0.0	0.45	1.0612333	0.029262625
0.0	0.45	1.9624109	0.04123131
0.0	0.45	2.1162899	0.039876297
0.0	0.45	2.219154	0.046442036
0.0	0.45	1.7189633	0.050691742
0.0	0.45	1.5990146	0.035944663
0.0	0.45	1.8729779	0.021703396
0.0	0.45	2.2855687	0.05940685
0.0	0.45	1.5905344	0.041381467
0.0	0.45	1.973161	0.04292471
0.0	0.45	2.3944237	0.036807433
0.0	0.45	1.7068447	0.04300708
0.0	0.45	1.7427105	0.03748375
0.0	0.45	2.774242	0.07456864
0.0	0.45	1.3830055	0.023094751
0.0	0.45	2.2619247	0.04020911
0.0	0.45	1.1985906	0.05421012
0.0	0.45	2.0574505	0.021789549
0.0	0.45	2.1496253	0.042373583
0.0	0.45	2.4916077	0.07024659
0.0	0.45	2.1677601	0.04135715
0.0	0.45	1.1705042	0.015169879
0.0	0.45	2.4807417	0.046144485
0.0	0.45	2.0527236	0.06996983
0.0	0.45	0.53019446	0.061200332
0.0	0.45	1.6297429	0.041623916
0.0	0.45	2.4114218	0.053016637
0.0	0.45	1.253166	0.033195812
0.0	0.45	1.2662249	0.024540873
0.0	0.45	2.1012464	0.030905524
0.0	0.45	1.8844659	0.052182265
0.0	0.45	1.9819195	0.053319097
0.0	0.45	2.0754993	0.06541321
0.0	0.45	2.4049354	0.05169635
0.0	0.45	2.4107316	0.04246958
0.0	0.45	2.0139186	0.027012812
0.0	0.45	2.4399962	0.06230935
0.0	0.45	2.537713	0.03569103
0.0	0.45	2.0258138	0.02627554
0.0	0.45	0.9387131	0.032508314
0.0	0.55	1.789674	0.03361836
0.0	0.45	2.3726199	0.02525929
0.0	0.45	1.2148862	0.03857101
0.0	0.55	1.8969135	0.04027541
0.0	0.45	1.5417144	0.047737036
0.0	0.45	2.4333367	0.038236395
0.0	0.55	2.9351654	0.03148519
0.0	0.55	2.3219533	0.038694102
0.0	0.45	1.9740479	0.05548632
0.0	0.55	2.511111	0.03520659
0.0	0.55	2.0183907	0.019752579
0.0	0.55	2.5625172	0.06449707
0.0	0.45	1.7495251	0.041293822
0.0	0.55	2.6812406	0.05376096
0.0	0.55	2.763576	0.04674162
0.0	0.55	2.4542212	0.033003293
0.0	0.55	2.2238066	0.021183966
0.0	0.55	2.981742	0.056467842
0.0	0.55	3.101419	0.027371269
0.0	0.55	2.10937	0.039656848
0.0	0.55	2.6539714	0.048233014
0.0	0.55	2.2034793	0.06546226
0.0	0.55	2.4526832	0.061071865
0.0	0.55	1.4674876	0.050608546
0.0	0.55	2.0568306	0.04719665
0.0	0.55	2.0541906	0.031338237
0.0	0.55	2.062236	0.039349385
0.0	0.55	2.7929096	0.043147746
0.0	0.55	2.223247	0.035779115
0.0	0.55	2.7146573	0.03736373
0.0	0.55	2.4931877	0.061977994
0.0	0.55	2.2753792	0.0348923
0.0	0.55	2.614807	0.04592452
0.0	0.55	2.3675895	0.027201582
0.0	0.55	2.5787315	0.04218691
0.0	0.55	2.4858866	0.07016136
0.0	0.55	1.3888706	0.10103548
0.0	0.55	2.489532	0.058508817
0.0	0.55	1.7576622	0.042867966
0.0	0.55	3.0760093	0.022322755
0.0	0.55	2.7380502	0.0481392
0.0	0.55	2.3425384	0.037912957
0.0	0.55	1.3060992	0.035815693
0.0	0.55	1.6996632	0.05379812
0.0	0.55	2.3467739	0.023926383
0.0	0.55	2.9899387	0.039003838
0.0	0.55	2.5208068	0.016769558
0.0	0.55	3.0821338	0.05217601
0.0	0.55	2.7918084	0.03712404
0.0	0.55	2.3310835	0.047951326
0.0	0.55	1.7213017	0.043728583
0.0	0.55	2.6479468	0.033536196
0.0	0.55	1.694471	0.05162965
0.0	0.55	2.0552502	0.02583515
0.0	0.55	3.2316864	0.07129936
0.0	0.55	2.373691	0.017577449
0.0	0.55	2.8338027	0.028636413
0.0	0.55	2.5153577	0.039618302
0.0	0.55	2.8380232	0.034482617
0.0	0.55	2.4413857	0.04207807
0.0	0.25	0.65388525	0.11823285
0.0	0.25	0.21242988	0.14232485
0.0	0.25	0.6404177	0.056287806
0.0	0.4	1.0800312	0.044359606
0.0	0.4	2.5913186	0.050103914
0.0	0.4	0.6338326	0.0764077
0.0	0.45	1.9149815	0.026337875
0.0	0.45	1.078558	0.036686208
0.0	0.45	1.77613	0.039190076
0.0	0.55	1.6880455	0.03676826
0.0	0.55	1.3061063	0.05011689
0.0	0.55	2.82708	0.04021306
0.0	0.25	0.28570944	0.13533951
0.0	0.25	-0.8841847	0.07784364
0.0	0.25	-1.6476395	0.16321361
0.0	0.25	0.46173137	0.041421562
0.0	0.25	1.8839519	0.097818635
0.0	0.25	0.82836896	0.0610052
0.0	0.4	0.06381225	0.05189081
0.0	0.4	1.8588502	0.040775485
0.0	0.4	2.1290843	0.055614106
0.0	0.4	1.2982477	0.032057285
0.0	0.4	2.042402	0.037731703
0.0	0.4	1.7290634	0.069033384
0.0	0.45	1.6480118	0.038183108
0.0	0.45	2.353788	0.03238205
0.0	0.45	1.513974	0.041079607
0.0	0.45	2.183873	0.03430791
0.0	0.45	1.8617224	0.041865703
0.0	0.45	2.4373105	0.036137145
0.0	0.55	2.6849697	0.05622075
0.0	0.55	2.6139817	0.02983558
0.0	0.55	2.825953	0.035627097
0.0	0.55	1.9997485	0.032378715
0.0	0.55	2.9698455	0.035672918
0.0	0.55	2.1045585	0.03969479
0.0	0.25	-0.533965	0.097546265
0.0	0.25	-0.25298986	0.13292874
0.0	0.25	0.9351031	0.13671124
0.0	0.25	1.1243746	0.046312187
0.0	0.25	0.7825508	0.048711892
0.0	0.25	-0.72639215	0.04744261
0.0	0.25	0.0065839016	0.057790797
0.0	0.25	0.9185236	0.053736694
0.0	0.25	-1.933347	0.116077684
0.0	0.25	-1.1251266	0.13544805
0.0	0.25	-0.52996844	0.10174614
0.0	0.25	1.1537281	0.019411076
0.0	0.25	1.3457125	0.087130904
0.0	0.25	0.97033024	0.07921555
0.0	0.25	1.6019138	0.084520295
0.0	0.25	-0.42750302	0.15451494
0.0	0.25	0.7255586	0.057506632
0.0	0.4	2.0077755	0.03544757
0.0	0.25	0.51372904	0.13144536
0.0	0.25	-0.028025646	0.059187904
0.0	0.25	0.8864206	0.0515818
0.0	0.25	1.327265	0.049713645
0.0	0.25	1.5943035	0.0654117
0.0	0.25	0.44664884	0.05726322
0.0	0.25	0.29051423	0.10715376
0.0	0.4	1.985569	0.08309303
0.0	0.25	1.0134896	0.06521611
0.0	0.25	0.80610734	0.032095224
0.0	0.25	-0.56169915	0.025124324
0.0	0.25	0.7111251	0.04016559
0.0	0.25	-0.8961774	0.10910051
0.0	0.4	1.6335741	0.063478924
0.0	0.25	-0.5460464	0.1714519
0.0	0.25	-0.6132887	0.11731416
0.0	0.25	-0.19741222	0.056912623
0.0	0.25	-0.4752268	0.09164898
0.0	0.25	0.28425884	0.112916596
0.0	0.4	2.3771484	0.025619363
0.0	0.25	0.01384033	0.039737456
0.0	0.4	1.3776844	0.08458641
0.0	0.4	1.4597855	0.059989795
0.0	0.4	1.2550489	0.050780363
0.0	0.25	1.038323	0.06366478
0.0	0.25	0.69102395	0.07839487
0.0	0.4	2.1359622	0.06705456
0.0	0.4	0.100048944	0.040402245
0.0	0.4	1.8262603	0.041728366
0.0	0.4	1.3186696	0.032797005
0.0	0.4	2.0512195	0.025688848
0.0	0.4	0.7757288	0.061413962
0.0	0.4	1.5719416	0.035324812
0.0	0.4	1.3449671	0.062557824
0.0	0.4	0.39614734	0.09128727
0.0	0.4	2.701309	0.074497335
0.0	0.45	2.37158	0.07140217
0.0	0.4	1.6482538	0.040941577
0.0	0.4	1.7809967	0.02777493
0.0	0.4	2.136071	0.025690602
0.0	0.4	2.034163	0.054720465
0.0	0.4	1.6259794	0.059945878
0.0	0.4	1.4184293	0.032331493
0.0	0.4	2.2175279	0.08237127
0.0	0.45	1.4942681	0.03370718
0.0	0.4	1.4311221	0.035378996
0.0	0.4	1.7534975	0.034979973
0.0	0.4	1.3159345	0.08636769
0.0	0.4	1.6459242	0.0346647
0.0	0.4	2.1825747	0.06343172
0.0	0.45	1.9693934	0.06493164
0.0	0.4	1.2000048	0.06386622
0.0	0.4	1.4143938	0.060722455
0.0	0.4	1.7245858	0.06858457
0.0	0.4	2.0512185	0.085582964
0.0	0.4	1.354204	0.06541432
0.0	0.45	2.1534448	0.028744448
0.0	0.45	2.301553	0.10228823
0.0	0.4	1.3967365	0.110468715
0.0	0.45	2.0346675	0.03187948
0.0	0.45	1.5429426	0.03348912
0.0	0.45	1.5973423	0.05784185
0.0	0.4	1.404722	0.03689526
0.0	0.4	1.7138903	0.059909705
0.0	0.45	1.935241	0.022529243
0.0	0.45	1.5386432	0.041746374
0.0	0.45	2.4817696	0.041814364
0.0	0.45	1.6088531	0.0436503
0.0	0.45	1.584453	0.09028109
0.0	0.45	2.0547378	0.029192228
0.0	0.45	1.4937901	0.020804202
0.0	0.45	1.632502	0.06202583
0.0	0.45	1.5200365	0.0322911
0.0	0.55	2.3955464	0.047752604
0.0	0.45	1.7205708	0.026295962
0.0	0.45	2.305782	0.044237368
0.0	0.45	2.0383644	0.04337422
0.0	0.45	1.7432216	0.043364547
0.0	0.55	2.6979454	0.030279053
0.0	0.45	2.456832	0.035123784
0.0	0.45	0.78608406	0.05217845
0.0	0.45	1.7854713	0.043977525
0.0	0.45	2.0755744	0.065343246
0.0	0.45	1.6834965	0.02504179
0.0	0.45	1.6461391	0.07779639
0.0	0.45	1.4435173	0.022763645
0.0	0.45	0.53787816	0.094625175
0.0	0.55	2.7335122	0.04268455
0.0	0.45	1.9603863	0.058793776
0.0	0.45	2.5708756	0.046464685
0.0	0.45	1.482913	0.077800944
0.0	0.45	2.5827365	0.040422555
0.0	0.55	2.9588647	0.06049802
0.0	0.55	2.389628	0.031227442
0.0	0.55	1.4788673	0.048045967
0.0	0.55	2.7689257	0.028567564
0.0	0.55	2.3257587	0.02923532
0.0	0.45	1.8488076	0.051127058
0.0	0.45	2.6310246	0.03823245
0.0	0.55	2.5275717	0.045332786
0.0	0.45	1.7966919	0.024305616
0.0	0.55	2.7133489	0.02941218
0.0	0.55	2.1579006	0.0402766
0.0	0.55	2.80066	0.07019563
0.0	0.55	2.1220894	0.05004917
0.0	0.55	2.5431051	0.038425174
0.0	0.55	1.7947897	0.032979053
0.0	0.55	1.5057262	0.022048943
0.0	0.55	2.7409852	0.025770867
0.0	0.55	1.4697092	0.05239508
0.0	0.55	2.6517427	0.041327305
0.0	0.55	2.2311168	0.032402147
0.0	0.55	2.1586127	0.05422955
0.0	0.55	2.6848347	0.027345603
0.0	0.55	2.0420558	0.02805262
0.0	0.55	2.2228086	0.07882794
0.0	0.55	2.926356	0.06013272
0.0	0.55	2.6063943	0.024923123
0.0	0.55	2.566351	0.028547863
0.0	0.55	2.4403167	0.07328712
0.0	0.55	2.7436497	0.071995065
0.0	0.55	2.369727	0.031685855
0.0	0.55	2.6638627	0.04173776
0.0	0.55	1.9219555	0.020225964
0.0	0.55	2.4628608	0.052893136
0.0	0.55	2.3898776	0.04432496
0.0	0.55	2.5263867	0.026312212
0.0	0.55	3.041766	0.046016704
0.0	0.55	2.8679936	0.083945304