  0.00000347851433499  0.00001686814447387  0.00002887063637860  0.00004279344664773
  0.00005630256334586  0.00006993757961071  0.00008395104898893  0.00009839136844415
  0.00011316682711402  0.00012832435795905  0.00014375307531073  0.00015949679041809
  0.00017596295081850  0.00019345011162651  0.00021234134165526  0.00023225795434236
  0.00025290563820146  0.00027445517921464  0.00029693539002511  0.00032035004276376
  0.00034505361328930  0.00037102278408179  0.00039809162341978  0.00042570596126076
  0.00045465934601713  0.00048448487983818  0.00051604968905073  0.00054916333363021
  0.00058339077918760  0.00061994041657822  0.00065818422106705  0.00069880852397829
  0.00074048864967849  0.00078405590635776  0.00082912030310464  0.00087605499875110
  0.00092686311361163  0.00098050415350019  0.00103869259510078  0.00109979033932256
  0.00116360516210867  0.00123086343225662  0.00130071010976382  0.00137331402185163
  0.00144989247033542  0.00152878210963084  0.00161035255640313  0.00169945368586829
  0.00179137723416452  0.00188874936388866  0.00198753968472397  0.00208978631691415
  0.00219456251221792  0.00230016833011564  0.00240938579992195  0.00252964123247838
  0.00265139404513554  0.00277764273196048  0.00291187815833799  0.00305608063539035
  0.00321301471693244  0.00337576143789119  0.00354442254938104  0.00372508530709060
  0.00390941616488209  0.00410065557382827  0.00430019571928516  0.00450660218043782
  0.00474736067376901  0.00499768114240735  0.00527096198469511  0.00559168987798347
  0.00595093548303917  0.00633888394537007  0.00673096829475297  0.00714023941166722
  0.00759753558306546  0.00808945182662498  0.00864725072882419  0.00919479138302079
  0.00977461843765962  0.01036640232867369  0.01092165919472788  0.01185090360213773
  0.01327149310553090  0.01503131152126589  0.01657257016803206  0.01812508472918464
  0.01942198520517081  0.02090243964686030  0.02475425792832578  0.02763142886691024
  0.03141782425746409  0.04294103438491391  0.46701898175946521  1.00000000000000000
 -0.00253982570784825  0.00988715714214822  0.02040089454348445  0.03111319629916424
  0.04166637477158156  0.05202692755884869  0.06218426045268260  0.07244505057483615
  0.08272921513101596  0.09327862946010079  0.10382975875370824  0.11452416066797007
  0.12525249167947142  0.13584098701845640  0.14650663463265690  0.15729166188133073
  0.16837005729335267  0.17951505459720793  0.19051090205836538  0.20117219928673430
  0.21166357420031720  0.22202281258223716  0.23238695847214536  0.24270450276602520
  0.25309475424540068  0.26359455029074585  0.27412773639370180  0.28467697023328015
  0.29516203273215147  0.30570056717838645  0.31610213100877493  0.32670077889350024
  0.33705694874295955  0.34743522913020447  0.35783942040941535  0.36828189654119231
  0.37867924382874563  0.38901258323636101  0.39949596775260621  0.41003023247737863
  0.42028981186381020  0.43044908591631664  0.44070435534595415  0.45117023274394730
  0.46163377910303582  0.47203312773187561  0.48240483243413845  0.49291042860659046
  0.50351261961685290  0.51410021965402763  0.52464970027939828  0.53506940350401122
  0.54556138667314935  0.55620328927770812  0.56694291675183628  0.57771573548852073
  0.58845453482899224  0.59913319219809003  0.60957766942264668  0.62004806197313345
  0.63048661259737493  0.64098266870499909  0.65132836885245338  0.66183410177674695
  0.67242531589393106  0.68323927027062592  0.69379718444195138  0.70438730072680367
  0.71501869882581803  0.72573528660578512  0.73598979229086969  0.74633832477702988
  0.75668547053233304  0.76702538943275400  0.77720025312955987  0.78731792512275667
  0.79778547237104347  0.80817199071918644  0.81919334897305840  0.83035638838052728
  0.84136282907291460  0.85211130743404262  0.86302708932260419  0.87374964409550959
  0.88406442793952533  0.89425989221160107  0.90503724754281423  0.91604735809552773
  0.92672335070905898  0.93719727375582118  0.94740369586425177  0.95775667979298418
  0.96826655792944882  0.97879767824459729  0.98950091212006130  1.00000000000000000
 -0.00370481335471117  0.02249123399879225  0.04189705444535165  0.05875526166498658
  0.07424102503876269  0.08871101261650689  0.10239624445431952  0.11537481948194248
  0.12787064995357927  0.13990243986899067  0.15163518245834806  0.16298987688006092
  0.17401508559467180  0.18482800946268882  0.19551753578925568  0.20604828273571996
  0.21627044765675318  0.22629522301542579  0.23619803304315456  0.24604598765811822
  0.25564211973459466  0.26496496454028401  0.27415081461730739  0.28342591700779840
  0.29273200600827437  0.30189899550745908  0.31102064175444166  0.32007878327812783
  0.32902648471159296  0.33779431427655943  0.34657385699042897  0.35541561211343303
  0.36427433639422013  0.37303419366826779  0.38180410531808312  0.39053696735365007
  0.39910086866526517  0.40751305458896792  0.41591363401506259  0.42442817054418247
  0.43303843832320899  0.44165038849767463  0.45022748215238007  0.45878756349150501
  0.46734873385586240  0.47588678464595363  0.48438607573558401  0.49292398108955648
  0.50142671290370977  0.50990233655631068  0.51835094534725956  0.52667063093195032
  0.53492135570142252  0.54322873839077090  0.55159136920762919  0.56005878919208163
  0.56852471540742000  0.57702152649205118  0.58564095741682931  0.59444193379561405
  0.60328074888570660  0.61200856130133963  0.62070548441091911  0.62941243174559047
  0.63809118874737680  0.64669072574237407  0.65521617493400541  0.66378048798830314
  0.67251686519316844  0.68138463523729687  0.69031203815490827  0.69932269681502368
  0.70839879917101267  0.71774429937707307  0.72721046659718291  0.73655149827972655
  0.74588063882038114  0.75522080377374967  0.76464851974222070  0.77417266465938717
  0.78381684104189608  0.79371288927513350  0.80371916612893513  0.81385764463689036
  0.82433210818055835  0.83519883857274468  0.84654107550632440  0.85849394139735002
  0.87113735345353671  0.88419518903532601  0.89766089672253191  0.91194814649078937
  0.92742822180922013  0.94496603647913502  0.96775670949215109  1.00000000000000000
 -0.01998324967081869  0.12079686780882154  0.15936627894353528  0.18308258835833680
  0.20145626838252972  0.21666298931002670  0.22998598249958524  0.24206072571645226
  0.25313331697291669  0.26316884671334856  0.27253964975464984  0.28137651273515246
  0.29003412370766329  0.29823192759635320  0.30607915019398563  0.31378941935976562
  0.32123553349807887  0.32849358880055490  0.33545739518848844  0.34211435592385225
  0.34864779823180597  0.35512844767649437  0.36148563382126991  0.36782899971638272
  0.37409176064233568  0.38021631362985564  0.38621836894661371  0.39209708863033926
  0.39782577765801025  0.40344828145185913  0.40906497231728378  0.41468112886715008
  0.42015393427488190  0.42541239537771564  0.43061692083908948  0.43577860780197886
  0.44089186922895368  0.44596749004699537  0.45107419392816733  0.45620257160004990
  0.46141028663240002  0.46661993590988088  0.47179028414307855  0.47692755850718538
  0.48202564657565267  0.48710120959138492  0.49219964791504278  0.49728013848443525
  0.50222501364279282  0.50718260458199782  0.51214358603071386  0.51722392650555904
  0.52236517854260933  0.52757834327278563  0.53277038982130043  0.53796688058696052
  0.54319294917517280  0.54841710618111361  0.55363927193124707  0.55886512910215425
  0.56410789931275562  0.56946902490169860  0.57485311745720624  0.58028253015256481
  0.58579744117231403  0.59133030162941591  0.59689740415680814  0.60249970407555742
  0.60822862834217795  0.61408931725586735  0.61998814079708642  0.62597516538466835
  0.63213209148712690  0.63839040485455867  0.64478415276359202  0.65136785027118072
  0.65801689801295704  0.66470991757588871  0.67157666304553398  0.67869888935516820
  0.68596493617946908  0.69361962067317739  0.70151489235558961  0.70962363679526874
  0.71831102645675160  0.72724783145003069  0.73694328865445369  0.74711362128605696
  0.75829102296400130  0.77044581558076353  0.78377684595771735  0.79874713234432360
  0.81691222751817061  0.84039835016583408  0.87904660273263313  1.00000000000000000
   2.5285900227283373E-002  -1.0000000000000000     
 T T T T T T T T T T T T T T T T F F F F F F F F F F F F F F F F
  <DiscreteSampler_grid>
  grouped_processes
  1 # 1 for a reference and 2 for a running grid.
  10 # Attribute 'min_bin_probing_points' of the grid.
  1 # Attribute 'grid_mode' of the grid. 1=='default',2=='initialization'
  0.0000000000000000 # Attribute 'small_contrib_threshold' of the grid.
  0.5000000000000000 # Attribute 'damping_power' of the grid.
 # binID   n_entries weight   weight_sqr   abs_weight
    10   10   1.766776842803736E+009   4.791546716332845E+018   1.766776842803736E+009
    16   10   1.766776842803736E+009   4.791546716332845E+018   1.766776842803736E+009
  </DiscreteSampler_grid>
