  0.00000199050004364  0.00001114109518733  0.00002338541791692  0.00003576167074657
  0.00004804629665024  0.00006048483262061  0.00007327727460602  0.00008653912551076
  0.00010019286481680  0.00011432398184829  0.00012893446938099  0.00014383774839404
  0.00015898721499888  0.00017485924081896  0.00019189872465704  0.00020977650056895
  0.00022837672346033  0.00024822612077635  0.00026900419635255  0.00029051191916112
  0.00031309159684055  0.00033654928939748  0.00036080178927466  0.00038614364993925
  0.00041231478172297  0.00044026966756472  0.00046985473166604  0.00050066808793615
  0.00053281773128204  0.00056600301126436  0.00060011327452598  0.00063570000532326
  0.00067245576788065  0.00071122531718807  0.00075221637266264  0.00079514164010489
  0.00083946928080802  0.00088501894439936  0.00093307769192786  0.00098161173023356
  0.00103148996559270  0.00108419123137007  0.00113964675734010  0.00119739539048838
  0.00125671724266140  0.00131765098266632  0.00138304533099595  0.00145016233764459
  0.00152125880232220  0.00159362863064540  0.00166923973155195  0.00174952543048097
  0.00183417959813940  0.00192250572991506  0.00201842966744824  0.00212133380683935
  0.00223310526353579  0.00234770541497834  0.00246541624044777  0.00257810614262956
  0.00269949310090858  0.00282610996022313  0.00295404300876882  0.00308960840021440
  0.00322625905775359  0.00337304663367446  0.00353949469067703  0.00372642705627024
  0.00392256167121314  0.00412848361605063  0.00434996378323487  0.00459504201700876
  0.00486441327945132  0.00516528588190029  0.00546455547820466  0.00575378633811078
  0.00604536930103262  0.00636393646629497  0.00677827433337011  0.00738668884123940
  0.00809243233437108  0.00881898673402845  0.00950723441064205  0.01021603426801389
  0.01102968393967121  0.01212005185884825  0.01361336370015254  0.01511881401953809
  0.01616369156613197  0.01736675557250404  0.01925455020879975  0.02115505714069656
  0.02316177756459284  0.02646869150095815  0.49969994766721898  1.00000000000000000
 -0.00265625036663590  0.01010297206374172  0.02075117946196322  0.03133356667155578
  0.04194264830384958  0.05287975790601442  0.06350456056974532  0.07416263146137163
  0.08474586289160609  0.09561557149841408  0.10657844675489503  0.11717480899712567
  0.12757172537395808  0.13787784261898584  0.14838668470704078  0.15872637213441593
  0.16891604200355664  0.17912620492819811  0.18957441886138460  0.20014940854635643
  0.21073639532588609  0.22125294155756503  0.23160939191110474  0.24177698457771835
  0.25209397505742942  0.26246373710352272  0.27284417992467624  0.28321388944193365
  0.29376430736365855  0.30447786823746092  0.31523403499081892  0.32588626250417818
  0.33650307004270663  0.34715701771588220  0.35794531921113054  0.36868738991357458
  0.37911901791231539  0.38936736470879613  0.39957315558721351  0.40999791690830206
  0.42054146333624587  0.43132852039169151  0.44190751844878506  0.45249583990511461
  0.46305708978307875  0.47381913660747921  0.48465268682574109  0.49532147811604293
  0.50575937716019637  0.51612182507906823  0.52669790557312812  0.53725709564291069
  0.54775082584813217  0.55833559569774016  0.56898084106389291  0.57956849157781065
  0.59018637530309048  0.60088209424489747  0.61160958793072817  0.62235922145221179
  0.63321581512777214  0.64401690509937637  0.65444520256004146  0.66465607687087802
  0.67491652058901430  0.68518003137348460  0.69555402374228148  0.70595983882971070
  0.71645914845153047  0.72678782008122678  0.73702073605376595  0.74713963594527177
  0.75747683499861163  0.76809513199530044  0.77874712322542994  0.78920369614672892
  0.79940111530392188  0.80967744546173803  0.82014413728817970  0.83076902015071408
  0.84130264041905534  0.85185627973815770  0.86237848921174010  0.87288618879361290
  0.88339944477034016  0.89398629580696398  0.90451543493090503  0.91509013488496838
  0.92569854896885140  0.93629497703344655  0.94676948102922620  0.95720594585359120
  0.96777776874955102  0.97834887300974505  0.98925523978935825  1.00000000000000000
 -0.00376484926434120  0.02307175064193759  0.04299450967461862  0.05988604333007424
  0.07524373870831187  0.08954714974780240  0.10303590569989082  0.11600591752942427
  0.12843354521521971  0.14042415716841597  0.15204276548536999  0.16339673540893665
  0.17439137741443533  0.18515931598154808  0.19587504512476595  0.20656224741146270
  0.21704563576521416  0.22736001162543756  0.23749015918567995  0.24740018464101568
  0.25710969367932490  0.26682624181641906  0.27662657793507683  0.28645496425584965
  0.29589597941297552  0.30508688055543209  0.31411567117980554  0.32303870503660725
  0.33187526746187668  0.34057657933140911  0.34913478439315559  0.35762024417283850
  0.36613498600544669  0.37476145456215254  0.38344470475609777  0.39204331519317154
  0.40061371347766928  0.40921913483733896  0.41788358727225405  0.42657843698413189
  0.43529295449302308  0.44396395106265546  0.45258636901873200  0.46118564215025948
  0.46971162136217626  0.47823195245289707  0.48682160788438772  0.49542850093751473
  0.50394495082537050  0.51247795673266217  0.52100551914500115  0.52951801482246430
  0.53789345536628563  0.54611973827156479  0.55427967192951910  0.56249666365574180
  0.57081047301318677  0.57913609841833036  0.58748539638330521  0.59583755964749363
  0.60419386008170706  0.61254120367467635  0.62090809213214815  0.62930552361483105
  0.63766300715586854  0.64603202054845899  0.65443226980668512  0.66288223720504358
  0.67150012816632609  0.68030933042366259  0.68916731953642252  0.69810704569865212
  0.70699177111874278  0.71596499123589596  0.72500115373853657  0.73410931500386400
  0.74345494926286282  0.75296939142030173  0.76251654965953852  0.77224201167012574
  0.78207923714882299  0.79211978734187782  0.80217181679310168  0.81235938998273227
  0.82295231178500072  0.83376614917927738  0.84470774895842082  0.85603640583008256
  0.86789946135567175  0.88046597096792245  0.89365231279264545  0.90783929717328815
  0.92394828702853382  0.94283211647138876  0.96668720411996312  1.00000000000000000
 -0.02057966627883957  0.12151309264006613  0.16111653291238420  0.18456475489810414
  0.20256049179181471  0.21757293920128815  0.23082799069518511  0.24265219691620532
  0.25352557738097198  0.26349030354126407  0.27292733917825207  0.28182654767561072
  0.29044819271176930  0.29862697601965588  0.30640797020257876  0.31398814605390124
  0.32117443510691962  0.32832565587889445  0.33524174568759774  0.34195385297301001
  0.34846455758433548  0.35482463215071369  0.36096744008521409  0.36706112481810860
  0.37315092473136674  0.37913076978031646  0.38506083716752776  0.39093178124585709
  0.39662807893256585  0.40215825076947476  0.40761732757287533  0.41309432607533725
  0.41861264327318781  0.42412617131291153  0.42963646651427795  0.43505543974014738
  0.44043566699931508  0.44573535821683591  0.45101200279502340  0.45628989228276451
  0.46157958743195049  0.46690441945676897  0.47224609875925233  0.47755573234035015
  0.48285917199544864  0.48814877863235401  0.49342112266106658  0.49863269733680843
  0.50378562124362714  0.50893947919898697  0.51412200896957549  0.51934168662379465
  0.52457066259135721  0.52978692891956081  0.53497881842662265  0.54012806042370176
  0.54525442411388625  0.55042211425375520  0.55569450482556115  0.56107835661282879
  0.56647828930882271  0.57186660860666139  0.57729145489215450  0.58273502792286880
  0.58820165581615758  0.59367434731536917  0.59916470504427677  0.60474015946936022
  0.61043842916233759  0.61623493655385442  0.62208883750435739  0.62798428813000151
  0.63404179941077898  0.64022158844685373  0.64653604053362912  0.65298386402701381
  0.65950617936369216  0.66613511114190582  0.67307758967947773  0.68012483848867811
  0.68730376879720922  0.69474906331449426  0.70248811837752012  0.71053917674637768
  0.71901792623419603  0.72777448408256085  0.73717017686873265  0.74707852610040748
  0.75787391470717091  0.76979515318817104  0.78309899150087925  0.79835231748600877
  0.81651092498765199  0.83972321179809362  0.87872178076175911  1.00000000000000000
   2.5259910947603364E-002  -1.0000000000000000     
 T T T T T T T T T T T T T T T T F F F F F F F F F F F F F F F F
  <DiscreteSampler_grid>
  grouped_processes
  1 # 1 for a reference and 2 for a running grid.
  10 # Attribute 'min_bin_probing_points' of the grid.
  1 # Attribute 'grid_mode' of the grid. 1=='default',2=='initialization'
  0.0000000000000000 # Attribute 'small_contrib_threshold' of the grid.
  0.5000000000000000 # Attribute 'damping_power' of the grid.
 # binID   n_entries weight   weight_sqr   abs_weight
    10   10   3.468571349383497E+009   4.833049352383801E+019   3.468571349383497E+009
    16   10   3.468571349383497E+009   4.833049352383801E+019   3.468571349383497E+009
  </DiscreteSampler_grid>
