 -0.00000039246331682  0.00001480886109401  0.00002903660978809  0.00004283501885268
  0.00005600561184016  0.00006933806844970  0.00008316746515681  0.00009754150557000
  0.00011255611210715  0.00012815053758946  0.00014408107128072  0.00016033388904592
  0.00017724290417590  0.00019493836564185  0.00021360917513231  0.00023343466304343
  0.00025435345865969  0.00027617090582127  0.00029918449607527  0.00032319756121748
  0.00034841535367789  0.00037515498165491  0.00040323108845860  0.00043265270591122
  0.00046363785195369  0.00049571670904371  0.00052889092928329  0.00056309025560391
  0.00060047304000406  0.00063885291777243  0.00067976961848333  0.00072266418915019
  0.00076759035298841  0.00081393660639826  0.00086168700117720  0.00091139070521692
  0.00096331108304870  0.00101697788938291  0.00107285492728505  0.00113311027715013
  0.00119575574846247  0.00126007010457992  0.00132813999836463  0.00140142286625389
  0.00147604497615328  0.00155434245492852  0.00163823840399651  0.00172774929285430
  0.00182284831203069  0.00192311752877644  0.00202930884561985  0.00213887283319045
  0.00225826091823271  0.00238288500459850  0.00250722680685309  0.00263414812689538
  0.00276849715790201  0.00291063809017789  0.00306080538777384  0.00322374650199315
  0.00339820685964962  0.00358311090161701  0.00379810095515580  0.00405121160578440
  0.00431721257561859  0.00460965055040255  0.00486961722068658  0.00511589199613672
  0.00535679937637368  0.00561463190008878  0.00591151065905586  0.00623437055158738
  0.00656965702020370  0.00696229470134390  0.00740018345147142  0.00782805248888314
  0.00823293840502075  0.00862081402501816  0.00900139269056539  0.00938578583562259
  0.00982206878727225  0.01041002939414458  0.01103983794992785  0.01168779859281659
  0.01236611607185431  0.01313457618789945  0.01405216352507430  0.01515345319189290
  0.01681163985990437  0.01939478650879868  0.02143114390605730  0.02369816373521508
  0.03004629150739992  0.04315195885502501  0.23644479050638423  1.00000000000000000
 -0.00246321087963547  0.00978215430396435  0.01983864989664949  0.03060912649475196
  0.04119817211051678  0.05153062825486154  0.06180771834661752  0.07226098389048080
  0.08284082740550844  0.09312438948779288  0.10347577868785623  0.11378682417738417
  0.12408440746245471  0.13436676285292534  0.14473400339131728  0.15500173519256741
  0.16496778120365427  0.17527465576653475  0.18552703112146998  0.19611296709196632
  0.20643050751746642  0.21685430733593375  0.22704328146622471  0.23757886385738780
  0.24811776668519345  0.25870126402910654  0.26913293707042812  0.28000074820794241
  0.29106317546459809  0.30200418436430365  0.31293608748202795  0.32388375741818892
  0.33469490257081852  0.34545992240611406  0.35629589764603015  0.36703191535037794
  0.37778953214079181  0.38856264828475223  0.39923405137535367  0.40974582190137621
  0.42011695326798976  0.43055058653252565  0.44095663070257485  0.45106548787482537
  0.46123637969883413  0.47128839878606904  0.48153085402156726  0.49189621923809462
  0.50227849261323865  0.51269923157743424  0.52301304126440340  0.53358758292683917
  0.54417817201911178  0.55470386871926536  0.56526435100541439  0.57579296444711447
  0.58653489703840389  0.59717613671269332  0.60785539555856249  0.61874574812309480
  0.62944664663314875  0.64035384418800156  0.65112116349194893  0.66216243874306302
  0.67304695651744939  0.68383453686833162  0.69459176189705008  0.70511892159536571
  0.71551751019956344  0.72593128934245887  0.73671907363408962  0.74773812263530459
  0.75848170333278353  0.76923370617914111  0.77974171019018024  0.79041461339562324
  0.80087515580651658  0.81118734033580731  0.82134394155514834  0.83150316718204942
  0.84180234754981420  0.85215242084928999  0.86251327790338883  0.87296297682987833
  0.88363369024446303  0.89444081312378720  0.90494178618399412  0.91553142481365857
  0.92603452713500733  0.93668938812421354  0.94717848167439156  0.95777654834856207
  0.96821645850545135  0.97874903262590751  0.98920177716859459  1.00000000000000000
 -0.00400033107679917  0.02301003549622307  0.04266318167135034  0.05959367144015345
  0.07494594099349407  0.08924065660359250  0.10275809581743231  0.11552108575198437
  0.12765335317169496  0.13948363135004771  0.15098363786026953  0.16214184879314072
  0.17302115234109777  0.18372692134325264  0.19427169336989863  0.20466941057430463
  0.21494060131699411  0.22507429657769748  0.23504658635869624  0.24491929860850248
  0.25458214663505668  0.26402644943543607  0.27325845961634931  0.28251784763496474
  0.29175210818735464  0.30102046206546501  0.31029024534173522  0.31942481121568861
  0.32850295995518769  0.33748409067140406  0.34646876662260395  0.35545836998271879
  0.36444217484962682  0.37336673490659800  0.38219564027903624  0.39093433232195401
  0.39955988342089571  0.40805939331035385  0.41648825275063334  0.42489607397918017
  0.43330940444646859  0.44184309819412393  0.45047513298813113  0.45907244374763712
  0.46776983787518694  0.47655370157959437  0.48537649243054359  0.49399347750721423
  0.50248842044842712  0.51065628680230502  0.51881441758556335  0.52693304060092683
  0.53513896683637274  0.54339776265813433  0.55160902491796304  0.55983609320999062
  0.56804975362852439  0.57629881073907241  0.58459413649038705  0.59289259996898047
  0.60116616900545683  0.60962096984102176  0.61812350440048358  0.62681279763448294
  0.63571687919427189  0.64466855713571858  0.65360197317521862  0.66249897150928860
  0.67138140180371531  0.68024710423123624  0.68904586621367769  0.69791598797407084
  0.70705365354557970  0.71634110596695721  0.72588816257288225  0.73524290189163699
  0.74447994019968255  0.75375309608448016  0.76309019789067334  0.77276301433641714
  0.78286687105603414  0.79301634775762819  0.80333802101714002  0.81370778147301548
  0.82472844196455852  0.83572029534745707  0.84721630059092390  0.85899632873281218
  0.87137869453200512  0.88393549100666313  0.89711564734109261  0.91123456366983302
  0.92633645553090294  0.94342546126075666  0.96605664772163846  1.00000000000000000
 -0.01988567936554794  0.12186480993429273  0.15990846847629792  0.18297232983387224
  0.20135193566895324  0.21703667031104137  0.23067759275489524  0.24261655195134457
  0.25353702373853004  0.26345557064477554  0.27295517018342252  0.28157808872015866
  0.28995800842184632  0.29795665341248101  0.30570388590122954  0.31325275684081949
  0.32047209996568066  0.32753070522968086  0.33437809436121091  0.34106686399770542
  0.34760794015932817  0.35403885348099934  0.36030475739148510  0.36645234956901135
  0.37249323429865400  0.37837994094036320  0.38421935998036777  0.39010847274329724
  0.39596923972506687  0.40173894657144038  0.40743850509323881  0.41309054458175287
  0.41868255670480653  0.42417421795710969  0.42953624334274509  0.43485482302773226
  0.44012810131808583  0.44538761708618996  0.45072343484944777  0.45607573184577072
  0.46142586262673280  0.46668373504963379  0.47188817667209398  0.47705247341048540
  0.48214489699430502  0.48716568783053560  0.49217035346359328  0.49724808225500000
  0.50236635170074984  0.50770622808757915  0.51296532308230680  0.51820641775994059
  0.52345912778443537  0.52870674157525399  0.53395320289602255  0.53918233061487042
  0.54441413462161892  0.54966644845049639  0.55493784843399396  0.56025121265667210
  0.56555422911623410  0.57086253863123704  0.57624434671037206  0.58165693088361459
  0.58722855577827449  0.59284420512212566  0.59848603334622930  0.60423205231651878
  0.61007747455174599  0.61599317328567049  0.62196269259580927  0.62801097013999740
  0.63418141891853275  0.64034739016567588  0.64656875455863916  0.65289896530024227
  0.65938695246963674  0.66608640832618204  0.67293698200381769  0.67988899341371267
  0.68698441568831425  0.69454081616144137  0.70228566893129396  0.71028271850057079
  0.71886312951811515  0.72776373485909984  0.73716522613528357  0.74702826012601886
  0.75797835470346120  0.76981084001155164  0.78298322059692427  0.79805653259790299
  0.81642371879185860  0.84010348966371506  0.87971973326273978  1.00000000000000000
   2.4903158966286802E-002  -1.0000000000000000     
 T T T T T T T T T T T T T T T T F F F F F F F F F F F F F F F F
  <DiscreteSampler_grid>
  grouped_processes
  1 # 1 for a reference and 2 for a running grid.
  10 # Attribute 'min_bin_probing_points' of the grid.
  1 # Attribute 'grid_mode' of the grid. 1=='default',2=='initialization'
  0.0000000000000000 # Attribute 'small_contrib_threshold' of the grid.
  0.5000000000000000 # Attribute 'damping_power' of the grid.
 # binID   n_entries weight   weight_sqr   abs_weight
    10   10   6.913288649683144E+009   3.436278659074151E+020   6.913288649683144E+009
    16   10   6.913288649683146E+009   3.436278659074151E+020   6.913288649683146E+009
  </DiscreteSampler_grid>
