 -0.00009803027364212  0.00087542986015953  0.00202907178452571  0.00371392745961233
  0.00593867904094587  0.00867877215067610  0.01179672041636250  0.01549943587355717
  0.01959947758332391  0.02406233462142290  0.02898365992751342  0.03423441346838595
  0.03955504261897205  0.04529311446352220  0.05162033054556650  0.05822872032709813
  0.06500387301813387  0.07198314459796748  0.07929800375137443  0.08688642691275732
  0.09470821035738648  0.10279088549511337  0.11110384428194818  0.11962832017674460
  0.12856020358279949  0.13753655713553509  0.14663080896897146  0.15579417975146886
  0.16511160931742738  0.17465308884850073  0.18421105767788748  0.19389467540131605
  0.20389395468965488  0.21394308003346196  0.22391820375107588  0.23407557145501789
  0.24441260140638768  0.25479455181808647  0.26524989354449408  0.27584821561411577
  0.28659336926514728  0.29723831635787940  0.30812514416176345  0.31898455791984243
  0.32992342906646172  0.34085023570147072  0.35171001597819235  0.36298856547411379
  0.37451727979505822  0.38590416809426870  0.39719033358377559  0.40842723689042304
  0.41955431327573711  0.43131545938928167  0.44291203989243016  0.45452199976821311
  0.46608136713779469  0.47761491760299735  0.48914507708758254  0.50068349448753346
  0.51252573513754884  0.52507688073419823  0.53731700216266065  0.54986506636039734
  0.56272967785249906  0.57569858411573005  0.58866459474406863  0.60190052417220763
  0.61529101484702176  0.62856857086320550  0.64186027846387905  0.65519950207863986
  0.66858311157140515  0.68206569772327663  0.69534187968438732  0.70868028924057569
  0.72220168278085795  0.73577794728691948  0.74922738775409714  0.76294817088719269
  0.77676199545641045  0.79084781422092409  0.80511459842926869  0.81941647822287811
  0.83366508249763849  0.84832624344709429  0.86293409455707082  0.87758141027549019
  0.89223039880902455  0.90687171538468037  0.92175687148527963  0.93701647947844768
  0.95251969973167261  0.96821854302471511  0.98406585397272450  1.00000000000000000
 -0.00268288009028812  0.00989126270149749  0.02066358148417593  0.03189057191905483
  0.04319405643943279  0.05458354937548005  0.06525095127126965  0.07531051123214971
  0.08558683749457154  0.09551764172937550  0.10519862603798499  0.11442597126404155
  0.12366263561501058  0.13338177659411501  0.14357412821460233  0.15393068462657675
  0.16408329610714470  0.17403023658515393  0.18382808099607353  0.19373747695344190
  0.20379025430332129  0.21421104707876021  0.22479250085996239  0.23580836462104074
  0.24706484193340300  0.25818607117890841  0.26934250892844702  0.28064072760947562
  0.29193702348211381  0.30306761391199594  0.31386552077977758  0.32439204107039238
  0.33468338633547301  0.34509149112418286  0.35535382397595011  0.36564892426406831
  0.37606792893356938  0.38691788728947751  0.39746964632974718  0.40765901528763399
  0.41765898200516438  0.42762691836767924  0.43780105901726246  0.44795681584565727
  0.45811731210224599  0.46834154217703228  0.47841831527728673  0.48888459763159781
  0.49993828009177305  0.51172742224724854  0.52391859085835601  0.53577394673429179
  0.54725666735970735  0.55834945115036094  0.56928231116681638  0.58013909398335828
  0.59104673324014556  0.60207032343130973  0.61336357657624996  0.62452513651847397
  0.63548856669594278  0.64638961383721172  0.65750968199436532  0.66859759475292457
  0.67914449806467492  0.68925377244546726  0.69940793721401495  0.70950250769098477
  0.71964066695434825  0.73027023433823157  0.74145010926827204  0.75244426712586687
  0.76324834383975371  0.77379906940277965  0.78409712946046572  0.79414004270174032
  0.80415074076358406  0.81398544790225935  0.82390593834337389  0.83400869401568700
  0.84489090134830946  0.85556544779106825  0.86606343248557183  0.87651205098456131
  0.88695253103523075  0.89733614477704204  0.90759073922249534  0.91783703184146270
  0.92823100191677221  0.93861163933794622  0.94891113936716065  0.95946881788341853
  0.96995029930210064  0.98037989480218846  0.99015568114346886  1.00000000000000000
 -0.00396037537212821  0.02249237669599258  0.04046710521115109  0.05570812713044704
  0.06971865931708734  0.08350753951294899  0.09771415312210094  0.11208088468021246
  0.12555436657982064  0.13769037144999685  0.14906530216196004  0.15993606433033961
  0.17056939990989042  0.18111134507306936  0.19172920327232065  0.20233929459940772
  0.21274857870205163  0.22310747654222030  0.23334031742743944  0.24342921465398132
  0.25341881952660927  0.26314438423156294  0.27305283619159387  0.28266288998744737
  0.29213740025953416  0.30129941653406878  0.31024674703634797  0.31898599324255833
  0.32769301478413970  0.33638671135494463  0.34540504415423706  0.35425426839040941
  0.36305615918237910  0.37194874891901264  0.38044243770080566  0.38904673948617452
  0.39747089364279919  0.40566606898719754  0.41378569387054454  0.42200935543003881
  0.43033068337579633  0.43860987867571649  0.44719359255381397  0.45571657069411664
  0.46473490868103778  0.47401280612914315  0.48318772963765433  0.49207827686788719
  0.50081647141188623  0.50970319201787440  0.51864779973900155  0.52759912320755797
  0.53657510723170798  0.54548133160959433  0.55440357236853943  0.56337842523742576
  0.57234085732716322  0.58122464333430801  0.58999938281606024  0.59876379203780961
  0.60775568437204630  0.61691175516098484  0.62613870868610777  0.63550259605754067
  0.64495566306555752  0.65441740818559813  0.66375695307954119  0.67286888686632140
  0.68176121037150861  0.69077764864699498  0.70011004723134906  0.70958168897965335
  0.71901168923459868  0.72837505632801358  0.73810087035054983  0.74807403092911651
  0.75863849959240293  0.76915614402427512  0.78007782627659772  0.79070422708807464
  0.80143673264832127  0.81212817126200798  0.82325593671405395  0.83483369605747970
  0.84638154837599577  0.85765652113863589  0.86867134243281652  0.87998683863795246
  0.89149987594738167  0.90322052421889099  0.91544494529090281  0.92855330024252047
  0.94236733394521599  0.95726237852710916  0.97572161401283664  1.00000000000000000
 -0.01453304188122984  0.08872946484305240  0.13593172020574046  0.18018355118815838
  0.21222116561171775  0.23319654923022226  0.24974760339502378  0.26472277604024047
  0.27827223956731895  0.29083084338468024  0.30288470170061405  0.31401652724589763
  0.32411238703317924  0.33370221203274186  0.34316088445726550  0.35252515156755515
  0.36160922421218089  0.37031555050948434  0.37867702293724098  0.38685013527655870
  0.39485295176489760  0.40258194035834322  0.41012834354879635  0.41760461173965230
  0.42510885714499425  0.43272775821363002  0.44029043133849249  0.44764589705788915
  0.45485544940945183  0.46183790191542695  0.46894486755353287  0.47610467583164634
  0.48312016121736928  0.48983158671354904  0.49646284949579261  0.50300321403740189
  0.50934822412644698  0.51572146575506617  0.52195525992801306  0.52795394262843198
  0.53382878201634898  0.53957079407746378  0.54535916343282487  0.55113249342392734
  0.55684670673573888  0.56261228263368168  0.56845931249867554  0.57431837423820498
  0.58014355358182257  0.58584517721719420  0.59127918192278550  0.59679648035263089
  0.60227803033452432  0.60785410069956614  0.61351965272173969  0.61914435824521019
  0.62463382751413499  0.63012819860009295  0.63555495726004585  0.64103644487263378
  0.64675049853627931  0.65262064458677871  0.65838136325731678  0.66415605778103903
  0.66998692109554603  0.67573949524365684  0.68162100484052091  0.68748737676391536
  0.69355830956748576  0.69988529131270016  0.70625821003619471  0.71249327253030048
  0.71854180055064842  0.72445457842415018  0.73041133503682776  0.73627000831882683
  0.74220563809123163  0.74813566618891736  0.75403342536030182  0.75988757608219448
  0.76591445222598276  0.77211856817125224  0.77851184450447941  0.78515104022900151
  0.79207631265408218  0.79939729791217173  0.80703450450490455  0.81505319876620896
  0.82348940882873345  0.83251134701782914  0.84243484341564223  0.85363561214194350
  0.86682487060339297  0.88506231907706368  0.91858497989677246  1.00000000000000000
   7.0311821492886678E-004  -1.0000000000000000     
 T T T T F F F F F F F F T T T T F F F F F F F F F F F F F F F F
  <DiscreteSampler_grid>
  grouped_processes
  1 # 1 for a reference and 2 for a running grid.
  10 # Attribute 'min_bin_probing_points' of the grid.
  1 # Attribute 'grid_mode' of the grid. 1=='default',2=='initialization'
  0.0000000000000000 # Attribute 'small_contrib_threshold' of the grid.
  0.5000000000000000 # Attribute 'damping_power' of the grid.
 # binID   n_entries weight   weight_sqr   abs_weight
    10   10   1.508177919622571E+009   2.275236128950690E+018   1.508177919622571E+009
  </DiscreteSampler_grid>
