 -0.00008871194144810  0.00080268952461262  0.00174533488310615  0.00312035034686567
  0.00492739688428401  0.00708802404985447  0.00962307884499170  0.01250877005434640
  0.01573683133313574  0.01920605441861725  0.02288835097701995  0.02693046126124492
  0.03124136015213589  0.03580886037380370  0.04077382776116578  0.04609000467174191
  0.05157703373324073  0.05724149283008652  0.06316353626682668  0.06949814160584182
  0.07634514323341764  0.08323806297958747  0.09011120953521402  0.09709157137359556
  0.10431280537907714  0.11184770348400042  0.11986574966677271  0.12821820945697657
  0.13680835371068781  0.14551563946444721  0.15424864795631391  0.16343160435129245
  0.17308404395019117  0.18294267414480733  0.19291340203326732  0.20295269905575761
  0.21306870561737698  0.22330274409463527  0.23379154499903701  0.24472258749723641
  0.25648541763825811  0.26855459037771373  0.28063532986873307  0.29261774599304952
  0.30452191082800917  0.31614051898813156  0.32798154834113419  0.34021975106474794
  0.35272444887312898  0.36545592259322418  0.37829030188067581  0.39078173474672917
  0.40352245850735396  0.41622241766635021  0.42896250388155760  0.44200083098675758
  0.45504267799162129  0.46843351104505532  0.48226006424133983  0.49613515334573338
  0.50994365213017068  0.52353653935694100  0.53701460287727509  0.55075747712734291
  0.56496139161605063  0.57942382384761115  0.59385941857145652  0.60827146358414863
  0.62270766421026613  0.63676422969087443  0.65124322027208703  0.66604350296750159
  0.68100492376569122  0.69598837032004468  0.71074733715246441  0.72538730760199255
  0.74002094890421666  0.75462528320681610  0.76911633920659228  0.78338403411487711
  0.79741490418064531  0.81142803631054217  0.82546696080990900  0.83950942154805319
  0.85347171187899329  0.86719963761730712  0.88093250140386559  0.89463156390075282
  0.90831263692574027  0.92193162695978514  0.93539837609387821  0.94863636531447548
  0.96175815455306268  0.97467858117168116  0.98740604037867030  1.00000000000000000
 -0.00254410384242935  0.01007744587614186  0.02061649549956689  0.03120009852402171
  0.04158606542576068  0.05216872338008500  0.06288335406449401  0.07372291245701673
  0.08474793189944756  0.09580571661569806  0.10657774944581846  0.11696134698724947
  0.12739933490060595  0.13802843355221861  0.14896749457866318  0.15970616194155451
  0.17045172719236890  0.18103786516337778  0.19156574481940014  0.20233138917757298
  0.21317976311996301  0.22401901370817934  0.23469518770824377  0.24483616913426920
  0.25445519016477458  0.26385403098585136  0.27368632642037116  0.28392101750965748
  0.29429579276665285  0.30444581639616808  0.31459605141376268  0.32488902357008309
  0.33558541666159930  0.34638851034738372  0.35700837681619463  0.36732478008804198
  0.37763487401319074  0.38780236471224766  0.39804604523980197  0.40818430219804547
  0.41860123677913769  0.42880953739244571  0.43925040321825026  0.44974973243268584
  0.46064210842870484  0.47207005640588562  0.48315346738500486  0.49398952187377471
  0.50492142386244576  0.51603906203528860  0.52704286910101128  0.53798198679823817
  0.54899889534950641  0.56030806933243094  0.57188271497484144  0.58359462673514828
  0.59507951390805625  0.60625557016096865  0.61721948927607873  0.62776026825064313
  0.63773004709394709  0.64747826527828745  0.65749832427572985  0.66748370765560527
  0.67737493427568363  0.68722510979158713  0.69699221272896028  0.70662997905660874
  0.71607352857475537  0.72535244204600791  0.73534650284048531  0.74547090928106452
  0.75617751597662375  0.76686672875327055  0.77704362331873633  0.78669803132700533
  0.79649896607947401  0.80667738233719988  0.81727324825234593  0.82786147733551785
  0.83838891668999582  0.84935029938708895  0.85962125073765117  0.86992817989094640
  0.88061646142982453  0.89123812748057818  0.90194910520104721  0.91245740383218454
  0.92352857100633901  0.93588400203064570  0.94670196926077854  0.95788745992126967
  0.96876251358464505  0.97984976722119221  0.99005459491839298  1.00000000000000000
 -0.00230647907326436  0.01665368846044462  0.03132293900829906  0.04407467119313526
  0.05559083845498829  0.06645311951427879  0.07699607604560238  0.08732455902470737
  0.09741636383789189  0.10733303749572159  0.11711529042920867  0.12676212413973006
  0.13623154275054369  0.14555377617214144  0.15492093053400444  0.16415819596227677
  0.17319477409580167  0.18185959675299487  0.19037810750713691  0.19846645363519066
  0.20649506898537470  0.21445043185318458  0.22224517166229185  0.23027796774298689
  0.23846541545180183  0.24686654678472375  0.25542272998570437  0.26394091544088510
  0.27227846285671675  0.28053494438615684  0.28877190642658840  0.29686942018982165
  0.30492132969177316  0.31299756377164095  0.32084648328530785  0.32885177190658571
  0.33705322081487826  0.34481203242066183  0.35218952388231334  0.35932952136750129
  0.36664852072150278  0.37409639668439088  0.38223988916543294  0.39060306715793386
  0.39889998782380703  0.40701359922120217  0.41522126678027360  0.42365465355962117
  0.43235743714681463  0.44075163697736836  0.44882961084614031  0.45687808156905563
  0.46488100917997488  0.47290771217582278  0.48078476177697499  0.48843575522478194
  0.49620915099395846  0.50429274811023894  0.51266563797684539  0.52138497779133575
  0.53051425527071916  0.53978598328823957  0.54879665931826027  0.55769566796188019
  0.56650766484477999  0.57519304240446278  0.58400067962454461  0.59269787717696987
  0.60136385243631019  0.61029497251338682  0.61978126055370053  0.62939044457470128
  0.63975561164257633  0.65007451628699486  0.66088126212988607  0.67141830236531230
  0.68180478007170031  0.69228158101050608  0.70302155606210803  0.71396585821596803
  0.72491179080622503  0.73598352303535808  0.74734314606099850  0.75868999323675035
  0.77025547876732436  0.78259979633126753  0.79565804231831416  0.80907630263320918
  0.82313082717073260  0.83835128435927919  0.85492142959082207  0.87344561851536251
  0.89424230143082517  0.91757007894505260  0.94787838910409095  1.00000000000000000
 -0.02041091748631498  0.13207812756388085  0.17861270439078822  0.20855178468411978
  0.23272204184372400  0.25368538078301239  0.27271296077216445  0.28976175936090526
  0.30585034560610946  0.32101393935244021  0.33540241864090081  0.34868294191492771
  0.36107658866315434  0.37277002042350671  0.38345280392959619  0.39353361782002672
  0.40363923251913786  0.41364114653547623  0.42311453172154345  0.43204906609274046
  0.44101609101662137  0.45004333912189998  0.45874186275781720  0.46666985089376778
  0.47433941271769697  0.48198632576526862  0.48960496727310504  0.49715931973268823
  0.50449343503573829  0.51160257819504917  0.51861019213928861  0.52545073305092405
  0.53212126318380648  0.53871444879264641  0.54510818400670003  0.55136959586788092
  0.55757519374233921  0.56389778904182719  0.57025671680369372  0.57639480277364896
  0.58226365891922005  0.58806217207241085  0.59400350668066937  0.60004216310747782
  0.60607108725870551  0.61216633740199300  0.61801179990584765  0.62375221083467636
  0.62953063850127600  0.63540158232080746  0.64136524478722778  0.64735906639417373
  0.65324313466591188  0.65883614687284164  0.66431075582914245  0.66959281049664421
  0.67477524324577109  0.68003862512386637  0.68542414432388377  0.69063270841760871
  0.69572326761559811  0.70083593571069247  0.70589699516755144  0.71083890268655470
  0.71565055306250525  0.72045214554245651  0.72546734821075975  0.73070586704742679
  0.73587311539613454  0.74088872623334501  0.74579299039722791  0.75081723799144096
  0.75599823463528237  0.76122353178418478  0.76641998558220659  0.77162551361589449
  0.77692744637027344  0.78236302833610927  0.78791138921608439  0.79382512900430580
  0.79986139970320969  0.80589042019998358  0.81198709790760104  0.81849185240291733
  0.82521255313850561  0.83221804928759868  0.83968722915981631  0.84758234268792321
  0.85584735163537362  0.86467652724022304  0.87449144198144402  0.88576740360898876
  0.89893064266734024  0.91503842518138079  0.94061063522565536  1.00000000000000000
   5.7931912639762415E-004  -1.0000000000000000     
 T T T T F F F F F F F F T T T T T T T T F F F F F F F F T T T T
  <DiscreteSampler_grid>
  grouped_processes
  1 # 1 for a reference and 2 for a running grid.
  10 # Attribute 'min_bin_probing_points' of the grid.
  1 # Attribute 'grid_mode' of the grid. 1=='default',2=='initialization'
  0.0000000000000000 # Attribute 'small_contrib_threshold' of the grid.
  0.5000000000000000 # Attribute 'damping_power' of the grid.
 # binID   n_entries weight   weight_sqr   abs_weight
    16   10   4.249102168312156E+008   1.839837037587731E+017   4.249102168312156E+008
    17   10   4.249102168312156E+008   1.839837037587731E+017   4.249102168312156E+008
    19   10   4.249102168312156E+008   1.839837037587731E+017   4.249102168312156E+008
    20   10   4.249102168312156E+008   1.839837037587731E+017   4.249102168312156E+008
    22   10   4.236214253516272E+008   1.828846695709160E+017   4.236214253516272E+008
    23   10   4.236214253516272E+008   1.828846695709160E+017   4.236214253516272E+008
  </DiscreteSampler_grid>
