  0.00000256608520533  0.00001360543193106  0.00002754364210534  0.00004133553128443
  0.00005457825727259  0.00006775676610026  0.00008125678343880  0.00009526804899346
  0.00010969897052396  0.00012466279348347  0.00014009811662388  0.00015590641095828
  0.00017231633930822  0.00018964922796561  0.00020791125360914  0.00022692261025953
  0.00024668131130908  0.00026760459923386  0.00028957728879737  0.00031261852130596
  0.00033649721784795  0.00036136357572283  0.00038745638014955  0.00041429599596706
  0.00044302746837091  0.00047329712838155  0.00050491019414567  0.00053856894972732
  0.00057309578754758  0.00060986049381227  0.00064762089339022  0.00068863060705638
  0.00073233230694857  0.00077675252990557  0.00082542353258308  0.00087402403109926
  0.00092450990378374  0.00097817276645582  0.00103559032946731  0.00109476854432205
  0.00115572497083848  0.00121864037366050  0.00128562948105746  0.00135577033302206
  0.00142943099256072  0.00151018320624449  0.00159603526932821  0.00168421748310672
  0.00177646283534230  0.00187373327967946  0.00197704031115773  0.00208685284520424
  0.00219950297695733  0.00231453172662948  0.00243041567380456  0.00255262482623204
  0.00268095028704901  0.00282030749657275  0.00297293054114101  0.00313624978946983
  0.00330380798004818  0.00346330063305644  0.00362565844115834  0.00379780473771724
  0.00397890944215238  0.00418260171598791  0.00440942451659791  0.00464658214377779
  0.00490477650569427  0.00516185916949599  0.00541517488755193  0.00569866627122077
  0.00597649256311791  0.00624148351238898  0.00653473814430434  0.00681223534539230
  0.00711720518993100  0.00744036227115077  0.00778710625342466  0.00817018754087818
  0.00860338097786468  0.00907753903174382  0.00954656070363928  0.01003109896761094
  0.01057900649587065  0.01118621981026529  0.01179158379492912  0.01246361504018834
  0.01328480868212360  0.01425301179364223  0.01566345647272770  0.01716239323510555
  0.01862608750495955  0.02100759378444285  0.27097774818757792  1.00000000000000000
 -0.00254198318401250  0.00983593269831675  0.01975058005984288  0.03040195971522172
  0.04081124945799467  0.05139691782826355  0.06175283086429726  0.07247684219401160
  0.08311868671379918  0.09352653329616463  0.10388914771612534  0.11429877770528743
  0.12447942428303325  0.13501569210335429  0.14561091117876807  0.15643477037513898
  0.16684130723082646  0.17753741432844539  0.18814350065802668  0.19865854184604265
  0.20914207050240582  0.21990782091493241  0.23080194040897500  0.24161713373743052
  0.25245639803212289  0.26344103347653225  0.27426092437074479  0.28490176164838416
  0.29578618265776813  0.30650591211043215  0.31707582771038229  0.32735637194809358
  0.33757383559036008  0.34797461219149411  0.35841740432936242  0.36911018023221043
  0.37966703627614073  0.39013217053139243  0.40065588745074121  0.41129360405020449
  0.42197649666471759  0.43247972149103542  0.44300426007964916  0.45349995324958781
  0.46394733673582733  0.47423512946216084  0.48432731480391933  0.49451083100886989
  0.50501983057491850  0.51586271777927439  0.52650108005928142  0.53699381981978511
  0.54747866512810228  0.55798302575754732  0.56834609631354327  0.57853420812607737
  0.58882555101050094  0.59921812893368620  0.60973721510979118  0.62035048559783335
  0.63118794106262710  0.64212947568406975  0.65285641098095371  0.66326730821765267
  0.67363861819036253  0.68400908066735944  0.69427533986118850  0.70451057423601815
  0.71476824054903609  0.72542645897032265  0.73591567930321844  0.74630257948021284
  0.75675347965845496  0.76727454462622524  0.77785015899646692  0.78835087250374403
  0.79891524543910630  0.80958864476324277  0.82015117841512275  0.83039285060866064
  0.84061674825104327  0.85091422951235363  0.86148284468355996  0.87227988410209190
  0.88295543931974574  0.89384749218930415  0.90446422995330034  0.91502095568005759
  0.92546000271590023  0.93592816870400264  0.94650209292768639  0.95722811526432083
  0.96803384458619512  0.97883683351055661  0.98949461175670717  1.00000000000000000
 -0.00400147874920007  0.02325446007205951  0.04318659311662047  0.06024501578987386
  0.07574514626033163  0.09004768815735319  0.10335309047542227  0.11599039758490884
  0.12820212818366136  0.14005540254422050  0.15159240623080289  0.16276658788942247
  0.17362303507527888  0.18424920518515625  0.19476818671285390  0.20506736616556262
  0.21510635772011941  0.22491499476280419  0.23465651775160196  0.24431830958733367
  0.25391450901792145  0.26352977511442216  0.27314202715044228  0.28278603762429949
  0.29235918576578862  0.30171198549196848  0.31089196852174655  0.32002613735487023
  0.32905865968991127  0.33815478054454196  0.34733471791431558  0.35664176773566680
  0.36589802550730205  0.37499741397340813  0.38399463651065235  0.39291085816456989
  0.40167395988283366  0.41030079885257681  0.41890770913247721  0.42756661594500267
  0.43619668890078217  0.44461026351918959  0.45292099071879666  0.46132799396971474
  0.46988687414898045  0.47848060223170757  0.48695224670517950  0.49539430702949083
  0.50387136226586193  0.51253287354316313  0.52107120955349240  0.52947303544344082
  0.53800178310602587  0.54666060518788229  0.55522519503585965  0.56371199771637748
  0.57211139364508057  0.58059248291520849  0.58912388372159696  0.59772555393281557
  0.60626910124956068  0.61473159219835849  0.62321476811162946  0.63178822383413158
  0.64052416745324470  0.64944327816060243  0.65842331525128273  0.66735277310221697
  0.67631043451717043  0.68535295730887347  0.69438548543930589  0.70345310960741358
  0.71262039515739162  0.72197562917267244  0.73143597974224972  0.74115795881525248
  0.75084488211738021  0.76052711655892069  0.77021667502217617  0.77985508987454855
  0.78970111452766745  0.79957510441711532  0.80963929934487922  0.81995783557869983
  0.83064973283080645  0.84149660542616156  0.85262038361354819  0.86419757726998847
  0.87645024094880897  0.88947028275376372  0.90244833358687482  0.91572758635538032
  0.93003339881399705  0.94621852080281776  0.96689583649777722  1.00000000000000000
 -0.02025665007935170  0.12078258071515505  0.15937504061298835  0.18279980892505795
  0.20100791540701551  0.21626843762861891  0.22962246224396568  0.24150334765184236
  0.25249772643940005  0.26261102978296363  0.27228901040148323  0.28103621049778627
  0.28953275124935840  0.29761882549530505  0.30554358692260064  0.31317651769549837
  0.32037596216918590  0.32740610980895013  0.33433088166757313  0.34098642329575041
  0.34747364961720356  0.35387836827854874  0.36017008367167125  0.36639741440130319
  0.37250199940179962  0.37843818353632164  0.38429127168246846  0.39009742360440763
  0.39582348572673581  0.40145426901669451  0.40701878128447283  0.41255192018015263
  0.41805148747586829  0.42346353213037635  0.42885244915478815  0.43420807202287603
  0.43945820030520344  0.44467438594456921  0.44989523547377958  0.45508790845968261
  0.46028934890283574  0.46545419302280278  0.47055226029924108  0.47563449233709498
  0.48076481128481241  0.48594823268335663  0.49114455181238098  0.49631172962873987
  0.50135917232907468  0.50650484085964698  0.51164442214108052  0.51681478241920831
  0.52196948506814345  0.52707315718853254  0.53216389533358799  0.53727422533471858
  0.54244923430408398  0.54774804437737101  0.55308766934782727  0.55844435056278985
  0.56382101640989168  0.56933487315977194  0.57480066201826019  0.58025597755904801
  0.58578347962500688  0.59141108455270341  0.59712847639825184  0.60291036604653636
  0.60874722680519233  0.61464256889903057  0.62057231490133680  0.62655086209003952
  0.63261928720146354  0.63881326160252172  0.64518247649656213  0.65172358157939581
  0.65833370804440883  0.66503320260382015  0.67191518330536659  0.67905932810970537
  0.68638395274066888  0.69406086181495330  0.70186670669730766  0.70997009159603208
  0.71852978059536488  0.72742537055930256  0.73695514101577286  0.74703201516517947
  0.75806841925299684  0.77002759389389175  0.78349635503037918  0.79887553859958393
  0.81719627933719785  0.84057328046585345  0.87890735825923150  1.00000000000000000
   2.5163126062637087E-002  -1.0000000000000000     
 T T T T T T T T T T T T T T T T F F F F F F F F F F F F F F F F
  <DiscreteSampler_grid>
  grouped_processes
  1 # 1 for a reference and 2 for a running grid.
  10 # Attribute 'min_bin_probing_points' of the grid.
  1 # Attribute 'grid_mode' of the grid. 1=='default',2=='initialization'
  0.0000000000000000 # Attribute 'small_contrib_threshold' of the grid.
  0.5000000000000000 # Attribute 'damping_power' of the grid.
 # binID   n_entries weight   weight_sqr   abs_weight
    10   10   8.646732024183973E+008   8.118603834999534E+017   8.646732024183973E+008
    16   10   8.646732024183973E+008   8.118603834999534E+017   8.646732024183973E+008
  </DiscreteSampler_grid>
