  0.00000260912835029  0.00000635396077498  0.00001165109860926  0.00001655237486705
  0.00002118093084726  0.00002565357062470  0.00003011879904936  0.00003467411256997
  0.00003926851076615  0.00004391141906264  0.00004857202748807  0.00005327664031128
  0.00005803367654790  0.00006291712777025  0.00006802221894186  0.00007320131383426
  0.00007845040945781  0.00008375588809734  0.00008922603299010  0.00009485094219327
  0.00010057521055095  0.00010639650232012  0.00011229156025962  0.00011840882750365
  0.00012463733467712  0.00013098693704101  0.00013744041525310  0.00014402499609459
  0.00015078629918986  0.00015769105148088  0.00016465703920717  0.00017169563708719
  0.00017886312732185  0.00018614602348139  0.00019355806616567  0.00020140088939287
  0.00020945296723013  0.00021790264318382  0.00022671336361175  0.00023586723086392
  0.00024540953764477  0.00025527797247820  0.00026554972089144  0.00027617289894550
  0.00028714895380216  0.00029852214198064  0.00031028378458680  0.00032247972383378
  0.00033524860806918  0.00034866814075739  0.00036267920926987  0.00037755761692655
  0.00039297757603264  0.00040941837909115  0.00042670547215000  0.00044451686469718
  0.00046359084597091  0.00048242189012634  0.00050334432534031  0.00052443285951555
  0.00054736018650787  0.00057177693976726  0.00059803017162281  0.00062605961821896
  0.00065523421955732  0.00068670878881868  0.00071960243230291  0.00075547546363295
  0.00079252658202109  0.00083455813836986  0.00087936797397897  0.00092989362854328
  0.00098369048468667  0.00104494666331398  0.00111076227851105  0.00118152084021860
  0.00125798253409715  0.00134365110337398  0.00144017147440508  0.00154639602994938
  0.00166739804969360  0.00180424589321602  0.00196120362864864  0.00214621498558091
  0.00235961358734256  0.00261838460946107  0.00292280273464720  0.00326291919077761
  0.00367405046843298  0.00431154976924385  0.00520307303816985  0.00632951709971333
  0.00797754935808720  0.01108672954134989  0.33543075333880534  1.00000000000000000
 -0.00232732040276631  0.00903649634697897  0.01891827806109929  0.02934738426396929
  0.03986210775565281  0.05024274885489798  0.06070133046389962  0.07110172868914751
  0.08163103083519574  0.09231704814337822  0.10324291635049343  0.11401994291862393
  0.12472471169044921  0.13549744195986418  0.14640784839551657  0.15723551063593683
  0.16788483654197695  0.17854301194003455  0.18908443877421879  0.19970467773035611
  0.21031482252170614  0.22085998193441808  0.23121799611259325  0.24142061475808924
  0.25174019976667994  0.26213424647351236  0.27264156872154355  0.28323412554450822
  0.29396126628507330  0.30468061694468707  0.31545752449922687  0.32600962981660436
  0.33652961876663040  0.34692752188272524  0.35744227421092950  0.36812455711603143
  0.37873554645504925  0.38929526416311716  0.39960283825964132  0.40968413746779936
  0.41976458743274336  0.42990260350621345  0.44016394314881052  0.45057220574682449
  0.46109422046836029  0.47190246096669636  0.48257444497480695  0.49321959926358705
  0.50380053652487988  0.51455307241437920  0.52527925567923128  0.53609432036760474
  0.54651831641664428  0.55684538115534388  0.56732144828192765  0.57782436659874647
  0.58824120957880621  0.59849860999875815  0.60906013350408850  0.61981071109140451
  0.63049765760131682  0.64116029436479749  0.65191627449870704  0.66256927562591439
  0.67305820004330752  0.68340577572211003  0.69383446182378550  0.70454018652401251
  0.71532845077149210  0.72619421437144993  0.73676407857365700  0.74729492049857082
  0.75766349791998366  0.76791146359057350  0.77835789134841771  0.78861141053280859
  0.79897876268124646  0.80940556894257099  0.82014554823147479  0.83087564826956073
  0.84155871937787285  0.85228716826625694  0.86303416724469595  0.87372600853356253
  0.88439634514920951  0.89519486316536934  0.90556058087764835  0.91589282638239156
  0.92613616843869750  0.93658692839237156  0.94724288612885876  0.95796888104888300
  0.96863779575090381  0.97917529842848827  0.98959527045760343  1.00000000000000000
 -0.00384600367622801  0.02496029845509057  0.04550922139283595  0.06265408521320419
  0.07799683478521606  0.09222470476237751  0.10575812010198510  0.11860808066789015
  0.13088611896014918  0.14272114776834838  0.15417984801104689  0.16537290809146885
  0.17636293040240655  0.18708325437765264  0.19744263415301358  0.20754927179119287
  0.21741851345470384  0.22710168048073096  0.23655428578361670  0.24589781601200539
  0.25519437526670102  0.26437672544869734  0.27348280745068687  0.28248201083823532
  0.29137533403851124  0.29995614326481651  0.30836228254717929  0.31685356680713261
  0.32539695061079082  0.33395026213705487  0.34244486514289407  0.35089389413698852
  0.35936280834988832  0.36780747106424044  0.37606473220218323  0.38407022208921998
  0.39198295346812567  0.39994913222110706  0.40799093216830890  0.41617012861218139
  0.42440324112452305  0.43257181718477411  0.44061269658819369  0.44856188384011142
  0.45653384363503935  0.46428284794715197  0.47212900224250315  0.48003935710265633
  0.48788655357916494  0.49561328111761416  0.50327002255689623  0.51094013683581108
  0.51865684057583628  0.52646241280675254  0.53434054935996644  0.54215339227255066
  0.54987129721767780  0.55763723816389699  0.56547860687024121  0.57342398734179989
  0.58140197255535808  0.58956753142443274  0.59781088216975442  0.60611537560005746
  0.61448390617537363  0.62280711406050648  0.63107546460243402  0.63928010559550530
  0.64747088261006036  0.65564251472682367  0.66390529187072156  0.67233100792560141
  0.68074549311018584  0.68920483713050507  0.69782097714000413  0.70655277887736812
  0.71540215428874687  0.72439344015587825  0.73358991833713749  0.74302679826290174
  0.75275359144400311  0.76258638081712560  0.77254626411852267  0.78267720041482103
  0.79324224117860120  0.80420243711861317  0.81570039829306318  0.82760715467023704
  0.84056060807356203  0.85417944435209869  0.86856055821387113  0.88409679088795090
  0.90144528523034928  0.92212829600440993  0.95098554036472771  1.00000000000000000
 -0.01705016285245207  0.10886875897467467  0.14476828807571260  0.16725814155930649
  0.18500029372192989  0.19992205221260320  0.21308592436047114  0.22512788192440075
  0.23628641041263296  0.24676986504894055  0.25667872693338017  0.26606354435037927
  0.27502349923724068  0.28368257849648454  0.29207868279184496  0.30011949954809597
  0.30793494263446591  0.31549814382209668  0.32288013533280058  0.33016683211734599
  0.33722394274411022  0.34409645426325791  0.35084353360858772  0.35744650230129738
  0.36394139129943376  0.37036077627776948  0.37668462407274528  0.38290532063132898
  0.38909230831402264  0.39529583205544405  0.40140501681845087  0.40742711553142796
  0.41333871580270409  0.41915495416008086  0.42493484829326994  0.43070068058884409
  0.43647938748910625  0.44215677127707248  0.44778648523971309  0.45337778953657798
  0.45893692771431049  0.46449310571902258  0.47002554992430789  0.47552192975936258
  0.48102057624272482  0.48654111265431338  0.49208944202578075  0.49762440698333077
  0.50314693816919809  0.50868876951228426  0.51425010427088214  0.51980972006487114
  0.52537222729433353  0.53096258292771481  0.53659839170702117  0.54230032020226271
  0.54802570570227505  0.55370606215194407  0.55937564102667736  0.56507168506329730
  0.57082339635353019  0.57660980185600053  0.58242120208023529  0.58824679160193138
  0.59412428615748014  0.60007055460429615  0.60606509134083142  0.61214436631171487
  0.61831773807182877  0.62457145757505195  0.63091699050225081  0.63732268627535771
  0.64377464510663251  0.65039792690420328  0.65719712696597221  0.66417820621709112
  0.67133587901494052  0.67862220308823318  0.68598653125702391  0.69351649296144957
  0.70136226647410760  0.70936580750724265  0.71761545183822995  0.72594054275402697
  0.73470801910894834  0.74393466720347157  0.75366613711407504  0.76406819154640893
  0.77515824032188796  0.78710706884923143  0.80016705939576871  0.81498601721080810
  0.83242184673590702  0.85450656321492435  0.88983749268137469  1.00000000000000000
   2.4892942290506408E-003  -1.0000000000000000     
 F T T F T T T T T T T T F T T F F F F F F F F F F F F F F F F F
  <DiscreteSampler_grid>
  grouped_processes
  1 # 1 for a reference and 2 for a running grid.
  10 # Attribute 'min_bin_probing_points' of the grid.
  1 # Attribute 'grid_mode' of the grid. 1=='default',2=='initialization'
  0.0000000000000000 # Attribute 'small_contrib_threshold' of the grid.
  0.5000000000000000 # Attribute 'damping_power' of the grid.
 # binID   n_entries weight   weight_sqr   abs_weight
    10   10   1.241498622905213E+010   1.339622428622204E+021   1.241498622905213E+010
    16   10   1.241500175917258E+010   1.339622530854924E+021   1.241500175917258E+010
  </DiscreteSampler_grid>
