  0.00000153832044106  0.00001660276619559  0.00003000377463137  0.00004495898132821
  0.00005895285041191  0.00007304226779303  0.00008727418907698  0.00010196576174564
  0.00011712271896051  0.00013283887423097  0.00014892992771177  0.00016547871127559
  0.00018299567814231  0.00020135316703006  0.00022057952755054  0.00024082983198961
  0.00026201906491200  0.00028412285219110  0.00030833853308967  0.00033352695607707
  0.00035999390435991  0.00038801299153763  0.00041715959958691  0.00044774531365645
  0.00047952059449312  0.00051225824381523  0.00054646966952029  0.00058171589876844
  0.00061993404450734  0.00065982418643722  0.00070117199505228  0.00074521279018796
  0.00079094002586367  0.00083871730999989  0.00088836174574605  0.00094017565772258
  0.00099491076007119  0.00105138659101816  0.00111245821778814  0.00117945865122348
  0.00125103927636318  0.00132338499206990  0.00139495995328144  0.00147040809204793
  0.00155233060287704  0.00163528908139111  0.00172075640069071  0.00181063725379094
  0.00190972099740368  0.00202179726739025  0.00214074631617424  0.00225801530027395
  0.00237422219817181  0.00249436380759549  0.00261935909843236  0.00275274007811885
  0.00288309050376422  0.00302265662574228  0.00317573953772175  0.00334666488150416
  0.00353670378504075  0.00373735853511701  0.00394274550200347  0.00415484352843530
  0.00438016009291552  0.00459940710210078  0.00482557329131049  0.00505412885109751
  0.00527235362813964  0.00549547464080787  0.00573693284760588  0.00602680511837283
  0.00635728588234191  0.00668267893186702  0.00701991725094427  0.00740723459977109
  0.00783726712803807  0.00829281485204774  0.00872306501982183  0.00936751607400749
  0.01004482054637113  0.01065420281640297  0.01137575721634350  0.01215820762261040
  0.01305020800754590  0.01411637425045749  0.01503089409575139  0.01592065760672914
  0.01699851691765531  0.01811834329310728  0.02018927891245545  0.02490266714677741
  0.02943563350660219  0.03409545592060520  0.33604520247047615  1.00000000000000000
 -0.00230794167560129  0.00930530865726764  0.01918781701427413  0.02968386789466010
  0.04007625948172013  0.05050487560355993  0.06078477491430622  0.07138416248583683
  0.08200396558721205  0.09251086923077985  0.10310444692489268  0.11358981608130891
  0.12413413903929869  0.13496511936559938  0.14574840670027578  0.15659278122443973
  0.16719046608056445  0.17775639934264995  0.18838988744110050  0.19901371043358315
  0.20954899142536698  0.22005985691435934  0.23022725519951781  0.24076411806679260
  0.25105126002473327  0.26163025721346667  0.27215938507383614  0.28273493981550230
  0.29334017151219166  0.30403369706318140  0.31473444779503262  0.32549624111333314
  0.33618008877072397  0.34682455330029710  0.35755808434655062  0.36824290848093655
  0.37890248679711847  0.38920229302385079  0.39979716875875088  0.41052479907104500
  0.42118513266121016  0.43168957179049339  0.44215822320308423  0.45284534808286253
  0.46346113257083582  0.47409106335342260  0.48442314420645494  0.49456094472004680
  0.50453026930331879  0.51447362559764531  0.52459848036414747  0.53466471900495482
  0.54482888594251100  0.55497225955835561  0.56534519057187205  0.57598040553615448
  0.58643912587787195  0.59696086240397939  0.60738985157237879  0.61789400398456151
  0.62840199772307692  0.63903239556519098  0.64953768500428166  0.65987779959539472
  0.67015761746308855  0.68077853614319062  0.69139862703459087  0.70218484588350649
  0.71289039893272965  0.72353610531321866  0.73405995697465387  0.74469384472251587
  0.75555092053767292  0.76637070515481276  0.77699776741924387  0.78759048545605059
  0.79797195097453100  0.80823155890933984  0.81870134841647380  0.82921838193700226
  0.83977817745508332  0.85039837845283484  0.86135886636337577  0.87267976448809204
  0.88389426116155057  0.89482614446760822  0.90569376907505883  0.91653573801337263
  0.92742189287943355  0.93834876256730704  0.94877538465546352  0.95905290060324588
  0.96912115344149918  0.97930075451442888  0.98960730283533282  1.00000000000000000
 -0.00398812672008610  0.02325969867476795  0.04289780622783264  0.05943683803196431
  0.07448887301959604  0.08849989921986810  0.10173711806795102  0.11428418278638838
  0.12641201997053614  0.13820121636393060  0.14988279930090334  0.16135421656620519
  0.17242365063633347  0.18315188291914741  0.19357957177379073  0.20378485795584306
  0.21395842816066543  0.22421769809733114  0.23451643298350491  0.24461577847254540
  0.25457969872960323  0.26443839175868233  0.27416407090938699  0.28367088545855151
  0.29317402107766483  0.30258882574154566  0.31200434558039614  0.32117990066248386
  0.33023317665744761  0.33929669835980925  0.34825418439263622  0.35713273212986879
  0.36578597199021023  0.37440852001836095  0.38304714106757570  0.39173211990425866
  0.40042558587774302  0.40911657365174287  0.41782480532434224  0.42654777328207061
  0.43528943482538468  0.44402566708337715  0.45279194069324175  0.46153968072434975
  0.47024636598994651  0.47901231613688278  0.48743197782303704  0.49580240065936404
  0.50396810043537787  0.51221926732381662  0.52049455555848234  0.52882981172021926
  0.53722874604345661  0.54576570151023185  0.55438134083853829  0.56292697402596903
  0.57150905539674668  0.57997906718044445  0.58841622815872274  0.59681040373843397
  0.60527681995771232  0.61363069491567557  0.62211185725244988  0.63063833414257808
  0.63920708730255305  0.64784059815506367  0.65650644986491313  0.66521309413535301
  0.67396231560441966  0.68279845058839728  0.69176058597834433  0.70080548743317783
  0.70989689288975266  0.71905883358556255  0.72831878558243834  0.73767973714529156
  0.74718589750002951  0.75696452138408310  0.76690530428569703  0.77690443228145822
  0.78671858064628497  0.79680775105550983  0.80702576392814307  0.81733687401348609
  0.82770748004835548  0.83846889179648709  0.84990064886828942  0.86182792063971880
  0.87406915610614255  0.88637379956701368  0.89908981768118623  0.91292267330335919
  0.92785342883440891  0.94522615184089975  0.96740558366444551  1.00000000000000000
 -0.02060591067596997  0.12152439306293525  0.16029718110575036  0.18365901095219841
  0.20208140670944366  0.21753166942947244  0.23092658248873973  0.24284138975440375
  0.25373216487922645  0.26369924789402099  0.27319785335679553  0.28190790697623835
  0.29036457560769502  0.29825567461303765  0.30594699494121408  0.31343304020067203
  0.32056739670642814  0.32753138967273859  0.33435525669509564  0.34105676541129748
  0.34766815528391465  0.35400344887710006  0.36015408538886812  0.36612965118551261
  0.37224529939922485  0.37828649423473093  0.38429915100012474  0.39025598863077804
  0.39612621266726639  0.40193578397985452  0.40769006723613971  0.41335821068194423
  0.41892785099490132  0.42437430487636452  0.42976948152238581  0.43517805513879326
  0.44055130470702542  0.44592462439991726  0.45130122403483569  0.45667040216028426
  0.46199300919642028  0.46723123006426270  0.47240225104422018  0.47754127235051708
  0.48260102228910201  0.48769261780694445  0.49287899416897080  0.49813724821393796
  0.50338690202263947  0.50856171573663922  0.51370736186199295  0.51879273843078344
  0.52386181105052754  0.52895159494064936  0.53405982232358595  0.53919648351237071
  0.54437437529539934  0.54954341420922370  0.55472577994164052  0.55986433422076687
  0.56505044625488854  0.57031653360602019  0.57564604275303921  0.58100605119753901
  0.58642380310492814  0.59183530297519826  0.59722280693845853  0.60265752102149939
  0.60826307328400875  0.61406189667044087  0.61992315086254857  0.62582673699225677
  0.63182532376234091  0.63792414711214274  0.64415031791211741  0.65057339552665849
  0.65712376721658894  0.66374111154964432  0.67065587897894519  0.67786949484659520
  0.68523123904918948  0.69292310999003448  0.70075604823639515  0.70886111165616783
  0.71755170726442352  0.72653770843417487  0.73609354563803842  0.74607920424418239
  0.75717714453975793  0.76926522857095647  0.78282691584501551  0.79843491033571867
  0.81699644888147105  0.84062976819953539  0.87926150501769951  1.00000000000000000
   2.5267868477287372E-002  -1.0000000000000000     
 T T T T T T T T T T T T T T T T F F F F F F F F F F F F F F F F
  <DiscreteSampler_grid>
  grouped_processes
  1 # 1 for a reference and 2 for a running grid.
  10 # Attribute 'min_bin_probing_points' of the grid.
  1 # Attribute 'grid_mode' of the grid. 1=='default',2=='initialization'
  0.0000000000000000 # Attribute 'small_contrib_threshold' of the grid.
  0.5000000000000000 # Attribute 'damping_power' of the grid.
 # binID   n_entries weight   weight_sqr   abs_weight
    10   10   1.904025201035493E+009   6.554110700662736E+018   1.904025201035493E+009
    16   10   1.904025201035493E+009   6.554110700662741E+018   1.904025201035493E+009
  </DiscreteSampler_grid>
