1.7191578947382302
2.0207708281786334
1.5984556301676422
1.9177679338323206
1.5015921579248055
1.6445464562600902
1.651948997875076
1.7181346162407178
1.3836922944672243
1.7811243268670836
1.5813746284321937
1.6485720159363317
1.8909730261011828
1.7265162915885437
1.8391011474231478
1.7382437272807967
1.4899734525122406
1.634518298196591
1.4660739576464104
1.4185602002804416
1.4935546552518741
1.678905673323282
1.6665503536835464
1.9046573735996228
1.621244806604169
1.4929213462727435
1.474362901111198
1.7026348169936443
1.5822626572212182
1.580226042052029
1.525212021733267
1.4526487925050762
1.78058605579896
1.752409642143766
1.860021882465396
1.6485134040109797
1.49675787773279
1.7909008220731455
1.7304165208414428
1.617539944393887
1.7911897008789224
1.7295733430206521
1.4714409501411116
1.7270129743375502
1.8300236031096098
1.8203324047111527
1.5478595918927511
1.560307767811106
1.8979066495031731
1.8212626244832615
1.82993121131793
1.6758933466497432
1.6073261887457724
1.6136479572732951
1.8539571345906414
1.7692464949517193
1.7331705396492951
1.756145708167504
1.6249791140073149
1.9050463389443366
1.4683701974891374
1.628512899420628
1.5939934594177958
1.758706367179997
1.740376145185205
1.728212563375031
1.6111780134355231
1.5704758498555669
1.5372083946792374
1.5441616324466032
1.716954029403706
1.4480107277047984
1.7205500007390098
1.6901202887598878
1.7757169443588356
1.8320259085242263
1.5544121155572244
1.4824562059775384
1.333509147697422
1.5761698870089893
1.3983131757438727
1.8007293828598163
1.623308383374535
1.5010826706310398
1.7017501958480272
1.6377060095598877
1.6250717459410033
1.4300644451402833
1.7570724195420273
1.788849372240161
1.856273301965751
1.4046225779022137
1.608720973042129
1.6856301149065276
1.8319464357980564
1.5618426402664791
1.7904472204969888
1.5507773016825492
1.5064871006771443
1.7667621476949253
