2.1130361947979917
1.9013521115569827
1.8807314727536875
1.9717593351373846
1.7830563427508785
1.9557870893417395
1.9961967031555354
2.007752529263602
2.059496441338354
2.0443109818419978
2.00654163798044
2.054368460692483
1.6823586431857078
1.8621717254100463
1.8671864083918923
1.922478222317698
1.8744380128337745
1.902356952447365
1.8500111540039927
2.114189949562374
1.8587667200872116
1.7946649507237444
2.062815519724408
1.723491388886258
1.876698543969404
1.9315432689192489
1.9636660349430954
2.096581439719641
2.1545248030212707
1.7781178286863613
1.9058900682644448
1.8300629633852985
1.945613430448794
1.767517471515703
1.7835289876123024
1.7767139658113897
2.053113209337692
2.121433592642196
1.9631657383986243
1.936643709153131
1.990047017633613
1.8370716174976631
1.9543986247729723
1.7542343369928068
1.9884703546878604
1.9991413363345736
1.8545034012690487
1.7814230498003851
1.8222657034870113
1.72513771553712
1.9381841772832298
1.6743268984144883
1.894928659489042
1.873268374250558
1.9817939895371224
1.6334528370923036
1.8541760389425679
1.8341749671237224
1.9106199168309868
1.976203197001227
2.0090309309054364
2.014162796473685
1.8246250054855233
1.7170636546848972
1.8770648931795852
2.1691296544257987
1.7888590790566425
1.8962597597013056
1.9803401896786583
1.8600450841003064
1.776070891647327
1.7918910276359312
2.0570755128815215
2.056440730935152
1.8964667749084887
1.9435878591401101
1.8015058305449378
1.8469055673465924
1.9630490079933185
2.03583065079029
2.0704579980860753
1.6261523598549836
1.7754741869650175
1.8883084263272218
1.9266034455048828
2.098703925993983
1.9803132742451341
2.1456043846282107
1.6575862226472797
2.0801841121459974
1.9020150546728876
2.116857482341641
1.9185392280862918
1.9827354023075283
2.195381232698825
1.9523798157718362
1.7766536082709576
2.0059811203170463
2.060231974724422
2.0116197406498837
