  0.00000008953370514  0.00001149680651135  0.00002649146496111  0.00003996376876081
  0.00005316468005725  0.00006628746756022  0.00007948179302110  0.00009309412462377
  0.00010731430117689  0.00012210433781914  0.00013733842784879  0.00015281629284596
  0.00016872610235820  0.00018533477735301  0.00020276775413959  0.00022147631475648
  0.00024094045834163  0.00026148644724188  0.00028316698117240  0.00030588765412003
  0.00032986042485824  0.00035488526656376  0.00038075127413833  0.00040825863487877
  0.00043681503185160  0.00046670174692275  0.00049775264121676  0.00052993125664627
  0.00056372607855079  0.00059840877845607  0.00063445586611267  0.00067240341306071
  0.00071234081606925  0.00075484598868931  0.00079930716117138  0.00084871413736894
  0.00089940068425780  0.00095161881591747  0.00100519473514643  0.00106023917914567
  0.00111797477838621  0.00117836852382959  0.00124139802514709  0.00130802048262251
  0.00137831060795617  0.00145262631926955  0.00152932160467315  0.00160731758248943
  0.00168797183412949  0.00176919886951454  0.00185307561374987  0.00194088812747815
  0.00203467991063544  0.00213634936439971  0.00224206964363815  0.00235015972236138
  0.00246044173812017  0.00257531256759107  0.00269630461460124  0.00282071454716971
  0.00294670400191134  0.00308594486318268  0.00323032642123078  0.00339328898540736
  0.00355640550437527  0.00371882308880742  0.00388608883591412  0.00406016401445969
  0.00424049049040682  0.00443003817376715  0.00461555743465248  0.00480380346649193
  0.00501149196554355  0.00524200180037927  0.00548593419334202  0.00579775891757476
  0.00612637789773539  0.00650572562641588  0.00685991010230647  0.00724463283649810
  0.00774839907577435  0.00837169311788438  0.00905234299536360  0.00987414357399656
  0.01056200671583402  0.01151889866224512  0.01272077705156266  0.01423516172865881
  0.01518502529263798  0.01628483891179893  0.01733069700571065  0.01836075227878880
  0.01972234286393103  0.02160407002270748  0.14428863570520398  1.00000000000000000
 -0.00245387809647767  0.00925051620724511  0.01928622671731611  0.02977822748137550
  0.04036178170817904  0.05103550457377872  0.06172919196419153  0.07242887069708322
  0.08323873933718871  0.09398008953052157  0.10477744453381674  0.11524733979381097
  0.12566280355935872  0.13568734229623569  0.14555065708140622  0.15565096816811927
  0.16557130695219432  0.17573581369306385  0.18583471400438267  0.19643147942034839
  0.20698931987579025  0.21757657312327583  0.22821654653366025  0.23933340366555972
  0.25042560930924107  0.26118749601391172  0.27192504026437964  0.28259004592771708
  0.29307876816136308  0.30349667380080342  0.31398722114231431  0.32470100783627170
  0.33553388715496013  0.34628125605006177  0.35691001856566124  0.36741729577335885
  0.37787993423442878  0.38856446977182285  0.39927665468719331  0.41008219368486271
  0.42056276846228380  0.43102954351201822  0.44162209671053632  0.45221369670005651
  0.46258991784502029  0.47296964401257918  0.48344524908435099  0.49411022866226184
  0.50474012164511284  0.51536270154878305  0.52589362139081119  0.53638309314946586
  0.54695483417014756  0.55773818314555046  0.56860852299885756  0.57939108151491481
  0.59008727299669961  0.60070097823039181  0.61122326250152914  0.62173236312122182
  0.63221179156776175  0.64281662863217470  0.65329362334767072  0.66386143376368212
  0.67442095849334427  0.68496678604805705  0.69538962109289315  0.70600399849515705
  0.71634490770330961  0.72669684157298597  0.73691231208327379  0.74729047462151466
  0.75786245744429670  0.76854233681205775  0.77915983286093649  0.78969947556333542
  0.80020351369094844  0.81081587288894108  0.82115907874619187  0.83147202521448649
  0.84196091048557609  0.85214875858663386  0.86205786931806094  0.87196301108298713
  0.88232927377751202  0.89278267736972139  0.90346425842503020  0.91415966785520031
  0.92520985248830390  0.93616346081686264  0.94689656847050707  0.95775021213197231
  0.96840003818123510  0.97904273209915249  0.98945017997956997  1.00000000000000000
 -0.00381383597574969  0.02360921533247925  0.04306476511023314  0.05961638113327875
  0.07475209390505343  0.08886865284196384  0.10218298157788068  0.11475937602322210
  0.12692456133987190  0.13878643874547145  0.15039360355781947  0.16171418807468868
  0.17283925202104516  0.18370476775446720  0.19428812344886909  0.20467249833359960
  0.21498179044561444  0.22521205837349589  0.23525862267602657  0.24510206125908346
  0.25485857967464642  0.26467481593670222  0.27444359112430028  0.28409615015137152
  0.29368866939130178  0.30316852776622932  0.31258900161589381  0.32173532744374700
  0.33077920290663532  0.33989466826947307  0.34900525937731969  0.35794457584820277
  0.36673707887386153  0.37545279046511998  0.38416582621812262  0.39290846283193198
  0.40162800138476379  0.41028811093045625  0.41888781382841622  0.42755301937224865
  0.43623930513056713  0.44504797776896199  0.45384968416433386  0.46254630858081502
  0.47110906288878995  0.47973518646775204  0.48831007113633501  0.49696165845972018
  0.50564994899420534  0.51425681392289346  0.52277571021527491  0.53102803401534371
  0.53922938732267822  0.54747067333758792  0.55580998388336067  0.56422078923678753
  0.57266716348782942  0.58107456532257518  0.58949173423863555  0.59798406126447312
  0.60657137398557182  0.61520628401968003  0.62387421424438638  0.63255528392703098
  0.64114597545290875  0.64960762865423716  0.65787462141010511  0.66641466961425933
  0.67503079244588393  0.68370390891134170  0.69231812241702873  0.70111232681403013
  0.70997590689276202  0.71911417136250910  0.72825627705979956  0.73764546710938661
  0.74714489206170276  0.75677533417018106  0.76648616638863254  0.77625618561416432
  0.78595552536516511  0.79575570510074900  0.80566492403101875  0.81577958720025678
  0.82602885506562784  0.83664175939913721  0.84769595551982002  0.85898275821302783
  0.87046362014048573  0.88210492402528395  0.89449118719623422  0.90801704586731236
  0.92331020032100952  0.94110671553646774  0.96443097604701833  1.00000000000000000
 -0.02032465014716443  0.12158455662817592  0.16117229083716617  0.18473980328693812
  0.20299394979434268  0.21815403864441274  0.23137054560351100  0.24311633068836028
  0.25402641217399347  0.26397911528292112  0.27342774886278703  0.28229176578152465
  0.29092739750776669  0.29912215504794276  0.30701079106273677  0.31466713008882408
  0.32201468734919064  0.32923854081270681  0.33601412219135474  0.34252549350648814
  0.34895249748254709  0.35534051452516652  0.36153561382704269  0.36759982503355448
  0.37359038744272188  0.37943840421059138  0.38522899451363157  0.39097176667833289
  0.39659197110393668  0.40210563022742851  0.40760477808339241  0.41312488154928800
  0.41862285445763830  0.42403933127924709  0.42935231327675705  0.43471814296828104
  0.44003488095387955  0.44531392956690757  0.45052300300990633  0.45568064023718002
  0.46081883841125526  0.46595705070080246  0.47109135241019268  0.47622822589817942
  0.48136309918032422  0.48646913399202407  0.49153868346581814  0.49659299216191688
  0.50163271571073276  0.50680799144672095  0.51200958527953266  0.51723330482511132
  0.52243209968467397  0.52760671907115197  0.53273394212814662  0.53785427713526635
  0.54304914314465114  0.54835389872768825  0.55372498151295713  0.55907992565743214
  0.56444066389089775  0.56983303490133852  0.57528666870070888  0.58071570988724108
  0.58620230509158977  0.59173711869324075  0.59734601351404504  0.60303970767962234
  0.60882851534662530  0.61469657911606779  0.62060482066733336  0.62651084989533101
  0.63240100938623023  0.63836438465918033  0.64454588640284149  0.65103278161512590
  0.65767742465275192  0.66434672018167296  0.67114350580925342  0.67819181303541276
  0.68537073812033333  0.69300059007802162  0.70087272996483219  0.70896265045661522
  0.71756237714608462  0.72638749806204272  0.73610126579470236  0.74627864141194067
  0.75750530732538202  0.76951695833725664  0.78284388957180429  0.79781850230644957
  0.81580631235009260  0.83933773046164672  0.87791106776368510  1.00000000000000000
   2.5140948768256410E-002  -1.0000000000000000     
 T T T T T T T T T T T T T T T T F F F F F F F F F F F F F F F F
  <DiscreteSampler_grid>
  grouped_processes
  1 # 1 for a reference and 2 for a running grid.
  10 # Attribute 'min_bin_probing_points' of the grid.
  1 # Attribute 'grid_mode' of the grid. 1=='default',2=='initialization'
  0.0000000000000000 # Attribute 'small_contrib_threshold' of the grid.
  0.5000000000000000 # Attribute 'damping_power' of the grid.
 # binID   n_entries weight   weight_sqr   abs_weight
    10   10   1.629589689122258E+009   4.484926580205545E+018   1.629589689122258E+009
    16   10   1.629589689122258E+009   4.484926580205543E+018   1.629589689122258E+009
  </DiscreteSampler_grid>
