  0.00000230536890521  0.00000561893084202  0.00001092544673131  0.00001642782634584
  0.00002178094958621  0.00002690918925828  0.00003180366643129  0.00003667081235717
  0.00004152810857424  0.00004638115334037  0.00005128307398930  0.00005624699521152
  0.00006123177466806  0.00006616146231345  0.00007117264034042  0.00007626086935094
  0.00008142678093964  0.00008670178955458  0.00009209889037983  0.00009760010826480
  0.00010319863627680  0.00010895576406756  0.00011481233479978  0.00012077716762222
  0.00012685649064158  0.00013306645293564  0.00013946342334396  0.00014603139206119
  0.00015267696925588  0.00015933983120009  0.00016602873593837  0.00017279051254715
  0.00017976716677062  0.00018698677519485  0.00019424991881512  0.00020193774730005
  0.00020985488320266  0.00021796421586460  0.00022669119957032  0.00023535491058865
  0.00024443725924608  0.00025370572457193  0.00026339953207468  0.00027359692428856
  0.00028428113074913  0.00029527290702544  0.00030665266152870  0.00031820974323818
  0.00033054555091579  0.00034355873015620  0.00035718750184914  0.00037165705557679
  0.00038663746096063  0.00040249428579588  0.00041930065450512  0.00043669377530989
  0.00045482537896387  0.00047371250722199  0.00049363746989579  0.00051465929467938
  0.00053653439498693  0.00055938470610004  0.00058337535166757  0.00060951833084475
  0.00063796521140321  0.00066874427125137  0.00070163094069308  0.00073667263989031
  0.00077404631854084  0.00081456462590579  0.00085845820499279  0.00090473738776511
  0.00095446476011402  0.00100871112472595  0.00106800736973954  0.00113380088497423
  0.00120688401602857  0.00128951926205942  0.00137970692403714  0.00148017650727460
  0.00158991904665641  0.00171698529921770  0.00186302879056339  0.00203141578132764
  0.00222573511822411  0.00244244525734995  0.00270079065179723  0.00300807341019939
  0.00337236829970045  0.00381224138139525  0.00440143519995160  0.00524711698067402
  0.00633599366459393  0.00812197836969819  0.11298717722563624  1.00000000000000000
 -0.00239440237734826  0.00948572138392187  0.01957109679620761  0.02974704596138850
  0.04009988462778527  0.05039876166068192  0.06057639696332004  0.07061024267122237
  0.08059587201612407  0.09082171324004192  0.10123060449813789  0.11159358162794110
  0.12202972167227667  0.13227609693347114  0.14262491053643825  0.15308468699352673
  0.16357038383362288  0.17400278634003230  0.18443147339098506  0.19507921322731386
  0.20599717372051948  0.21682962377134066  0.22768534863992604  0.23854975189342520
  0.24943106120261482  0.26018717121230928  0.27079683550402389  0.28127594389599664
  0.29176073431520627  0.30228747792617866  0.31299465128745219  0.32367206230980838
  0.33429041866057985  0.34474113110957572  0.35521216135738637  0.36567922748927562
  0.37620022277270937  0.38671630978125265  0.39720963691467914  0.40765687882361318
  0.41831198653477553  0.42931453244934165  0.44017576855779078  0.45060484756026115
  0.46114857068756110  0.47161060435337282  0.48206404072517650  0.49224894467127567
  0.50259305285625622  0.51338630352875436  0.52403880182249885  0.53496030859385368
  0.54577023815394143  0.55675013347370550  0.56765579825190615  0.57854969089732999
  0.58953582823152473  0.60009167752624470  0.61039639619342523  0.62034920759928236
  0.63060528251870351  0.64112819756424533  0.65177998420384520  0.66244415894772302
  0.67301104625406949  0.68373776353908455  0.69446376719113134  0.70527520041630887
  0.71594131410787643  0.72642116292412751  0.73675292165831008  0.74704703039939047
  0.75741240514061203  0.76793607304739786  0.77856896541565468  0.78929108835685691
  0.79976124806287407  0.81004595291916714  0.82023293588472668  0.83046304304379326
  0.84081177706017973  0.85122516709574680  0.86185973508953462  0.87257636425312446
  0.88322731550786826  0.89374313655675719  0.90437705695458626  0.91496161139645160
  0.92538289652992844  0.93570350975910721  0.94630438327109712  0.95703455216319178
  0.96779437947214242  0.97846352736102982  0.98932661123528909  1.00000000000000000
 -0.00397353528417694  0.02444712280893913  0.04478322948854865  0.06193851628706322
  0.07744890092233217  0.09192782790189248  0.10574469735560003  0.11909580896242744
  0.13183403191048071  0.14400571108177349  0.15563076220112154  0.16692682199579159
  0.17782393298788698  0.18835405209278644  0.19853945593527100  0.20856046095548902
  0.21833509933956521  0.22799715552476585  0.23759593673389709  0.24714163341732309
  0.25658395386453725  0.26596970223073124  0.27527202004605561  0.28447046786602048
  0.29351129780718821  0.30235461408690828  0.31102908894029552  0.31946391094773596
  0.32771590242239407  0.33592598315486932  0.34408801838098330  0.35224988305694338
  0.36032223157989340  0.36825934164154928  0.37623257693080098  0.38425570226636158
  0.39229434049288142  0.40041608005096507  0.40858576536461000  0.41668123920543176
  0.42461156598484379  0.43248555737609978  0.44044591591304405  0.44843877858556835
  0.45641896879329391  0.46414211418329526  0.47185853145220197  0.47957402844721031
  0.48752464835931203  0.49556528355010804  0.50350312129519614  0.51141404198408236
  0.51925042765485785  0.52700568399482894  0.53471632641137190  0.54243733381340742
  0.55020971487817238  0.55801626462035547  0.56590509779353027  0.57396259773182079
  0.58214583061749414  0.59027502735679027  0.59830586157734866  0.60635474571280634
  0.61444422596369341  0.62258148813367431  0.63057214276288676  0.63850805222519924
  0.64657217905869779  0.65481465918248039  0.66315147094803251  0.67155335048320242
  0.67999184131269064  0.68842313999083726  0.69702782809575026  0.70574950428947902
  0.71493163306869967  0.72434625535284636  0.73383983658189667  0.74323752212293248
  0.75291401823786219  0.76294159101528203  0.77326208557818521  0.78377351032869291
  0.79465931971710413  0.80585519428089480  0.81732177844637177  0.82904433621040796
  0.84142798933458951  0.85459953123191423  0.86904617330494849  0.88502431516233193
  0.90273248309726684  0.92364881873549476  0.95158565109840132  1.00000000000000000
 -0.01879972885766494  0.10940324978873051  0.14529873062393764  0.16742642896808718
  0.18482044172551637  0.19974876828209523  0.21303436106853677  0.22527212224648038
  0.23661887162357795  0.24730055232859580  0.25719552026208448  0.26668934123335003
  0.27558369195308630  0.28405417396091787  0.29223686614881095  0.30006191782237868
  0.30765066598541202  0.31507859305752361  0.32227533192079472  0.32942358554514556
  0.33647246382856555  0.34336533035329214  0.35011091193418648  0.35663238377083123
  0.36302013106734188  0.36941241835666949  0.37576259550288460  0.38202028670536797
  0.38820072627201413  0.39428043740811081  0.40025171267830922  0.40612195112335292
  0.41200146756433409  0.41784638711585337  0.42366147057022280  0.42945777911457883
  0.43523853118739431  0.44099555619461700  0.44677585680350806  0.45252652633399348
  0.45824778120177889  0.46391754454889755  0.46957285706531365  0.47519136507767662
  0.48071972324702833  0.48620011857408379  0.49166711367141808  0.49713924248400782
  0.50264046144593422  0.50805099857325142  0.51356042119661605  0.51909666783024999
  0.52466079148596589  0.53020408256108920  0.53572631207262866  0.54121256048271882
  0.54676985175754245  0.55240936009844810  0.55809603980962230  0.56387127084920430
  0.56969422744583131  0.57550951626131530  0.58131547117197324  0.58713827187379719
  0.59299872798875197  0.59890218585568822  0.60482537387745983  0.61081664901145116
  0.61687723329776545  0.62306403445511782  0.62940600492105014  0.63582689176146079
  0.64230150207348424  0.64889793403421769  0.65564463405186624  0.66251042992292419
  0.66951189911712239  0.67669497122197619  0.68401273833644693  0.69151485881245489
  0.69927005877671122  0.70724780848657520  0.71551966326274097  0.72405408934699167
  0.73297514178201262  0.74245204408380205  0.75247572913842931  0.76314326383738307
  0.77444946123761338  0.78648651517728974  0.79956815284087412  0.81444083443074322
  0.83186093619898338  0.85421253128837216  0.89058460936068584  1.00000000000000000
   2.4855383330850836E-003  -1.0000000000000000     
 F T T F T T T T T T T T F T T F F F F F F F F F F F F F F F F F
  <DiscreteSampler_grid>
  grouped_processes
  1 # 1 for a reference and 2 for a running grid.
  10 # Attribute 'min_bin_probing_points' of the grid.
  1 # Attribute 'grid_mode' of the grid. 1=='default',2=='initialization'
  0.0000000000000000 # Attribute 'small_contrib_threshold' of the grid.
  0.5000000000000000 # Attribute 'damping_power' of the grid.
 # binID   n_entries weight   weight_sqr   abs_weight
    10   10   2.718038449267555E+008   3.610181888709279E+017   2.718038449267555E+008
    16   10   2.714752247212451E+008   3.609976562307793E+017   2.714752247212451E+008
  </DiscreteSampler_grid>
