 -0.00000060516094244  0.00001138967849437  0.00002621388085653  0.00003912514842462
  0.00005180276943471  0.00006489680960889  0.00007832014615341  0.00009235444390073
  0.00010660624188519  0.00012129368302037  0.00013614996481618  0.00015134243856233
  0.00016698615880927  0.00018331924436375  0.00020040975091092  0.00021831976060804
  0.00023728293614227  0.00025701500834334  0.00027734399272689  0.00029881381477065
  0.00032128401247673  0.00034485618034881  0.00036947972794445  0.00039514211871760
  0.00042221134388418  0.00045005691496375  0.00047904378101148  0.00050923629501968
  0.00054148404365966  0.00057586130540587  0.00061156834936201  0.00064977864990778
  0.00068958782751858  0.00073088768421939  0.00077400075144644  0.00081889971588016
  0.00086588222650730  0.00091446757111955  0.00096491242052685  0.00101812877092782
  0.00107419990396838  0.00113230003864463  0.00119139938696723  0.00125195784396568
  0.00131477497605847  0.00138110987093839  0.00145102940186771  0.00152241003268422
  0.00159547910823098  0.00167101785273563  0.00174874369093152  0.00182985181172781
  0.00191253607389917  0.00199829637489252  0.00209051511578662  0.00218726463153164
  0.00229465709563127  0.00240534518044933  0.00251685888168090  0.00263119753394162
  0.00276190090267563  0.00290369370976936  0.00305001645460981  0.00320279694138506
  0.00336958378404440  0.00355577586885019  0.00373870284322451  0.00393061010055195
  0.00412701841272059  0.00432755921270999  0.00452036386257852  0.00470712959185672
  0.00490949075782033  0.00515811213426595  0.00541635526929605  0.00567133920804233
  0.00592001106807586  0.00617967084478813  0.00645660820113816  0.00674451098875349
  0.00703732043782529  0.00741735930237231  0.00789991355296991  0.00839147591679595
  0.00883567780599365  0.00928024524199351  0.00973074959445521  0.01024547282780646
  0.01080169345800235  0.01144558177818472  0.01235499364877287  0.01379042149121076
  0.01587971874515658  0.02027795894910481  0.18197913012030295  1.00000000000000000
 -0.00259997959531567  0.00993091952956792  0.02052919542352758  0.03130187337202420
  0.04203851920607905  0.05283373887204940  0.06341770622083501  0.07403598934624858
  0.08456425174727043  0.09517458980415104  0.10585766470780344  0.11664301206468333
  0.12757762825688282  0.13861660511766097  0.14949993424810590  0.16028605557748382
  0.17091147691304034  0.18141709570238279  0.19191173863261002  0.20243851890922304
  0.21303748312110360  0.22370843651204358  0.23440069129973271  0.24500276682499811
  0.25546907304674049  0.26596060678542627  0.27646556806115447  0.28680730387914788
  0.29691392811538675  0.30707989103580691  0.31738254715219327  0.32775696044839059
  0.33816262945199727  0.34855260303285446  0.35883965181385064  0.36899370190489111
  0.37923655236795012  0.38968912859220528  0.40033307823253411  0.41093990980156181
  0.42151825216495015  0.43199234376970230  0.44269916278989779  0.45358742658359313
  0.46444788973523476  0.47503239638803718  0.48554457637290732  0.49611814879958704
  0.50669712437292680  0.51716348232803921  0.52753764129616698  0.53784915471939276
  0.54831130304387221  0.55882634188787839  0.56938913538480029  0.57990030231748801
  0.59036764105714445  0.60073906314546477  0.61105768286049045  0.62133113763484182
  0.63198334831200731  0.64269879013072007  0.65319822525656390  0.66373194120485601
  0.67428355414510144  0.68513621700561145  0.69576522778980354  0.70614211398004922
  0.71669454701573188  0.72720387411053455  0.73780564075320676  0.74859319141634517
  0.75946746724605785  0.77042526182638682  0.78125229831265386  0.79206380196918913
  0.80268653768601061  0.81299606422049175  0.82335582972454402  0.83368762092710080
  0.84421341487194801  0.85456489369670341  0.86510953277317593  0.87530719544657654
  0.88570827838436783  0.89603572492684036  0.90635188954527812  0.91641793669397409
  0.92681327774699773  0.93717343788661023  0.94773313378514490  0.95824967038572773
  0.96875732954110050  0.97929499864557257  0.98956936877224222  1.00000000000000000
 -0.00376113986291486  0.02275221201150231  0.04217467182058424  0.05852131071891552
  0.07349932284811310  0.08771994830317188  0.10121920434919399  0.11403582144767206
  0.12638840216778785  0.13840018502690007  0.15013435674170461  0.16154253290223608
  0.17259489144186466  0.18341423646209470  0.19410566074294500  0.20469772593712079
  0.21515254031011041  0.22552909199721932  0.23582734378120651  0.24598302784867188
  0.25594783830736839  0.26582087699265594  0.27568139598106162  0.28547587531974861
  0.29512554700004578  0.30459099486693020  0.31397598165479812  0.32338291344651759
  0.33272802083607006  0.34193893841906953  0.35107403269284543  0.36019685449828187
  0.36933433395025056  0.37846057961984680  0.38757555172727753  0.39660538965993258
  0.40543431977344802  0.41411764318416938  0.42273375776320216  0.43127470683195018
  0.43979892706494145  0.44836150007937714  0.45696370698189492  0.46559327954167012
  0.47414690463280112  0.48274973822647121  0.49136222014379394  0.50005255425515815
  0.50867385350999572  0.51718597899656449  0.52585960750970806  0.53457011949080713
  0.54338546273114807  0.55210225986553663  0.56068678214062773  0.56916918155624185
  0.57760086778324504  0.58597714814593638  0.59426232084293007  0.60251215554646120
  0.61079293080969421  0.61913704458710839  0.62754719983516216  0.63609050654928345
  0.64478751098731879  0.65354633224394643  0.66240123988764765  0.67119548367113402
  0.67991617135796756  0.68866127872820559  0.69752491460340293  0.70615414341882188
  0.71489887317119694  0.72355674968119066  0.73233435857849583  0.74117930146185917
  0.75010462100396780  0.75929263483293685  0.76853795032496452  0.77799727676670005
  0.78756946291904584  0.79729783566775048  0.80692574723483579  0.81656205705575557
  0.82673335641954837  0.83743900382451042  0.84908549669576705  0.86087400556744642
  0.87285516828779419  0.88487476918156149  0.89727680755822126  0.91045264307065854
  0.92510994812628544  0.94218433497562304  0.96466705521422691  1.00000000000000000
 -0.02048554288122968  0.12026038707194282  0.15948362062154714  0.18272794714376908
  0.20084570912599425  0.21596360855895860  0.22926542723211091  0.24112283581486169
  0.25204520460984509  0.26180731301376930  0.27139128320331546  0.28019887718943504
  0.28886483648735894  0.29701525063304990  0.30481278311435694  0.31241136438861306
  0.31955226567953177  0.32657725950726435  0.33342110580279571  0.34014396923691992
  0.34678649601914574  0.35333810943223187  0.35974451517910688  0.36595629671991126
  0.37204706223395395  0.37803165740803013  0.38401089672004307  0.39000461348688775
  0.39591011670560244  0.40167840240319513  0.40735764867195923  0.41300192767152782
  0.41862036391560842  0.42418619722324885  0.42965865153472665  0.43508206103814834
  0.44037773028499283  0.44571309656663727  0.45108436464544993  0.45648393937905285
  0.46190294618854938  0.46728134857329062  0.47260290765281032  0.47787123904368067
  0.48306577009218177  0.48821480130719475  0.49336535220048028  0.49848612054948510
  0.50369100559570135  0.50882003862883707  0.51396495213800719  0.51908360868615222
  0.52419380953289829  0.52929950509230694  0.53439626736413359  0.53946941847173868
  0.54453244659812194  0.54968625564369722  0.55491142451924458  0.56017674741947920
  0.56542363792481365  0.57072841361140059  0.57607962311263339  0.58142072944459144
  0.58685939447594948  0.59233998815775990  0.59785795377531037  0.60344151689081915
  0.60910094383914126  0.61480669489093986  0.62053177805619453  0.62637298079279013
  0.63242360217312954  0.63853905845003345  0.64476512917716089  0.65119229962792280
  0.65773868040257466  0.66433332367828657  0.67115736287325667  0.67833221368413721
  0.68582107389814473  0.69372556702068178  0.70174516016375466  0.70991369123240455
  0.71849184278914180  0.72731450432848554  0.73682249119761789  0.74675488152690062
  0.75775038834908359  0.76961437388866327  0.78277415572765408  0.79794371152422794
  0.81616142359785038  0.83934601152431154  0.87839454914499371  1.00000000000000000
   2.5354652575139081E-002  -1.0000000000000000     
 T T T T T T T T T T T T T T T T F F F F F F F F F F F F F F F F
  <DiscreteSampler_grid>
  grouped_processes
  1 # 1 for a reference and 2 for a running grid.
  10 # Attribute 'min_bin_probing_points' of the grid.
  1 # Attribute 'grid_mode' of the grid. 1=='default',2=='initialization'
  0.0000000000000000 # Attribute 'small_contrib_threshold' of the grid.
  0.5000000000000000 # Attribute 'damping_power' of the grid.
 # binID   n_entries weight   weight_sqr   abs_weight
    10   10   9.605407126130005E+008   9.977522331121149E+017   9.605407126130005E+008
    16   10   9.605407126130005E+008   9.977522331121146E+017   9.605407126130005E+008
  </DiscreteSampler_grid>
