  0.00000026903044372  0.00001314585733544  0.00002748524177587  0.00004114796354345
  0.00005454549168694  0.00006814032623904  0.00008195827805945  0.00009603406683739
  0.00011057073863828  0.00012571288482125  0.00014128431867948  0.00015700292821059
  0.00017347497094106  0.00019099404950498  0.00020939041852103  0.00022868151039232
  0.00024883606710782  0.00026980689225844  0.00029181636143961  0.00031499415244727
  0.00033929798505572  0.00036511333554379  0.00039185458338184  0.00041988246271866
  0.00044915451053225  0.00047957418519759  0.00051178886456917  0.00054610311225893
  0.00058226965390265  0.00062025988008663  0.00065923693784131  0.00069952767494106
  0.00074166741560868  0.00078454069748797  0.00083099616611454  0.00087909296799214
  0.00092922722662448  0.00098102594836408  0.00103416616195351  0.00109052347629775
  0.00114982071623175  0.00121170608863682  0.00127637461467286  0.00134337213032771
  0.00141381589291861  0.00148620386772685  0.00156253176522060  0.00164446135256526
  0.00172991804346392  0.00182069373579228  0.00191932685426239  0.00202110351131040
  0.00213255236937718  0.00225221335854915  0.00237624635288776  0.00249689509727974
  0.00262037826690348  0.00274896844574335  0.00288349859751888  0.00303061588773676
  0.00318287564501380  0.00334341087203288  0.00352127430018026  0.00372495375362707
  0.00395404830646784  0.00418318119567001  0.00439522954629476  0.00460898966096985
  0.00482981421962634  0.00507934626749853  0.00539112240182348  0.00575421750610389
  0.00610498575504613  0.00639574120745299  0.00665936215591800  0.00694357140366052
  0.00725942682188758  0.00764358299626975  0.00809166608714496  0.00860113232520579
  0.00915269238786076  0.00973873413640473  0.01044935196805910  0.01111996838354617
  0.01182706553588834  0.01263843353522756  0.01352120285981721  0.01439864430093183
  0.01674404954955694  0.01996848088061080  0.02410892135477034  0.02656376909584255
  0.03253583274232415  0.04043300047030107  0.22112968229211383  1.00000000000000000
 -0.00255827339609542  0.00976724710649417  0.02019856594058049  0.03108115249097769
  0.04208347258894472  0.05285581348498979  0.06350688861703799  0.07397047094388490
  0.08448961290901795  0.09497261561302466  0.10541693524499732  0.11590482881537477
  0.12627788671960458  0.13662406009577358  0.14691743609834479  0.15779036397633855
  0.16861462656633031  0.17953121620385581  0.19034992493737168  0.20099721457048456
  0.21158169200363022  0.22181006992411703  0.23213107070552744  0.24262600530111292
  0.25335754264017379  0.26417618950736177  0.27461721860026977  0.28500616776633048
  0.29546069899835747  0.30637198583900616  0.31728969224060805  0.32818777458232762
  0.33865089567859769  0.34912793656796393  0.35950456208791065  0.36988608215093832
  0.38016246241653634  0.39027180777198772  0.40045765630650748  0.41079405859215945
  0.42137391861027118  0.43198435512431144  0.44261247228461581  0.45303611593132403
  0.46348527969427633  0.47381451041583128  0.48417498100944972  0.49462832879369739
  0.50511964987965330  0.51565905121158995  0.52607155800644334  0.53638715895165634
  0.54667544908810217  0.55684104882297392  0.56711436513128566  0.57756328577701854
  0.58819251402224892  0.59890810776228276  0.60972121088633624  0.62056107690542039
  0.63148858816761677  0.64234929888245085  0.65317509596593315  0.66380244893621732
  0.67423994917393404  0.68479158111301031  0.69550149241352455  0.70635240999169124
  0.71709528722396942  0.72767014446895451  0.73825886482319947  0.74898519815830367
  0.75945846255399196  0.77011732863644755  0.78066082582028717  0.79138064408980546
  0.80214543142623651  0.81288773402937153  0.82364478760580573  0.83436537060825811
  0.84517715317264941  0.85598013015979590  0.86680666722666844  0.87741599900051048
  0.88801642679040838  0.89841257512652806  0.90886726056786216  0.91921719637297938
  0.92956246601069314  0.93962004461793336  0.94956019327714836  0.95960326196035328
  0.96968407413649871  0.97982662424942824  0.98979272778378713  1.00000000000000000
 -0.00385166946470478  0.02323519390625615  0.04272738475296349  0.05938099174549650
  0.07447898185129412  0.08854176021189142  0.10194878636299132  0.11478760324646671
  0.12708828041488146  0.13889025542676395  0.15042545015650485  0.16171996840908079
  0.17271448367973327  0.18339617856013088  0.19395153038579846  0.20444269118944974
  0.21488726229854921  0.22505915786632605  0.23493234273408101  0.24457034866551947
  0.25420269839754456  0.26386697809698506  0.27337463998143446  0.28277591545481345
  0.29212547888037921  0.30151822660388028  0.31079458103364732  0.32002332721864063
  0.32911436003141276  0.33808915619695806  0.34683476531945451  0.35552323874060565
  0.36412810857834416  0.37261610896255387  0.38105198756694270  0.38950421050040346
  0.39800784453559029  0.40650594951138280  0.41495515495731961  0.42338524546396128
  0.43185147886549435  0.44034799724565149  0.44881510066605196  0.45725071646054688
  0.46566672043380991  0.47410357126952923  0.48258470113077978  0.49098665792102747
  0.49932287431968897  0.50766627867549530  0.51604598876844432  0.52444957928030822
  0.53294293724467301  0.54140899695599243  0.54986087203530787  0.55819206152160872
  0.56646603940859108  0.57481319993697433  0.58327965991041186  0.59185409000491507
  0.60037350542427625  0.60878405112144651  0.61732101037241738  0.62606418416410381
  0.63479916178846485  0.64344940234664161  0.65194717762299392  0.66039505049885672
  0.66888751735028784  0.67742011645482714  0.68606187327557622  0.69485653002296510
  0.70375712085556275  0.71279426501218657  0.72198369193430778  0.73130521139059446
  0.74077477189403740  0.75036504893280898  0.76002336912974422  0.76979651455496279
  0.77976937928155288  0.78997304948469083  0.80053050139551252  0.81137516980511137
  0.82238342908101503  0.83361447426691893  0.84496901592366114  0.85670985184896553
  0.86881464964212507  0.88144703595557394  0.89475287487883703  0.90892822098500214
  0.92448084433333766  0.94251934388991854  0.96668255186611551  1.00000000000000000
 -0.02025320105392771  0.12147157751368372  0.16046953965375438  0.18347440564211201
  0.20173558729864002  0.21714723523279880  0.23061337494282649  0.24272100802830135
  0.25379351000679651  0.26395103701827299  0.27346643839704565  0.28222455414753506
  0.29077305523130942  0.29875716822487142  0.30664291468510785  0.31413753033555702
  0.32133844624472746  0.32833894568888988  0.33512319465149598  0.34165866940447254
  0.34807614698248651  0.35446760208697015  0.36076211562600735  0.36701384981402579
  0.37317147048287336  0.37915946203802137  0.38504722853067586  0.39087497973008112
  0.39660159238373116  0.40225659074215775  0.40789685232329975  0.41355439450151171
  0.41914439946561494  0.42454207065788213  0.42989234321928804  0.43523701603581200
  0.44058940093248222  0.44599242760261032  0.45139484087222653  0.45675195288531628
  0.46197154244082533  0.46715744818913346  0.47235000319304749  0.47753470461564279
  0.48267914656483074  0.48778887934784154  0.49287518524123819  0.49788974971868305
  0.50289916182700978  0.50788045982109364  0.51294087813680067  0.51802352123273043
  0.52316123887659449  0.52832699170306185  0.53350416204559992  0.53868728777873631
  0.54386284438052324  0.54901815243666230  0.55416251289176999  0.55933227026010190
  0.56455274594201810  0.56997039094990731  0.57543594465940928  0.58094219973250361
  0.58645575866667810  0.59196630813867435  0.59747129726180648  0.60304797179163749
  0.60875597546483584  0.61458802225919129  0.62050478096767625  0.62650726357877451
  0.63264363176096927  0.63884331757664292  0.64518076769757937  0.65172586147217826
  0.65837768432407406  0.66515750472294077  0.67215220764907102  0.67929387757551662
  0.68659630321722309  0.69416819124807838  0.70198790434171598  0.71009567283996311
  0.71870927437976229  0.72752855639135972  0.73701511681287368  0.74684898074903971
  0.75769483499159518  0.76948048482406439  0.78275192183710418  0.79801516077571655
  0.81619870781752302  0.83965674916634725  0.87837935339452167  1.00000000000000000
   2.5097518744763292E-002  -1.0000000000000000     
 T T T T T T T T T T T T T T T T F F F F F F F F F F F F F F F F
  <DiscreteSampler_grid>
  grouped_processes
  1 # 1 for a reference and 2 for a running grid.
  10 # Attribute 'min_bin_probing_points' of the grid.
  1 # Attribute 'grid_mode' of the grid. 1=='default',2=='initialization'
  0.0000000000000000 # Attribute 'small_contrib_threshold' of the grid.
  0.5000000000000000 # Attribute 'damping_power' of the grid.
 # binID   n_entries weight   weight_sqr   abs_weight
    10   10   1.255263896763469E+009   2.179145696702765E+018   1.255263896763469E+009
    16   10   1.255263896763469E+009   2.179145696702765E+018   1.255263896763469E+009
  </DiscreteSampler_grid>
