 -0.00008116140425869  0.00075731707501986  0.00165690125802707  0.00295781512540631
  0.00473677358690000  0.00678662797099830  0.00925168459408592  0.01207327010242567
  0.01511226036812524  0.01842125010386429  0.02196113525517687  0.02581260040332398
  0.02995042642534869  0.03440655367694832  0.03913645981811494  0.04434126910679479
  0.04997734761660759  0.05602700048829035  0.06251399583203630  0.06924235555360041
  0.07597801384315510  0.08291814773899497  0.08996047517707710  0.09732547424107281
  0.10462215109520291  0.11209357871539313  0.11974753138189427  0.12770898050230206
  0.13602142256467187  0.14451769652528879  0.15319150168452683  0.16215761561897782
  0.17114959192643522  0.18012746870465282  0.18929338920459948  0.19848276158834577
  0.20768828541431142  0.21720646112172795  0.22707663353916585  0.23746773441879979
  0.24832742268168290  0.25906320920852610  0.26970465380896458  0.28092077811992927
  0.29267009662681870  0.30454517302206585  0.31664183870785118  0.32909776900086585
  0.34185480394007839  0.35503869929091114  0.36869528773715410  0.38246885719424206
  0.39610436508763847  0.41044849555573282  0.42442064491181852  0.43828432298536829
  0.45207167064816084  0.46588710692691615  0.47982214760402137  0.49388126792487347
  0.50796944037311698  0.52194581946357621  0.53594360577714162  0.55050368557212104
  0.56545318688580537  0.58033748096823157  0.59528282185739989  0.61102038699010952
  0.62706730155440737  0.64249705512724764  0.65742253637376136  0.67207406863830532
  0.68662721139245886  0.70116107505815373  0.71566712337728544  0.73022134894167778
  0.74473304323835798  0.75933288105459973  0.77391592919887431  0.78824325729726030
  0.80208870754622186  0.81595750593628769  0.82971356863835566  0.84344110626550162
  0.85709577873892506  0.87060485636407625  0.88403866882723570  0.89727072404713526
  0.91046629626473863  0.92361680619527053  0.93664215345832846  0.94968898456390360
  0.96251820676284372  0.97515916361048294  0.98764303471555859  1.00000000000000000
 -0.00233830931632617  0.01136302888539741  0.02333917409313177  0.03534304241741323
  0.04749772600414038  0.05932669816461199  0.07062755100169502  0.08150252215868957
  0.09181426489385643  0.10161407757118815  0.11121908788811316  0.12075675496207490
  0.13082592545534380  0.14137020590464552  0.15140296712401349  0.16090971652455291
  0.17061600852351247  0.18065127146869867  0.19054851465092409  0.20036975059265480
  0.21030859949216857  0.22219490547167234  0.23339001099590342  0.24361414861535544
  0.25474763586984212  0.26595458140858530  0.27665976074057613  0.28702354469948377
  0.29782581363631544  0.30918742618447481  0.31979726585664198  0.33018699797565815
  0.34010807241437668  0.34995604574545158  0.36000064654264075  0.36985789549806636
  0.37987884859043541  0.39020409457456257  0.40171286036134851  0.41388835348651082
  0.42595026519659251  0.43729610712078743  0.44789620594105534  0.45812322200221112
  0.46860552140712519  0.47888449395938532  0.48896279809147708  0.49875295850250190
  0.50958410274361643  0.52090585895508112  0.53202982090158213  0.54264020615095576
  0.55289044301711177  0.56279110033294455  0.57248574268010921  0.58223490326386207
  0.59296820162571229  0.60416659863797073  0.61576900486679886  0.62674334048271307
  0.63725509354275500  0.64734299204015722  0.65675819555672854  0.66625972820260893
  0.67544060528431937  0.68444209901809117  0.69409574488037429  0.70477151699700524
  0.71572962745900226  0.72706896456552994  0.73847935053154012  0.75017529401933092
  0.76139894334132274  0.77251599083842915  0.78383537344936982  0.79450900841413252
  0.80504849821389390  0.81521208384539146  0.82522289562513851  0.83528403638193016
  0.84563434091259215  0.85618482404180574  0.86664162728064664  0.87704334494716452
  0.88737834384934999  0.89750330059660532  0.90737804688579593  0.91668058258813256
  0.92646892302973682  0.93577455774347695  0.94629384784326509  0.95715397479344932
  0.96850105125844643  0.97921218409228672  0.98979645803513272  1.00000000000000000
 -0.00255084052664549  0.01941529087207988  0.03584829964108263  0.04955261317503838
  0.06180102527442663  0.07356597113416040  0.08517428508342682  0.09660813587978249
  0.10782666451638892  0.11887865328545741  0.12897894834989804  0.13822706388705278
  0.14727764720168665  0.15624193040333967  0.16537760100147639  0.17430230412341188
  0.18304515109362737  0.19150669283553315  0.19957925523978917  0.20736874292565111
  0.21490822242744967  0.22272299713656626  0.23086701468375453  0.23902268795515957
  0.24671738969008639  0.25434497600385469  0.26226418712700728  0.27019656099646028
  0.27812845361941835  0.28579831158898450  0.29332976913207898  0.30079130062784681
  0.30832703299265091  0.31620373512286154  0.32435245499949278  0.33240698312993006
  0.34073279306512227  0.34924940551472622  0.35753490441747487  0.36602787900342837
  0.37477048756483372  0.38405514813350994  0.39358698713621487  0.40272415839328135
  0.41162124899912306  0.42050022294422995  0.42937880422697344  0.43778372370940832
  0.44565430651078780  0.45356337283496095  0.46183064941953844  0.47028638773132603
  0.47859756854119656  0.48658582929715327  0.49464959417756604  0.50338196537329749
  0.51304449394466156  0.52283909777839754  0.53192021595048566  0.54110693376570873
  0.55057159675750511  0.56032666441327617  0.56926562387274637  0.57764792891084848
  0.58618099329106310  0.59471125149476023  0.60312490965649190  0.61114978947160792
  0.61897087178748977  0.62742845938150915  0.63668048639396124  0.64605549159296027
  0.65530502298508009  0.66438854510027190  0.67475977149137389  0.68529071007755193
  0.69564423921711249  0.70607343225771491  0.71702820747956653  0.72839109150997916
  0.73984809878293623  0.75127527884759238  0.76272529548092693  0.77466028793606612
  0.78764988066489738  0.80140257540891369  0.81537429731056621  0.82894923840697787
  0.84277463608077363  0.85666866457981483  0.87104586047339794  0.88795884785732737
  0.90644553649346815  0.92747223419882874  0.95630149697174638  1.00000000000000000
 -0.01949169311943841  0.11993451318841888  0.15912627832512399  0.18121745216910709
  0.19856449106921115  0.21379971999681263  0.22744229983956735  0.23952864862663295
  0.25086505994557085  0.26122074591313665  0.27125151746022891  0.27988094913247247
  0.28835659805253794  0.29637443920118256  0.30355248203074131  0.31061596487339926
  0.31741372791094419  0.32430497203028158  0.33121277074232897  0.33816121139319311
  0.34488204849093690  0.35134731105973521  0.35766540477057912  0.36403586135542881
  0.37035796605743926  0.37662680346055405  0.38308886161148459  0.38939095939182317
  0.39538361661011717  0.40113308040245810  0.40686697186441628  0.41269700310914831
  0.41843363453164123  0.42394846160721278  0.42937475171060946  0.43472090494039656
  0.43981340256576912  0.44478305358876086  0.44982923597380059  0.45482815993432402
  0.45979972075776604  0.46455693288115529  0.46941923812082004  0.47440719920679680
  0.47934075636132939  0.48430125867516555  0.48919461511331486  0.49405711789093593
  0.49887987528158656  0.50358131096273751  0.50832825167088092  0.51326032844948555
  0.51844275654350280  0.52393037070029380  0.52955716738865832  0.53494747494103956
  0.54026429459890424  0.54545543643558858  0.55100701223480864  0.55655246716569862
  0.56218486742897522  0.56786486054549667  0.57350043857604416  0.57917844499564053
  0.58498637762219452  0.59078737284318306  0.59659981575718357  0.60247109013085054
  0.60830432019535396  0.61429515554432201  0.62023042277466955  0.62640253792338951
  0.63274344559822149  0.63915503120234951  0.64562904888138029  0.65226476797734867
  0.65909818556742428  0.66612761561898459  0.67353515605066538  0.68119074046703698
  0.68908151806522977  0.69787873851169790  0.70670155894344988  0.71478885920414703
  0.72285666417011318  0.73141285537020762  0.74056558565312947  0.75032552632561322
  0.76049407000046243  0.77129743629387892  0.78434540334009606  0.79962126833461866
  0.81814010451758090  0.84056525601295151  0.87818015672651439  1.00000000000000000
   9.0170552298241766E-003  -1.0000000000000000     
 T T T T T T T T T T T T T T T T F F F F F F F F F F F F F F F F
  <DiscreteSampler_grid>
  grouped_processes
  1 # 1 for a reference and 2 for a running grid.
  10 # Attribute 'min_bin_probing_points' of the grid.
  1 # Attribute 'grid_mode' of the grid. 1=='default',2=='initialization'
  0.0000000000000000 # Attribute 'small_contrib_threshold' of the grid.
  0.5000000000000000 # Attribute 'damping_power' of the grid.
 # binID   n_entries weight   weight_sqr   abs_weight
    10   10   2.702690924603401E+008   1.167568005437483E+017   2.702690924603401E+008
  </DiscreteSampler_grid>
