  0.00000226030348305  0.00001314047116549  0.00002648213649469  0.00004001402666026
  0.00005323427611491  0.00006601159610213  0.00007919164551676  0.00009255243074293
  0.00010630202551307  0.00012035958965141  0.00013455996141814  0.00014890381083095
  0.00016386498463181  0.00017969541662139  0.00019651004975296  0.00021393716272389
  0.00023200884533739  0.00025111558605334  0.00027096542567742  0.00029172072977369
  0.00031347227486339  0.00033618962359616  0.00035994930640502  0.00038522866386159
  0.00041136526170222  0.00043844466556303  0.00046645014977676  0.00049543651956472
  0.00052593697356965  0.00055767995329920  0.00059143231003555  0.00062673163335585
  0.00066349827929568  0.00070164808801245  0.00074091866715332  0.00078209568105630
  0.00082526276596506  0.00087034611328759  0.00091799366293054  0.00096752815423181
  0.00101984414443374  0.00107517531908984  0.00113270133540840  0.00119139587342965
  0.00125128848025773  0.00131256897082289  0.00137679369514951  0.00144393936882262
  0.00151453615862782  0.00158744256204664  0.00166271955459700  0.00174169072419941
  0.00182538243253088  0.00191560857993676  0.00201301563148882  0.00211450206996103
  0.00221470204473574  0.00231559807284009  0.00241791417973905  0.00252813888739037
  0.00264857955409012  0.00278538758979834  0.00292583900644434  0.00307000493789048
  0.00321270058246595  0.00335364279948272  0.00349745883292501  0.00365010873362762
  0.00380504183763694  0.00396999164011520  0.00415616539165135  0.00432553358089926
  0.00453549282915301  0.00474769167632596  0.00497092326547572  0.00518739996469510
  0.00541188320170370  0.00564730688275570  0.00589168160564991  0.00616045254079831
  0.00649460741225704  0.00689535278120695  0.00730855854502611  0.00774776118232944
  0.00824170856743543  0.00878580406218017  0.00947363853065029  0.01020776792176641
  0.01109603177175048  0.01229540179193992  0.01379973124466699  0.01537791364772322
  0.01714384155919623  0.02172252286475748  0.46494280264787280  1.00000000000000000
 -0.00244432106326091  0.00930412412726938  0.01939892406188831  0.02968752167052046
  0.04003031586227253  0.05020310447723294  0.06034749473628612  0.07068620345032491
  0.08078512412068356  0.09112196137092522  0.10141984891197267  0.11209149359082295
  0.12292128570091938  0.13359315741062802  0.14415209399610696  0.15454061346076176
  0.16514750549434865  0.17584758723807956  0.18661895235697429  0.19712046180844489
  0.20763104654987938  0.21836657931331141  0.22890519169009660  0.23943704540960281
  0.24983182492484604  0.26038615590191472  0.27083709200282258  0.28156025807870866
  0.29230238278074433  0.30296044396369975  0.31340461739048453  0.32381276925229813
  0.33440739904404831  0.34498021761278230  0.35560428466283861  0.36603528062899315
  0.37648781205889914  0.38709179624638029  0.39759036119442581  0.40798802353844454
  0.41836503339672287  0.42884654790331217  0.43926802720734875  0.44973689736226080
  0.46040140574079197  0.47105473547073201  0.48174276802530536  0.49251454480188006
  0.50312263584077865  0.51364728829928263  0.52400377175185919  0.53437226421045025
  0.54494528512139395  0.55538504659600074  0.56573051435594945  0.57583495490730674
  0.58599079097940621  0.59626639514534008  0.60642271795138436  0.61666488651371953
  0.62694061520837130  0.63710639553401593  0.64725485150880402  0.65751751020441840
  0.66785977134721541  0.67832577613833267  0.68877678485047755  0.69970105829784535
  0.71038206259751946  0.72099661693834860  0.73152329374315839  0.74218835410347550
  0.75281079383180416  0.76320845629564005  0.77367204274988566  0.78425461181639777
  0.79500091899023262  0.80588748207909988  0.81684713027562272  0.82794012866903688
  0.83891993942754861  0.84972802852579499  0.86072801991214953  0.87207375384826280
  0.88300002984701964  0.89428188037579071  0.90517455393273694  0.91630058202642972
  0.92645668544057125  0.93666032051815085  0.94687877803570042  0.95711668590000709
  0.96755756055551323  0.97798049438337364  0.98898643726842772  1.00000000000000000
 -0.00393709528616793  0.02317712252651890  0.04277201044898843  0.05923447195639984
  0.07414228791898371  0.08807386342639573  0.10142963505267528  0.11428571914322494
  0.12671028411332330  0.13866672964490476  0.15032371793545954  0.16180790963662131
  0.17314701372047037  0.18435473789707690  0.19538222905658809  0.20621153894713143
  0.21664923108052833  0.22685013984658947  0.23680668438230265  0.24666380591248058
  0.25644138485125012  0.26616191977886383  0.27576337501332182  0.28523215771523047
  0.29465780620534449  0.30408819331209580  0.31352065073251539  0.32278521442858271
  0.33189450105855706  0.34086288537293935  0.34972597623903751  0.35858543072583149
  0.36749653701202295  0.37639993248357034  0.38522476794035609  0.39398626198547249
  0.40264966191050727  0.41121719164520115  0.41976681319061082  0.42836886827394877
  0.43702672187239544  0.44560835666178439  0.45401208761511846  0.46231845959007822
  0.47063534213655833  0.47903754275550126  0.48756144768471116  0.49609262110685437
  0.50460899653536706  0.51309059027693671  0.52155380151830710  0.53005279059096011
  0.53859582434278575  0.54703567815884513  0.55551966692767241  0.56403747461452991
  0.57255265634365193  0.58110082859166912  0.58951657132210322  0.59788350036771187
  0.60625705077402647  0.61449067968671733  0.62274902905674445  0.63106460678949006
  0.63951288062477252  0.64799168781590433  0.65658047997794344  0.66520225876484529
  0.67393992709152550  0.68277101490660264  0.69168337456138895  0.70084019900970940
  0.70998533251242135  0.71910604697105274  0.72817917256201847  0.73746192259920218
  0.74689870226964838  0.75643804047815666  0.76604803409887401  0.77579476128918146
  0.78550356716703129  0.79521916127420644  0.80516374948268399  0.81519777106649560
  0.82553323414764923  0.83627012147177249  0.84756964430675752  0.85898541686210284
  0.87015827614066965  0.88175851895561508  0.89428273083006171  0.90804572576750475
  0.92335276390774335  0.94088731508512535  0.96432752501817920  1.00000000000000000
 -0.02013386514286608  0.12120247029499497  0.16013709509070845  0.18377404326207875
  0.20203862459765778  0.21728552792913103  0.23085339933130525  0.24285966535258774
  0.25386314061404197  0.26398463091049040  0.27368509721743695  0.28264447119085284
  0.29127175159779206  0.29936008129042163  0.30716921601994002  0.31456574898236195
  0.32168550126585349  0.32862965131361982  0.33552625180046119  0.34222850960421936
  0.34883253791049623  0.35526729209454033  0.36149693577288733  0.36771117323485081
  0.37388265466995557  0.37992448289065922  0.38584821235368205  0.39169684878382538
  0.39747781013403843  0.40318538266908921  0.40884437276161123  0.41447393015354228
  0.41998451250455532  0.42532721977792415  0.43067359355504692  0.43602516123406215
  0.44132377251218169  0.44655376215913972  0.45168088516202126  0.45673036631200287
  0.46178488368674442  0.46690681561939318  0.47207135030364905  0.47723214605457326
  0.48238029825470158  0.48748008842192198  0.49257804335148436  0.49769665133588986
  0.50283855317894366  0.50809908252265779  0.51333596236878853  0.51851583099240939
  0.52363997290639985  0.52877177146013310  0.53395320405597035  0.53918654866635229
  0.54447929930339800  0.54983941737046793  0.55521472390017790  0.56058417714248077
  0.56602100758460194  0.57148018024503822  0.57694600515267480  0.58246619631916896
  0.58797202437559182  0.59346916183467735  0.59896948849108467  0.60448372486153112
  0.61007610163487713  0.61578279416344583  0.62160608964279629  0.62756540976407282
  0.63363474511722273  0.63980739551022359  0.64613330157649085  0.65265140451027936
  0.65928270016501667  0.66605960790602292  0.67300581169761120  0.68013535848839279
  0.68744115515168946  0.69507351338303691  0.70272081251786644  0.71052698511001433
  0.71886282012292768  0.72751353698906895  0.73707304880284996  0.74692539384259615
  0.75776431591601701  0.76956136357556848  0.78281533992275987  0.79805453138536797
  0.81615389037184582  0.83948151007396732  0.87834017360206595  1.00000000000000000
   2.5264021921030579E-002  -1.0000000000000000     
 T T T T T T T T T T T T T T T T F F F F F F F F F F F F F F F F
  <DiscreteSampler_grid>
  grouped_processes
  1 # 1 for a reference and 2 for a running grid.
  10 # Attribute 'min_bin_probing_points' of the grid.
  1 # Attribute 'grid_mode' of the grid. 1=='default',2=='initialization'
  0.0000000000000000 # Attribute 'small_contrib_threshold' of the grid.
  0.5000000000000000 # Attribute 'damping_power' of the grid.
 # binID   n_entries weight   weight_sqr   abs_weight
    10   10   3.728612019195570E+009   6.753918720182253E+019   3.728612019195570E+009
    16   10   3.728612019195570E+009   6.753918720182252E+019   3.728612019195570E+009
  </DiscreteSampler_grid>
