 -0.00000165530041941  0.00001227241120498  0.00002638843838702  0.00003952501084782
  0.00005252292849272  0.00006584172362045  0.00007950367569049  0.00009347941695198
  0.00010801796718781  0.00012310293210895  0.00013846273630686  0.00015408675177805
  0.00017027498650193  0.00018742593193558  0.00020557678672126  0.00022470463783125
  0.00024472115402031  0.00026607142135842  0.00028846810541009  0.00031181524417039
  0.00033622536416802  0.00036212775802048  0.00038879634214810  0.00041675965173184
  0.00044601005108887  0.00047639317808278  0.00050790136093476  0.00054070936430915
  0.00057493016881026  0.00061133045674296  0.00065025646385238  0.00069143211861317
  0.00073459306683751  0.00077926352300472  0.00082494041569659  0.00087250448439442
  0.00092426077588744  0.00097792178455584  0.00103401548604180  0.00109366496707587
  0.00115516845650197  0.00122029030223644  0.00128774391651508  0.00135819373214811
  0.00143140886672867  0.00150618120386854  0.00158324183142333  0.00166255453072178
  0.00174336139261808  0.00182655029882352  0.00191210780787109  0.00200321673129739
  0.00210168175802716  0.00221021120727673  0.00232931773101902  0.00245321801567367
  0.00258069632723932  0.00271477284406480  0.00285088882206115  0.00299339053114169
  0.00312487726376073  0.00326379214908196  0.00341468011186932  0.00358289395217708
  0.00376723532107895  0.00395751227685505  0.00415581477294180  0.00437152147303047
  0.00457648368676739  0.00481683013432634  0.00504483253706758  0.00527566458840234
  0.00551341378428168  0.00575904114198462  0.00600927784532748  0.00624904031794725
  0.00649386725011899  0.00679151101685796  0.00718346203800595  0.00765471868733611
  0.00812185695306821  0.00858909730154670  0.00909702840671668  0.00967263816877835
  0.01034190435269992  0.01106932826688726  0.01175031635684521  0.01273627882101160
  0.01487141396139931  0.01651746117737083  0.01740442688648314  0.01890312677829593
  0.02068809130717324  0.02957798043414441  0.15124267527811655  1.00000000000000000
 -0.00241607397133047  0.00933539498454966  0.01946160911079804  0.03015075295400281
  0.04095967223753849  0.05189660272349509  0.06298289286337157  0.07390062932912676
  0.08479776158664093  0.09550046557426688  0.10610031798000316  0.11641818779360717
  0.12677848053968202  0.13714032763989215  0.14752483586865572  0.15776129299616651
  0.16822973406791752  0.17868468525463468  0.18900533161974420  0.19931538796424170
  0.20952449517971208  0.21976379849373351  0.22989922434143517  0.24045091073416144
  0.25102357264053743  0.26140256324740374  0.27162659789490384  0.28192820126746243
  0.29207403459767328  0.30226809775531804  0.31256197868408542  0.32316834619634383
  0.33382191982277132  0.34415813949117091  0.35468757452918082  0.36559979802310311
  0.37659745136523837  0.38736677482284448  0.39793937938804458  0.40886441674851254
  0.41953627257388892  0.43001732921753305  0.44059180881155796  0.45138672452275708
  0.46229028090584973  0.47284448896524423  0.48327053810930359  0.49353837655612026
  0.50399319334875614  0.51463237362412451  0.52523697282015691  0.53581056934431515
  0.54626924771066832  0.55676450674709155  0.56717188362146709  0.57746225040840538
  0.58783686168712368  0.59818703966939557  0.60848349918093114  0.61867541982259855
  0.62917167559135045  0.63990015937721834  0.65042548467564976  0.66074839408766628
  0.67102369048031285  0.68142509960474118  0.69182525132389205  0.70226529858721165
  0.71281162393180530  0.72341774468498576  0.73399256583735573  0.74452731874899281
  0.75506257667158805  0.76573906669814051  0.77631519294835394  0.78696391114225006
  0.79756628757123982  0.80839811644288373  0.81909948053911585  0.82998292502190874
  0.84097658750530002  0.85190176585731348  0.86272257758409465  0.87343991305667035
  0.88401630930518060  0.89438461142561787  0.90462670511605736  0.91488789336864462
  0.92562131969317307  0.93653507028126648  0.94713735788658016  0.95768331304656051
  0.96824320916375972  0.97896486929970528  0.98941973147700568  1.00000000000000000
 -0.00372556106033980  0.02266254261518107  0.04191895821038388  0.05829963636735871
  0.07324838661503304  0.08735465139141682  0.10090521974122252  0.11394722829125950
  0.12653176167277558  0.13884759917641101  0.15072420850527252  0.16221327450480039
  0.17326851402813181  0.18413564677071351  0.19463379556300622  0.20499152314595867
  0.21537534903836897  0.22577922252175450  0.23590994173720356  0.24586251000876455
  0.25556892921217195  0.26504552262448289  0.27431068509647960  0.28342333735620506
  0.29254202472520396  0.30177203751285409  0.31100585818294141  0.32037737010261330
  0.32974470596232464  0.33903997085061105  0.34836277355114065  0.35756797010153218
  0.36652245048624932  0.37525046505131276  0.38385475695816101  0.39251235728086775
  0.40126417494596894  0.41002531913803875  0.41875805718903969  0.42745255355497069
  0.43616492244873012  0.44488530847120461  0.45353231715506986  0.46215827015195882
  0.47082376072535997  0.47948697320169170  0.48811634622024003  0.49662505866409695
  0.50512053616635189  0.51347732078582187  0.52191388975182118  0.53042158940624395
  0.53917176142066148  0.54802172991450693  0.55682131740769403  0.56550246413111949
  0.57408080938005057  0.58263514819410589  0.59116860797762327  0.59966960369547484
  0.60816752450258094  0.61664982359884291  0.62519413295220294  0.63368083700082478
  0.64224813021753324  0.65071216039140378  0.65920228608091369  0.66780764041460361
  0.67674748822453779  0.68577212613253924  0.69485437111311499  0.70403268007875441
  0.71303244418737832  0.72209294637793575  0.73110282600507193  0.74009265997966212
  0.74915253612824950  0.75854105484782164  0.76802313519516174  0.77771101684637534
  0.78754806258139709  0.79794684380992020  0.80869807952301209  0.81932237660097107
  0.82977234379829279  0.84023992326068198  0.85108683043825650  0.86233598935789224
  0.87408976347066147  0.88608238697321806  0.89832491371542678  0.91144018900154566
  0.92606249516807027  0.94326870207902935  0.96634990243868146  1.00000000000000000
 -0.02021782624830453  0.12134570705205279  0.16003032796823158  0.18339579188093943
  0.20179017264534899  0.21722047787422444  0.23079055667701842  0.24246754162962489
  0.25327391539640620  0.26315538331681065  0.27261038329528436  0.28135634557294209
  0.28977056738610324  0.29776010454023605  0.30542907608403985  0.31291350728834377
  0.32014927569451423  0.32725256401764008  0.33421795224159856  0.34087444407732254
  0.34743344669537857  0.35385766431149168  0.36017146175318937  0.36639268754605708
  0.37248897667450093  0.37848744324624112  0.38443931355341232  0.39036966494652570
  0.39620253345798789  0.40194773895113822  0.40765598382583101  0.41335057323314572
  0.41897082033259214  0.42444521583814337  0.42983152154520432  0.43519492416448585
  0.44051628702699985  0.44582296933513871  0.45114884556159690  0.45643397301163113
  0.46161868605573214  0.46676447545398775  0.47188370332332119  0.47699433528692009
  0.48210551027165471  0.48718988818211623  0.49223530879257632  0.49728347642369924
  0.50234916333203161  0.50743346967310810  0.51247256597535362  0.51747300654208273
  0.52247560830929562  0.52753938359735442  0.53268379661065368  0.53783616631003384
  0.54303136091845983  0.54830109536455285  0.55359521131880784  0.55894802032945579
  0.56430081109266139  0.56973853834765276  0.57520344425315806  0.58070378837230296
  0.58623043516454743  0.59176726046520201  0.59733013748752573  0.60296583679839078
  0.60868994605393567  0.61452268775465224  0.62045655621456797  0.62649462898899999
  0.63264112556011187  0.63881032862530396  0.64501149572065386  0.65142533781869372
  0.65798562871029653  0.66463812784786269  0.67151686238509789  0.67865776156792534
  0.68596239192890163  0.69364090088258779  0.70145352757328971  0.70964606389084073
  0.71828627951141666  0.72731863084896242  0.73688274556210132  0.74684979797441164
  0.75770472677007084  0.76945698202863444  0.78272570607341851  0.79813925120550699
  0.81666964786898788  0.84010392453315885  0.87807412916851701  1.00000000000000000
   2.5289796167186553E-002  -1.0000000000000000     
 T T T T T T T T T T T T T T T T F F F F F F F F F F F F F F F F
  <DiscreteSampler_grid>
  grouped_processes
  1 # 1 for a reference and 2 for a running grid.
  10 # Attribute 'min_bin_probing_points' of the grid.
  1 # Attribute 'grid_mode' of the grid. 1=='default',2=='initialization'
  0.0000000000000000 # Attribute 'small_contrib_threshold' of the grid.
  0.5000000000000000 # Attribute 'damping_power' of the grid.
 # binID   n_entries weight   weight_sqr   abs_weight
    10   10   2.217113909576831E+009   9.925743905489826E+018   2.217113909576831E+009
    16   10   2.217113909576831E+009   9.925743905489822E+018   2.217113909576831E+009
  </DiscreteSampler_grid>
