 -0.00000004700169675  0.00001561362372661  0.00002983024227751  0.00004403058547097
  0.00005786571682344  0.00007208210714284  0.00008691186062691  0.00010250176731958
  0.00011888593396341  0.00013595635521286  0.00015362634529674  0.00017211055681450
  0.00019198831743312  0.00021298244090008  0.00023493468831360  0.00025802645983207
  0.00028220987208161  0.00030764659133332  0.00033438555576042  0.00036243448186989
  0.00039206666808346  0.00042335342530910  0.00045571533815231  0.00048970311242711
  0.00052525412392301  0.00056237417315250  0.00060092535095173  0.00064090280683632
  0.00068300900892242  0.00072698164338146  0.00077284770082180  0.00082054048150707
  0.00086989762353744  0.00092100163080256  0.00097440853698631  0.00102960274908837
  0.00108711819724539  0.00114574622891614  0.00120698015762470  0.00127316760602808
  0.00134450086759897  0.00142055291861837  0.00150002669387200  0.00157944437618505
  0.00166002265823022  0.00173991275719427  0.00182365079723830  0.00190863474606488
  0.00199799850487012  0.00209322227311239  0.00219561443576749  0.00230348675773966
  0.00241882459988062  0.00253711864249091  0.00265935636939010  0.00278653405921718
  0.00291571313679580  0.00304704924026714  0.00318525937472650  0.00333395843275856
  0.00348977181380665  0.00364541437718051  0.00380031447075315  0.00396038281516962
  0.00412968829499801  0.00431344069929637  0.00450653461963794  0.00471672038984232
  0.00493568354556199  0.00516733142664201  0.00540769007515278  0.00564832150833861
  0.00590810270793852  0.00618586941789567  0.00647001480516762  0.00676724152115758
  0.00709244250420380  0.00743920753738429  0.00781610095918373  0.00820893440781081
  0.00858839562716361  0.00898404595089365  0.00942969957649978  0.00992574941009979
  0.01052818153122611  0.01127487290699104  0.01216283515078841  0.01321991839640826
  0.01429585387336057  0.01528478297603878  0.01624177949748255  0.01715040983925509
  0.01816224541075156  0.01976624006240576  0.13027105882072704  1.00000000000000000
 -0.00230631672237743  0.00917606826843635  0.01901046318692454  0.02951329511756160
  0.04024918441422113  0.05080255286196114  0.06099162453577212  0.07135002599229237
  0.08167869905501529  0.09239721276572625  0.10312105828757490  0.11414187100656513
  0.12500534274673725  0.13579708198469059  0.14665394753905581  0.15774156937078185
  0.16869095425502037  0.17941824228157610  0.19002931916818902  0.20073376780758936
  0.21129657849592268  0.22164440095037410  0.23202881996503844  0.24241401858898570
  0.25292761056410201  0.26351726629220545  0.27404651557340598  0.28459132013480065
  0.29512260089928816  0.30587408969644264  0.31643886782653663  0.32690606636710495
  0.33736171253818154  0.34806213590666529  0.35873159802554494  0.36929252815152430
  0.37978943560795214  0.39034445888891045  0.40096140397904712  0.41138461901846141
  0.42187602529748386  0.43226561631605165  0.44284096215452190  0.45332527581614573
  0.46386374615515069  0.47437820733565239  0.48485825846556752  0.49547703297424145
  0.50616036285928812  0.51671650921788070  0.52734000716589624  0.53795179107077207
  0.54852701561543293  0.55907297106079257  0.56960327669454702  0.58029680488009194
  0.59078227175192599  0.60116062013731264  0.61164216074000943  0.62215896762607825
  0.63286117995746982  0.64351753670942313  0.65415784197564275  0.66472497547252307
  0.67522762753021759  0.68575088451311217  0.69614448185786637  0.70647763411725650
  0.71672204344536761  0.72714401817130792  0.73754219788942188  0.74786852830368122
  0.75809637087224246  0.76852607302591380  0.77904354619206517  0.78966680509583342
  0.80035195640603773  0.81111409929159484  0.82171331484764143  0.83215756663887053
  0.84255924990096298  0.85308470008917803  0.86356134795272677  0.87406960671651002
  0.88448444034336826  0.89501931998258122  0.90546920963753585  0.91612980044009018
  0.92661349971836315  0.93721817959849762  0.94765872896393799  0.95808059466337891
  0.96856011704895406  0.97892784534609789  0.98951368169201859  1.00000000000000000
 -0.00462875338726268  0.02582698841598068  0.04661837036035030  0.06389486667571825
  0.07945740537315146  0.09385253561560732  0.10739927618964767  0.12034726776942550
  0.13272568067632989  0.14461067940421210  0.15616012269926605  0.16754488946256757
  0.17879298025652449  0.18977555630624912  0.20047839738991802  0.21098820463364876
  0.22135510956747137  0.23148744336123209  0.24138302799475045  0.25110601359942175
  0.26072148941118212  0.27019275117852304  0.27950858190084243  0.28873706079573080
  0.29791725259785834  0.30707356313097145  0.31608795385893151  0.32497035735488500
  0.33380210572983343  0.34259022454166232  0.35132965927441556  0.36000903854175714
  0.36866760617029631  0.37730163215536749  0.38586675072794369  0.39436356428364783
  0.40283627949982009  0.41135895827603242  0.41985552285764316  0.42822958089514040
  0.43654654445739038  0.44481717809603227  0.45307282360807105  0.46132226812123101
  0.46959193779218222  0.47791082530775153  0.48620951118410011  0.49457139800038896
  0.50292715599470950  0.51132809916635868  0.51984939773640959  0.52802407069388169
  0.53629986916272399  0.54448211973316796  0.55271260193090110  0.56091675619142312
  0.56905894179908434  0.57720135070015699  0.58539239458386216  0.59368183766370397
  0.60199832954198274  0.61033660342410834  0.61868975612116184  0.62711577254817052
  0.63568914286086997  0.64437182710646357  0.65307864248746417  0.66181292125035296
  0.67057105979065246  0.67929332417883004  0.68801205492083184  0.69679646833973274
  0.70565242181821286  0.71451129342899844  0.72328861037986347  0.73202896062644596
  0.74079311542995141  0.74963966157233464  0.75863703052096843  0.76780137849389363
  0.77728293334421072  0.78709744081738675  0.79718480177080486  0.80756063567389702
  0.81818596189971837  0.82901629206525340  0.83998767377098615  0.85129965976931521
  0.86309697435508415  0.87563196250816344  0.88909128185550135  0.90368208245766524
  0.91971996053961347  0.93781216822046587  0.96148191735320820  1.00000000000000000
 -0.02836363745360102  0.13771526360076627  0.17580371459063196  0.19837840506561816
  0.21558695095624378  0.22995214829575716  0.24252314362425326  0.25405187094131521
  0.26442046627551491  0.27415108440908365  0.28302767811659069  0.29164873274926811
  0.29981559477068098  0.30762940984016957  0.31513831772936313  0.32216444145835438
  0.32900189570642091  0.33570614423283307  0.34219067810126913  0.34857555067676810
  0.35483210804187376  0.36091778107239697  0.36685653191108208  0.37271629439907261
  0.37846668946022871  0.38420308986094748  0.38987130491022587  0.39538012058635102
  0.40075374964596933  0.40603005473296805  0.41126790472302460  0.41650107592670310
  0.42174498459079612  0.42692624175602001  0.43208091146038735  0.43714073269177478
  0.44217722025133960  0.44723222725663159  0.45229325234367490  0.45734209002354270
  0.46235885461603021  0.46733347807287301  0.47228744405303141  0.47725984918425746
  0.48222114924276155  0.48715575361934715  0.49207445737310990  0.49702953794572041
  0.50199259723299494  0.50697098996992529  0.51193863243477422  0.51687416196266300
  0.52181384411258847  0.52671709602287275  0.53160283155901888  0.53649725266053827
  0.54142664159284482  0.54640416449885199  0.55142454565082044  0.55645671664144014
  0.56151745200240510  0.56666932932255265  0.57187384334205948  0.57703571292983946
  0.58221376672037972  0.58747447512996709  0.59282275111128935  0.59824108804364384
  0.60374266078976579  0.60933374876697421  0.61499758496755863  0.62069118379191435
  0.62638208986399291  0.63217355271254405  0.63804957282802033  0.64405017819965615
  0.65030223097179751  0.65675636873209364  0.66333419067630084  0.67011841461461519
  0.67717189638286102  0.68440866571452186  0.69191660249407894  0.69971512272328529
  0.70767028688969003  0.71621956554008404  0.72509583819298418  0.73481158207008823
  0.74504259908319181  0.75641580418424170  0.76897855564731266  0.78342586180284302
  0.80081573997404687  0.82360385211338027  0.86255418175606979  1.00000000000000000
   1.2612690139857993E-002  -1.0000000000000000     
 T T T T T T T T T T T T T T T T F F F F F F F F F F F F F F F F
  <DiscreteSampler_grid>
  grouped_processes
  1 # 1 for a reference and 2 for a running grid.
  10 # Attribute 'min_bin_probing_points' of the grid.
  1 # Attribute 'grid_mode' of the grid. 1=='default',2=='initialization'
  0.0000000000000000 # Attribute 'small_contrib_threshold' of the grid.
  0.5000000000000000 # Attribute 'damping_power' of the grid.
 # binID   n_entries weight   weight_sqr   abs_weight
    10   10   1.524444589530631E+009   5.192204312087341E+018   1.524444589530631E+009
    16   10   1.524444589530631E+009   5.192204312087339E+018   1.524444589530631E+009
  </DiscreteSampler_grid>
