0.0	0.25	0.10594495490787034
0.0	0.25	0.030918978339787254
0.0	0.25	0.012233011637302855
0.0	0.25	0.09134638042006589
0.0	0.25	-0.00951427185961667
0.0	0.25	0.09525619193528309
0.0	0.25	0.12427417616950896
0.0	0.25	0.021052826733272873
0.0	0.25	0.02516496801695154
0.0	0.25	0.025586562831005508
0.0	0.25	0.02626536766871566
0.0	0.25	0.07755966219516675
0.0	0.25	0.02183184982741228
0.0	0.25	-0.009133965651343353
0.0	0.25	0.09153148033071334
0.0	0.25	0.09337709389120773
0.0	0.25	-0.04595045855245025
0.0	0.25	0.05729234613756236
0.0	0.25	0.0556608490776426
0.0	0.25	0.05450342000011113
0.0	0.25	0.08279463184484993
0.0	0.25	0.060356864456416595
0.0	0.25	0.13124839354402718
0.0	0.25	0.16232822171513422
0.0	0.25	0.0602764830559406
0.0	0.25	0.03326133026285882
0.0	0.25	0.021107564585630626
0.0	0.25	0.07023484128623565
0.0	0.25	0.17654438197594255
0.0	0.25	0.13583950287770785
0.0	0.25	0.13607804015501926
0.0	0.25	0.10733582033406412
0.0	0.25	0.2173388736025506
0.0	0.25	0.1005124030262027
0.0	0.25	0.0550844131592707
0.0	0.25	0.01381024672003628
0.0	0.25	0.11829717562090922
0.0	0.25	0.08987086680819667
0.0	0.25	0.1177059551644957
0.0	0.25	0.11465853886782598
0.0	0.25	0.04649200070188129
0.0	0.25	0.026833342515511845
0.0	0.25	0.02633568070731668
0.0	0.25	0.06523289435503922
0.0	0.25	0.09065190667574487
0.0	0.25	0.03048484071289365
0.0	0.25	0.0884474563776978
0.0	0.25	0.019904396509882197
0.0	0.25	0.014407034830248185
0.0	0.25	0.0586790756381661
0.0	0.25	0.16503078344337785
0.0	0.25	0.06268870128382624
0.0	0.25	0.07467449111040667
0.0	0.25	-0.009465130523964877
0.0	0.25	0.025427390869821542
0.0	0.25	0.1006811058778345
0.0	0.25	0.13177580085901316
0.0	0.25	0.10059669578578614
0.0	0.25	0.04291397818475623
0.0	0.25	0.08954314679620608
0.0	0.25	0.00694719666531619
0.0	0.25	0.00560207515971908
0.0	0.25	0.011514440213363118
0.0	0.25	0.152278731126344
0.0	0.25	0.12189394700053371
0.0	0.25	0.0987349044259601
0.0	0.25	0.0564878475141397
0.0	0.25	0.08422989543056736
0.0	0.25	0.03300311938220679
0.0	0.25	0.0066788683212388586
0.0	0.25	0.11096553620760702
0.0	0.25	0.1006074652567306
0.0	0.25	0.10436314403217271
0.0	0.25	0.07346783798851973
0.0	0.25	-0.011636481215041483
0.0	0.25	0.04548411218061462
0.0	0.25	0.017483046051991896
0.0	0.25	0.12880127146463585
0.0	0.25	0.00022153841640029306
0.0	0.25	-0.04626110526232733
0.0	0.25	0.02034302117068391
0.0	0.25	0.10621030444349175
0.0	0.25	0.16740731556308563
0.0	0.25	0.08720014401054817
0.0	0.5	0.3079696239919064
0.0	0.5	0.29376138935553553
0.0	0.25	0.08846394488131004
0.0	0.5	0.30824865840998283
0.0	0.5	0.357473741933465
0.0	0.25	0.08415361376489319
0.0	0.25	0.13279830663304212
0.0	0.25	0.11401576548821983
0.0	0.25	-0.0031932497758928994
0.0	0.25	0.16178760582004656
0.0	0.5	0.4096211123020332
0.0	0.5	0.2759732996661063
0.0	0.5	0.3992803823786073
0.0	0.25	0.1658970065623432
0.0	0.25	0.12198653463550205
0.0	0.25	0.036289928629674395
0.0	0.5	0.23116181803386562
0.0	0.25	0.14854868738461968
0.0	0.25	0.12290201298958225
0.0	0.5	0.3250262575271272
0.0	0.25	0.08195631295051164
0.0	0.5	0.372198031480513
0.0	0.25	0.08453841265799694
0.0	0.5	0.24609701252078522
0.0	0.25	0.06318960853726475
0.0	0.5	0.2572697134990371
0.0	0.25	0.15224898001898124
0.0	0.5	0.3247884056196403
0.0	0.5	0.3158174244540209
0.0	0.25	0.07110537991544888
0.0	0.5	0.27646047975439925
0.0	0.5	0.25202277758252206
0.0	0.5	0.31893832860997195
0.0	0.5	0.26118640445068775
0.0	0.5	0.2579053675509705
0.0	0.5	0.30001293392398065
0.0	0.5	0.24293459548338417
0.0	0.5	0.34297342216386983
0.0	0.5	0.2683869730642878
0.0	0.5	0.3059867589005508
0.0	0.5	0.33298694203609536
0.0	0.5	0.3709860799109444
0.0	0.5	0.2671492486585256
0.0	0.5	0.22041374130452113
0.0	0.5	0.3485709540011191
0.0	0.5	0.3459990116785047
0.0	0.5	0.3123362657166602
0.0	0.5	0.32808089727914974
0.0	0.5	0.3029542525363567
0.0	0.5	0.30363707103772963
0.0	0.5	0.33210873693980597
0.0	0.5	0.34324557146666096
0.0	0.5	0.2829707684398731
0.0	0.5	0.33174019051668063
0.0	0.5	0.3001792467359605
0.0	0.5	0.282039143083519
0.0	0.5	0.33765868817827
0.0	0.5	0.2890915312872441
0.0	0.5	0.29642655056296613
0.0	0.5	0.25825985443328975
0.0	0.5	0.28810966422299567
0.0	0.5	0.31469250547606803
0.0	0.5	0.305873038478589
0.0	0.5	0.31273957198056396
0.0	0.5	0.33073856465325535
0.0	0.5	0.2884018109137451
0.0	0.5	0.28831481412826176
0.0	0.5	0.3177233573031332
0.0	0.5	0.31968117373050364
0.0	0.5	0.32968538457152075
0.0	0.5	0.27721811238165045
0.0	0.5	0.24357388534395782
0.0	0.5	0.29989026172587546
0.0	0.5	0.2775640230126605
0.0	0.5	0.2307660062112225
0.0	0.5	0.24407142153033806
0.0	0.5	0.31340097494965913
0.0	0.5	0.3157330452066444
0.0	0.5	0.34280308939347076
0.0	0.5	0.31661966928995083
0.0	0.5	0.3000185724053487
0.0	0.5	0.2921453241410417
0.0	0.5	0.39590106754911725
0.0	0.5	0.24653514317679828
0.0	0.5	0.2945521299156058
0.0	0.5	0.310964027841505
0.0	0.5	0.35272887576772705
0.0	0.5	0.1996293836609959
0.0	0.5	0.23900574124664464
0.0	0.5	0.2692056410472069
0.0	0.5	0.27705475481618336
0.0	0.5	0.2699966163875278
0.0	0.5	0.35542876708523236
0.0	0.5	0.1914985873611438
0.0	0.5	0.3391406730206011
0.0	0.5	0.30978209572285365
0.0	0.5	0.31650319365972984
0.0	0.5	0.3372984507106735
0.0	0.5	0.2907631268912253
0.0	0.5	0.26801297180789774
0.0	0.75	0.6231120330467738
0.0	0.75	0.6811925295025512
0.0	0.75	0.566443582274396
0.0	0.5	0.2831699187709354
0.0	0.5	0.2711881679846754
0.0	0.75	0.63016096801403
0.0	0.5	0.24829836860070442
0.0	0.5	0.2555785789785429
0.0	0.75	0.7295452888835955
0.0	0.75	0.6292146300678059
0.0	0.75	0.5969205547803872
0.0	0.5	0.31711715557239306
0.0	0.5	0.3490176650095702
0.0	0.75	0.626468220958415
0.0	0.5	0.29801797589989176
0.0	0.75	0.5415167499307747
0.0	0.5	0.2987824154583756
0.0	0.5	0.1862027381282539
0.0	0.5	0.3200799062621086
0.0	0.5	0.27043637087309563
0.0	0.5	0.3430139643932751
0.0	0.75	0.6232661079019485
0.0	0.75	0.6583670678474065
0.0	0.5	0.35583380911884493
0.0	0.5	0.25918439075029837
0.0	0.75	0.6431760017997586
0.0	0.75	0.5586490884196339
0.0	0.5	0.29672131887882597
0.0	0.75	0.6269307727426163
0.0	0.75	0.6265327447135847
0.0	0.75	0.6024211047855363
0.0	0.75	0.633985776152826
0.0	0.75	0.5866064151154506
0.0	0.75	0.6950712676623495
0.0	0.5	0.28027762445649906
0.0	0.75	0.6312742431247327
0.0	0.75	0.6843449842513439
0.0	0.75	0.6110056053998065
0.0	0.75	0.7053610254659428
0.0	0.75	0.6175049733718677
0.0	0.75	0.6349667973754416
0.0	0.75	0.6600198105252237
0.0	0.75	0.6569691057434803
0.0	0.75	0.6666671114829703
0.0	0.75	0.6809188964138465
0.0	0.75	0.674860793690984
0.0	0.75	0.6250813851522414
0.0	0.75	0.605724006644143
0.0	0.75	0.6257108612032141
0.0	0.75	0.6743086502387047
0.0	0.75	0.6103716151532295
0.0	0.75	0.6404483541641627
0.0	0.75	0.6660822955874085
0.0	0.75	0.6426888663768371
0.0	0.75	0.6249390531129428
0.0	0.75	0.6341307418419749
0.0	0.75	0.678275830665174
0.0	0.75	0.5986526833115945
0.0	0.75	0.635788912564246
0.0	0.75	0.6307203132595923
0.0	0.75	0.6751503249951357
0.0	0.75	0.6697457980059779
0.0	0.75	0.698643870251132
0.0	0.75	0.6027518023499572
0.0	0.75	0.6575858717594962
0.0	0.75	0.7021798138713639
0.0	0.75	0.6256288539730408
0.0	0.75	0.656636865493066
0.0	0.75	0.6377020371043475
0.0	0.75	0.5632208466314476
0.0	0.75	0.6790421632132392
0.0	0.75	0.7220131411708363
0.0	0.75	0.6142245999121766
0.0	0.75	0.6558842659073036
0.0	0.75	0.7588000376268674
0.0	0.75	0.6534497521184008
0.0	0.75	0.656173684675869
0.0	0.75	0.6475910057906332
0.0	0.75	0.6819590715238948
0.0	0.75	0.6074844383970498
0.0	0.75	0.6212254774026452
0.0	0.75	0.6002719660159482
0.0	0.75	0.6232056992606909
0.0	0.75	0.5819893809531046
0.0	0.75	0.6546191283479039
0.0	0.75	0.6949530818297894
0.0	0.75	0.6980725573710486
0.0	0.75	0.617024212168965
0.0	0.75	0.7018502836986775
0.0	0.75	0.6524265486197958
0.0	0.75	0.7235678055387899
0.0	0.75	0.6636141870251229
0.0	0.75	0.6213968277943533
0.0	0.75	0.7040181308515037
0.0	0.75	0.7210580009984489
0.0	0.75	0.6648167737633256
0.0	0.75	0.6526191729246911
0.0	0.87	0.8927651091708153
0.0	0.75	0.6554709841951046
0.0	0.87	0.91542844585389
0.0	0.87	0.7956187446266806
0.0	0.75	0.642187928683133
0.0	0.87	0.9574500994190066
0.0	0.75	0.6447400054850504
0.0	0.87	0.9233411655876843
0.0	0.75	0.6239483164883461
0.0	0.87	0.9196972796824389
0.0	0.87	0.8770569751347016
0.0	0.87	0.910837645485601
0.0	0.75	0.5525005501206063
0.0	0.87	0.9051015646708942
0.0	0.75	0.7681258632698479
0.0	0.75	0.5940927640787044
0.0	0.87	0.8277745626477641
0.0	0.75	0.6527365891242319
0.0	0.75	0.6109928064029342
0.0	0.75	0.6895511762800985
0.0	0.87	0.859444378057574
0.0	0.75	0.693546910314469
0.0	0.75	0.5292550751273463
0.0	0.75	0.7424278988215511
0.0	0.75	0.6312864557287339
0.0	0.87	0.8472323586979396
0.0	0.87	0.9269375846972266
0.0	0.75	0.6005495770736669
0.0	0.87	0.8606949650315656
0.0	0.87	0.8690323850235312
0.0	0.75	0.6079878744600543
0.0	0.87	0.9070234523956681
0.0	0.87	0.9490675322662591
0.0	0.87	0.8270626772010535
0.0	0.87	0.8970032280692739
0.0	0.87	0.8734461020567741
0.0	0.87	0.8682608715062035
0.0	0.75	0.6170793937410338
0.0	0.87	0.7515567824239641
0.0	0.87	0.8504624131925206
0.0	0.87	0.9153406938569217
0.0	0.87	0.8050367737172315
0.0	0.87	0.9070813198884246
0.0	0.87	0.9804650919229938
0.0	0.87	0.8688743320117833
0.0	0.87	0.8641239951518308
0.0	0.87	0.9042439022975154
0.0	0.87	0.8558602911762793
0.0	0.87	0.8196918485406834
0.0	0.87	0.8682837512456066
0.0	0.87	0.90213421799749
0.0	0.87	0.7997578185746941
0.0	0.87	0.7786026841708362
0.0	0.87	0.8490275363244205
0.0	0.87	0.9537711284910925
0.0	0.87	0.8090847949475735
0.0	0.87	0.9087179979821298
0.0	0.87	0.9683015597517535
0.0	0.87	0.8639907008026798
0.0	0.87	0.8636345366802961
0.0	0.87	0.8992497395401666
0.0	0.87	0.9021192084176375
0.0	0.87	0.8611667657379373
0.0	0.87	0.9186072262787841
0.0	0.87	0.9001568284369873
0.0	0.87	0.8667715715839953
0.0	0.87	0.8687388530418949
0.0	0.87	0.8741243902070671
0.0	0.87	0.8217650177451982
0.0	0.87	0.8184847727453674
0.0	0.87	0.8589796870742745
0.0	0.87	0.8654597218432506
0.0	0.87	0.8195462806167207
0.0	0.87	0.8653304689229171
0.0	0.87	0.93395214442532
0.0	0.87	0.8568691210397503
0.0	0.87	0.8935381922720304
0.0	0.87	0.8983679395960458
0.0	0.87	0.9046835562735754
0.0	0.87	0.8710341198342451
0.0	0.87	0.8815797452807558
0.0	0.87	1.0024647459415892
0.0	0.87	0.8618817125242418
0.0	0.87	0.8719508432678621
0.0	0.87	0.89051923032705
0.0	0.87	0.9382532021077257
0.0	0.87	0.92586363934368
0.0	0.87	0.9132018623374538
0.0	0.87	0.9098751652901728
0.0	0.87	0.9806971390023577
0.0	0.87	0.8103020674077602
0.0	0.87	0.7976957375757926
0.0	0.87	0.9039045144696015
0.0	0.87	0.8759325544766782
0.0	0.87	0.8355292243092876
0.0	0.87	0.82476034202921
0.0	1.0	1.2221770793851745
0.0	0.87	0.8717349287280775
0.0	0.87	0.8580028817714956
0.0	0.87	0.9159145679383073
0.0	0.87	0.9250143536555367
0.0	0.87	0.7810309018943278
0.0	1.0	1.186961278973988
0.0	1.0	1.1696762119068511
0.0	0.87	0.9777749525632343
0.0	1.0	1.053953709669456
0.0	1.0	1.143147598008294
0.0	0.87	0.8795143413118117
0.0	1.0	1.1416630650528885
0.0	1.0	1.134288766561233
0.0	1.0	1.1726419461351663
0.0	1.0	1.1236371679555195
0.0	0.87	0.8749382482918384
0.0	0.87	0.9874137168271818
0.0	1.0	1.089634256869724
0.0	0.87	0.8526884429549909
0.0	0.87	0.8747059419357274
0.0	0.87	0.8569934249205333
0.0	1.0	1.1033562705026707
0.0	1.0	1.0793970661722225
0.0	0.87	0.8102211026363869
0.0	1.0	1.1706111862434945
0.0	0.87	0.8369328695385718
0.0	1.0	1.1101826224389792
0.0	0.87	0.8299150927411303
0.0	1.0	1.1884961851816047
0.0	0.87	0.9112549917798856
0.0	0.87	0.8632394505419548
0.0	1.0	1.21684321254185
0.0	1.0	1.2138620441704513
0.0	0.87	0.8300093470275326
0.0	0.87	0.9203105863435028
0.0	1.0	1.2347783464956112
0.0	1.0	1.1963036209487683
0.0	1.0	1.1678855652559241
0.0	1.0	1.1302085811603015
0.0	1.0	1.1166063259278804
0.0	1.0	1.1895483113431111
0.0	1.0	1.0596982578711414
0.0	0.87	0.890539388204833
0.0	1.0	1.13782753903749
0.0	1.0	1.1279380461555084
0.0	1.0	1.1343802533072227
0.0	1.0	1.1476804939039629
0.0	1.0	1.1117657884306384
0.0	1.0	1.1520442305816976
0.0	1.0	1.1781707407933506
0.0	1.0	1.1261879448215268
0.0	1.0	1.1237845589627704
0.0	1.0	1.1380980411816053
0.0	1.0	1.262580860167603
0.0	1.0	1.1508146326491917
0.0	1.0	1.1052114075963309
0.0	1.0	1.1401534607547616
0.0	1.0	1.0975705296844065
0.0	1.0	1.1647276736004073
0.0	1.0	1.0732246755488728
0.0	1.0	1.186578859264806
0.0	1.0	1.143717120546282
0.0	1.0	1.120893794866062
0.0	1.0	1.1004579375798327
0.0	1.0	1.1702375111799892
0.0	1.0	1.1765668717127806
0.0	1.0	1.1978860416457169
0.0	1.0	1.2471562015906643
0.0	1.0	1.0695802085862687
0.0	1.0	1.1159647646857223
0.0	1.0	1.0439182154754005
0.0	1.0	1.117115407420856
0.0	1.0	1.095028277366856
0.0	1.0	1.1417157632065849
0.0	1.0	1.2525138672968963
0.0	1.0	1.1463463437512833
0.0	1.0	1.0672325970176377
0.0	1.0	1.160990699667643
0.0	1.0	1.1158039100741812
0.0	1.0	1.1452909118603545
0.0	1.0	1.1470955319257896
0.0	1.0	1.1392877028047124
0.0	1.0	1.1849986349918904
0.0	1.0	1.0761578573627877
0.0	1.0	1.148603213968718
0.0	1.0	1.15504711048386
0.0	1.0	1.131665491138952
0.0	1.0	1.1710489115422102
0.0	1.0	1.1625219240426206
0.0	1.0	1.1781423375025952
0.0	1.0	1.1668222972102194
0.0	1.0	1.2201506420669739
0.0	1.0	1.083654982111566
0.0	1.0	1.1920204413716513
0.0	1.0	1.1024466198717413
0.0	1.0	1.1381355950106238
0.0	1.0	1.146259534826979
0.0	2.0	4.4820226121886755
0.0	2.0	4.148622131061897
0.0	1.0	1.1484339688808474
0.0	1.0	1.1752091872835078
0.0	1.0	1.1588904423269144
0.0	1.0	1.2017623571055531
0.0	1.0	1.0077529513709458
0.0	1.0	1.1433199962934486
0.0	2.0	4.5040573096960745
0.0	2.0	4.532948747472618
0.0	2.0	4.268691374981412
0.0	1.0	1.109624432542936
0.0	1.0	1.1903559209599812
0.0	2.0	4.389500461494843
0.0	2.0	4.361311818730145
0.0	2.0	4.403780268730157
0.0	2.0	4.341478053585084
0.0	1.0	1.1312531196071034
0.0	1.0	1.2009875320822518
0.0	1.0	1.1417797946287147
0.0	2.0	4.586270687635272
0.0	2.0	4.649934420050378
0.0	1.0	1.1408128482505009
0.0	2.0	4.310428453979949
0.0	1.0	1.1571993237971552
0.0	2.0	4.284191363666582
0.0	1.0	1.239950280846857
0.0	2.0	4.602989953336281
0.0	2.0	4.565403292500634
0.0	1.0	1.1397422369942034
0.0	1.0	1.1405928590893262
0.0	2.0	4.385817030933777
0.0	2.0	4.4254163684493335
0.0	1.0	1.1944446162173723
0.0	1.0	1.1089074791014153
0.0	1.0	1.237290602397026
0.0	2.0	4.463101039504467
0.0	2.0	4.374689128616926
0.0	2.0	4.4143578379801784
0.0	1.0	1.1596695238076558
0.0	2.0	4.497572989988319
0.0	2.0	4.512870748565376
0.0	2.0	4.500098782940482
0.0	2.0	4.312525352007086
0.0	1.0	1.1626267821555771
0.0	2.0	4.660652272066754
0.0	2.0	4.535282253059153
0.0	2.0	4.321076839008507
0.0	2.0	4.62449646788481
0.0	2.0	4.388224349464474
0.0	2.0	4.366371383201025
0.0	2.0	4.538490177710912
0.0	2.0	4.600867225706323
0.0	2.0	4.308265011269599
0.0	2.0	4.270505237802887
0.0	2.0	4.49845381638976
0.0	2.0	4.519858463105737
0.0	2.0	4.423671471386658
0.0	2.0	4.258081229087009
0.0	2.0	4.450365774005826
0.0	2.0	4.321732649309366
0.0	2.0	4.2337076552463655
0.0	2.0	4.427002116822013
0.0	2.0	4.620034817280098
0.0	2.0	4.403709478750036
0.0	2.0	4.496674284734013
0.0	2.0	4.445487907556068
0.0	2.0	4.396774342058884
0.0	2.0	4.379753655960969
0.0	2.0	4.3917422627028335
0.0	2.0	4.367804334535969
0.0	2.0	4.341110644538943
0.0	2.0	4.267386829557592
0.0	2.0	4.466417954000326
0.0	2.0	4.521486317624392
0.0	2.0	4.376216242516805
0.0	2.0	4.444354583562988
0.0	2.0	4.402226496360695
0.0	2.0	4.5078094636070105
0.0	2.0	4.24552543327653
0.0	2.0	4.356256430195928
0.0	2.0	4.478489063804228
0.0	2.0	4.497765876009735
0.0	2.0	4.295868355559494
0.0	2.0	4.470115210311467
0.0	2.0	4.3592737658034775
0.0	2.0	4.2651897546683335
0.0	2.0	4.30635950690622
0.0	2.0	4.692692275777185
0.0	2.0	4.413548484789974
0.0	2.0	4.359628448441868
0.0	2.0	4.601292560051277
0.0	2.0	4.473240187299392
0.0	2.0	4.315791090303302
0.0	2.0	4.333079069524758
0.0	2.0	4.364073573481851
0.0	2.0	4.448837239700136
0.0	2.0	4.3764621311244225
0.0	2.0	4.3255010614506215
0.0	2.0	4.331094505462644
0.0	2.0	4.265830457276794
0.0	2.0	4.42386606636551
0.0	2.0	4.319577830414292
0.0	2.0	4.411353028136986
0.0	2.0	4.685962840692963
0.0	2.0	4.357463915666934
0.0	2.0	4.509249851329508
0.0	2.0	4.43561339010084
0.0	2.0	4.418101285748822
0.0	2.0	4.366242438370444
0.0	2.0	4.224510285960393
0.0	2.0	4.32388138709618
0.0	2.0	4.254373435471657
0.0	2.0	4.369038886133551
0.0	2.0	4.209995939203776
0.0	2.0	4.466896905952873
0.0	2.0	4.401609465668416
0.0	2.0	4.442300869573908
0.0	2.0	4.439150735983601
0.0	2.0	4.380282016983597
0.0	1.2	1.7472691005464518
0.0	1.2	1.6188531766420153
0.0	1.2	1.7855834449579169
0.0	1.2	1.6321421807605923
0.0	1.2	1.65441058524177
0.0	1.2	1.6144036494162848
0.0	1.2	1.5776999905167972
0.0	1.2	1.508735793251793
0.0	1.2	1.59175225510928
0.0	1.2	1.594695266880169
0.0	1.2	1.6763067979183564
0.0	1.2	1.6540352177782431
0.0	1.2	1.5989346258853276
0.0	1.2	1.6750088864720203
0.0	1.2	1.6912319574110046
0.0	1.2	1.6035436640991336
0.0	1.2	1.6858222216248449
0.0	1.2	1.6156279327648515
0.0	1.2	1.5538793977178798
0.0	1.2	1.6450438665609821
0.0	1.2	1.6601263536613993
0.0	1.2	1.5789629876539792
0.0	1.2	1.6555954009921212
0.0	1.2	1.651270182718796
0.0	1.2	1.7010367935946276
0.0	1.2	1.5407005303953325
0.0	1.2	1.5979086312255015
0.0	1.2	1.6774749712516537
0.0	1.2	1.5882624880556708
0.0	1.2	1.6118169686891166
0.0	1.2	1.622521307765169
0.0	1.2	1.5174313032619833
0.0	1.2	1.614576751112604
0.0	1.2	1.592183132874724
0.0	1.2	1.6468682835158337
0.0	1.2	1.5492512971244323
0.0	1.2	1.627357620830254
0.0	1.2	1.5531280040355153
0.0	1.2	1.5907365374635978
0.0	1.2	1.552833118397247
0.0	1.2	1.663407046297705
0.0	1.2	1.7686442106436027
0.0	1.2	1.5165397933671063
0.0	1.2	1.611271151648365
0.0	1.2	1.613514920612589
0.0	1.2	1.6395176602073525
0.0	1.2	1.528138692791254
0.0	1.2	1.6517706474222664
0.0	1.2	1.600192162645465
0.0	1.2	1.6890133970336836
0.0	1.2	1.6170321382528718
0.0	1.2	1.6337866963252137
0.0	1.2	1.5274121493960775
0.0	1.2	1.5852187732316265
0.0	1.2	1.5756535669589264
0.0	1.2	1.5581061622305807
0.0	1.2	1.5813274984034391
0.0	1.2	1.5130084531163301
0.0	1.2	1.5601272971927693
0.0	1.2	1.6019687617017229
0.0	1.2	1.6259293337185263
0.0	1.2	1.6508980917368596
0.0	1.2	1.6233640236087987
0.0	1.4	2.1804793542924936
0.0	1.4	2.140258750671856
0.0	1.2	1.5760842994123927
0.0	1.2	1.5534101914045806
0.0	1.2	1.6743863663308527
0.0	1.4	2.2075397997312254
0.0	1.2	1.6126317614590986
0.0	1.2	1.6539751856227396
0.0	1.2	1.6387905753935152
0.0	1.2	1.6841564190110674
0.0	1.2	1.5095760407602168
0.0	1.2	1.6213582061226828
0.0	1.2	1.5796859281963027
0.0	1.2	1.6462488668694937
0.0	1.2	1.5935233159723905
0.0	1.2	1.6543689640029628
0.0	1.2	1.60597885843514
0.0	1.2	1.633403943282613
0.0	1.2	1.6534150334117257
0.0	1.2	1.7131515221892866
0.0	1.2	1.6243605358308044
0.0	1.4	2.1674037265529176
0.0	1.4	2.2861837360943262
0.0	1.4	2.2107986875719914
0.0	1.4	2.354394541181666
0.0	1.4	2.167087878165764
0.0	1.2	1.699929584903611
0.0	1.4	2.196355981702584
0.0	1.4	2.337320001003027
0.0	1.4	2.162589515966052
0.0	1.4	2.1816280385050963
0.0	1.4	2.342237269301882
0.0	1.4	2.2530266005744943
0.0	1.4	2.1319801834148655
0.0	1.4	2.259861489614892
0.0	1.4	2.2528932551901444
0.0	1.2	1.6264805879290625
0.0	1.2	1.5526230491267143
0.0	1.2	1.6159721322429892
0.0	1.2	1.6395708625720502
0.0	1.4	2.069390916367425
0.0	1.2	1.5672653855683394
0.0	1.4	2.1316040164471732
0.0	1.4	2.160592170445163
0.0	1.4	2.238381653410505
0.0	1.4	2.284289063708346
0.0	1.4	2.11704597030086
0.0	1.4	2.1754954282252967
0.0	1.4	2.1697612021952315
0.0	1.4	2.1355048774266754
0.0	1.4	2.1932128866066676
0.0	1.4	2.2005884073803124
0.0	1.4	2.2844043221372656
0.0	1.4	2.346719990246338
0.0	1.4	2.182118702511542
0.0	1.4	2.226559690676683
0.0	1.4	2.1001576522452488
0.0	1.4	2.164073068797056
0.0	1.4	2.0766441057977234
0.0	1.4	2.205788688171658
0.0	1.4	2.1744913418301035
0.0	1.4	2.1815404592900505
0.0	1.4	2.044894631678313
0.0	1.4	2.1526691181247473
0.0	1.4	2.1155383834332486
0.0	1.4	2.2566348412111488
0.0	1.4	2.1924022167998922
0.0	1.4	2.3558479990376218
0.0	1.4	2.134349620391179
0.0	1.4	2.0778771388272377
0.0	1.4	2.0514037757455634
0.0	1.4	2.0791467874043907
0.0	1.4	2.1900624318581303
0.0	1.4	2.260214499615492
0.0	1.4	2.1524113635909865
0.0	1.4	2.132841202147638
0.0	1.4	2.120120556400966
0.0	1.4	2.086955128796984
0.0	1.4	2.1817391828666963
0.0	1.4	2.1323052083825926
0.0	1.4	2.2609644147439396
0.0	1.4	2.137691125305759
0.0	1.4	2.271164099852908
0.0	1.4	2.2120552812151244
0.0	1.4	2.290131012286461
0.0	1.6	2.8296322172596717
0.0	1.4	2.2029922515119824
0.0	1.4	2.2191482562064
0.0	1.4	2.209454991550706
0.0	1.4	2.2754527808237284
0.0	1.6	2.8956202127599644
0.0	1.6	2.872792600683733
0.0	1.4	2.2033855532774
0.0	1.4	2.1412337352521553
0.0	1.4	2.189348898001786
0.0	1.4	2.2003627139815034
0.0	1.4	2.235424429755746
0.0	1.4	2.235863341240681
0.0	1.4	2.292567432554099
0.0	1.4	2.1441048384436177
0.0	1.4	2.2516257961402872
0.0	1.4	2.15665620003485
0.0	1.4	2.328045790781175
0.0	1.4	2.139139876600981
0.0	1.2	1.6628272322379776
0.0	1.2	1.5772482579301477
0.0	1.4	2.202502597541555
0.0	1.4	2.2336600849373873
0.0	1.4	2.186455210781047
0.0	1.4	2.2009688168437336
0.0	1.6	2.840028864530417
0.0	1.6	2.8508437973528213
0.0	1.2	1.5219108965835277
0.0	1.4	2.155889935044916
0.0	1.6	2.8364909014892183
0.0	1.2	1.6850229215526022
0.0	1.6	2.862280123450017
0.0	1.6	2.8638087296159287
0.0	1.2	1.5914267591229447
0.0	1.2	1.690022562510049
0.0	1.2	1.657618469740319
0.0	1.6	2.9091438084906094
0.0	1.6	2.912741046312454
0.0	1.6	2.737637531012082
0.0	1.6	2.855277460198518
0.0	1.6	2.8432428076198892
0.0	1.6	2.840623144421668
0.0	1.4	2.2279835776171977
0.0	1.6	2.8308116252938786
0.0	1.4	2.3279323610725378
0.0	1.4	2.223233177378416
0.0	1.4	2.222651667572644
0.0	1.6	2.9300391673908375
0.0	1.6	3.108088654965365
0.0	1.4	2.1848525509916734
0.0	1.6	2.8448794679723517
0.0	1.6	2.810938492447963
0.0	1.6	2.8296051427216655
0.0	1.6	2.9926568781590235
0.0	1.6	2.7748365661186924
0.0	1.6	2.809875034543721
0.0	1.6	2.7388208704971904
0.0	1.6	2.9948864436502447
0.0	1.6	2.9075754381132324
0.0	1.6	2.794777777199078
0.0	1.6	2.7744781007811303
0.0	1.6	2.870680392162558
0.0	1.6	2.8102760000712865
0.0	1.6	2.9883178508773542
0.0	1.6	2.8214830034375913
0.0	1.6	2.8542413059115006
0.0	1.6	2.8955024871670596
0.0	1.6	2.903378265269471
0.0	1.6	2.9470443288226567
0.0	1.6	2.928929699572564
0.0	1.6	2.8421791229909283
0.0	1.6	2.773244985240045
0.0	1.6	2.8335145914834188
0.0	1.6	2.885978902149298
0.0	1.6	2.9935746418753446
0.0	1.6	2.8431972200785527
0.0	1.6	2.7877906112706192
0.0	1.6	2.855004819682057
0.0	1.6	2.8465718181538873
0.0	1.6	2.9225170847071995
0.0	1.6	2.921678767001337
0.0	1.6	2.9525040139927956
0.0	1.6	2.823158884113997
0.0	1.6	2.8394230199063926
0.0	1.6	2.826807650562802
0.0	1.6	2.9673072793119815
0.0	1.6	2.991654635132774
0.0	1.6	2.8546536437907
0.0	1.6	2.835560604507239
0.0	1.6	2.8422049774413463
0.0	1.6	2.7061509830470114
0.0	1.6	2.897246521095573
0.0	1.6	2.8108293342223076
0.0	1.6	2.894770993500739
0.0	1.6	2.8521469997141864
0.0	1.6	3.097433868350677
0.0	1.6	2.7997417442761123
0.0	1.6	2.8232484885141713
0.0	1.6	2.8555256187887648
0.0	1.6	2.6878259798864295
0.0	1.6	2.9803595406914343
0.0	1.6	2.93578539183907
0.0	1.6	2.9269093485976887
0.0	1.6	2.694310920349784
0.0	1.6	2.843181077464995
0.0	1.6	2.965928786058084
0.0	1.6	2.877987047955322
0.0	1.4	2.063974792785599
0.0	1.6	2.8156604896182205
0.0	1.6	2.9130528559609123
0.0	1.6	2.933393258402789
0.0	1.4	2.2638004659706774
0.0	1.6	2.903615205480592
0.0	1.6	2.761460615670188
0.0	1.6	2.8278445653731983
0.0	1.4	2.206656265427451
0.0	1.4	2.206602104687084
0.0	1.6	2.879501921601283
0.0	1.4	2.1724308299624715
0.0	1.4	2.3564799067573885
0.0	1.4	2.237355459569631
0.0	1.6	3.032601125423669
0.0	1.6	2.750778093428942
0.0	1.6	2.953003711933384
0.0	1.6	2.8893592828192305
0.0	1.6	2.785944864722238
0.0	1.2	1.60166835649001
0.0	1.2	1.6030431389090964
0.0	1.2	1.5880898668080574
0.0	1.2	1.649372843127757
0.0	1.2	1.6185453405141121
0.0	1.6	2.7983844077510684
0.0	1.6	2.904623623076016
0.0	1.6	2.7673819597405553
0.0	1.6	2.7514978807552652
0.0	1.6	2.8456540250673537
0.0	1.6	2.895992701058738
0.0	1.6	2.9070779670762246
0.0	1.4	2.2646838469079764
0.0	1.4	2.1462354625336784
0.0	1.4	2.1678287153022273
0.0	1.4	2.2103410011140214
0.0	1.4	2.094181536737748
0.0	1.6	2.69353025966212
0.0	1.6	2.8366994252246793
0.0	1.6	3.049305785481294
0.0	1.6	2.8352463680442863
0.0	1.6	2.7979876404725306
0.0	0.25	0.18588493810978665
0.0	0.25	0.06979316328799073
0.0	0.25	0.09167298359832861
0.0	0.25	0.09106974103356626
0.0	0.25	0.06869199798189825
0.0	0.25	0.00924219535532761
0.0	0.25	0.05790119900501074
0.0	0.25	0.1270742152119366
0.0	0.25	0.10802139465669099
0.0	0.25	-0.004560751388366493
0.0	0.25	-0.0052851111731381665
0.0	0.25	0.08632920010353866
0.0	0.25	0.1040682627897162
0.0	0.25	0.06359006677800137
0.0	0.25	0.05596853538824918
0.0	0.25	0.1220552682081145
0.0	0.25	0.14062238964324544
0.0	0.25	0.10392737492658075
0.0	0.25	0.1356825809290687
0.0	0.25	0.08118234022026793
0.0	0.25	0.04140116679046909
0.0	0.25	0.09233296804430946
0.0	0.25	0.14729457488559708
0.0	0.25	0.02240363042381823
0.0	0.25	0.06360448421688855
0.0	0.25	0.07046150004373916
0.0	0.25	0.004994614903362965
0.0	0.25	0.04792634841426892
0.0	0.25	0.12111636401728923
0.0	0.25	0.08481648990526641
0.0	0.4	0.2095536189507896
0.0	0.25	-0.003141560096409661
0.0	0.25	0.08811380577204377
0.0	0.25	0.11044126773549802
0.0	0.25	0.12664658472931217
0.0	0.25	0.17078700944777286
0.0	0.25	0.1524596654962459
0.0	0.25	0.014591788108375072
0.0	0.4	0.2018369674711251
0.0	0.25	0.04623549874429095
0.0	0.25	0.1041327319079801
0.0	0.4	0.2249458591176176
0.0	0.4	0.20358221524905945
0.0	0.25	0.07837846921386626
0.0	0.4	0.15111489067361866
0.0	0.25	0.11459869666132136
0.0	0.25	0.017228791397109096
0.0	0.25	0.042408937401852344
0.0	0.25	0.14120472492427497
0.0	0.4	0.16748352682094464
0.0	0.25	0.05211247992842738
0.0	0.25	0.12169265476750095
0.0	0.4	0.2791572756391378
0.0	0.25	0.05851609930052213
0.0	0.4	0.18578719255632503
0.0	0.4	0.2739214037975655
0.0	0.4	0.1557329904001852
0.0	0.4	0.16843693504704393
0.0	0.4	0.18772527649660875
0.0	0.4	0.1713763598672674
0.0	0.4	0.17859380758924653
0.0	0.4	0.212229285051529
0.0	0.4	0.14233547001411576
0.0	0.4	0.14600228051925168
0.0	0.4	0.1876509353922901
0.0	0.4	0.21409226430078118
0.0	0.4	0.18146124890278673
0.0	0.4	0.17729137291132158
0.0	0.4	0.21329118475857017
0.0	0.4	0.21706309872761906
0.0	0.4	0.177706807384261
0.0	0.4	0.1768382105267673
0.0	0.4	0.2445242301222331
0.0	0.25	0.052980094824024215
0.0	0.4	0.1369360303929031
0.0	0.25	0.106464500199097
0.0	0.4	0.23023583022505437
0.0	0.4	0.1966689784333066
0.0	0.4	0.23447251890004836
0.0	0.45	0.2368396298580509
0.0	0.4	0.15861372407600102
0.0	0.4	0.1964645996108722
0.0	0.4	0.15609824492670568
0.0	0.25	0.06411953846940592
0.0	0.4	0.2212634278330775
0.0	0.4	0.19338009372757486
0.0	0.45	0.36918015753165395
0.0	0.4	0.2068398039057851
0.0	0.4	0.22267973566526358
0.0	0.25	0.05052132829005162
0.0	0.4	0.2338811032374355
0.0	0.45	0.22139922626305059
0.0	0.45	0.20655718790010127
0.0	0.4	0.18868586895488074
0.0	0.45	0.25182079143948843
0.0	0.4	0.1993055337839565
0.0	0.25	0.03389476114029631
0.0	0.4	0.16146786854815523
0.0	0.25	0.06355468805533739
0.0	0.4	0.09932825007077856
0.0	0.4	0.19287355589096428
0.0	0.45	0.184761463204345
0.0	0.4	0.16437290128800328
0.0	0.25	0.1670680439178979
0.0	0.4	0.15677126649720233
0.0	0.45	0.19884042378794675
0.0	0.4	0.24941475043134867
0.0	0.4	0.17411840210594404
0.0	0.45	0.16579260694892226
0.0	0.45	0.17638620270123215
0.0	0.45	0.22538541790055347
0.0	0.45	0.26179853763985744
0.0	0.45	0.2814457798632904
0.0	0.45	0.17620886486785675
0.0	0.45	0.20578329649778243
0.0	0.45	0.3039131228195809
0.0	0.45	0.21851980335843343
0.0	0.45	0.2492341170733226
0.0	0.45	0.24065346049879136
0.0	0.45	0.06729655616347545
0.0	0.45	0.22604367284232826
0.0	0.45	0.25351308355537655
0.0	0.45	0.22671717432277824
0.0	0.45	0.20762495349455828
0.0	0.45	0.3051144225539001
0.0	0.45	0.20574095323604272
0.0	0.45	0.2966150481308983
0.0	0.45	0.30023480659677815
0.0	0.45	0.20765328140240302
0.0	0.45	0.17526724325626922
0.0	0.55	0.36612632408747936
0.0	0.45	0.20408108678345183
0.0	0.4	0.18527076318377078
0.0	0.4	0.21112301813982476
0.0	0.45	0.18137843849177535
0.0	0.45	0.33611553271997746
0.0	0.45	0.3050225964794142
0.0	0.55	0.40620869195744247
0.0	0.45	0.198766325838064
0.0	0.45	0.2646561329050921
0.0	0.45	0.23701234743987204
0.0	0.45	0.19156993218704904
0.0	0.4	0.20487111967768154
0.0	0.55	0.33220089397055796
0.0	0.55	0.32817842611249376
0.0	0.45	0.3096423140249365
0.0	0.4	0.21296763730740728
0.0	0.45	0.20375919509874194
0.0	0.55	0.39757203132082136
0.0	0.45	0.27233690373021463
0.0	0.45	0.25375494606132104
0.0	0.4	0.23319827208886415
0.0	0.4	0.15922895117717442
0.0	0.45	0.27341822461828386
0.0	0.55	0.3458727368934546
0.0	0.45	0.23433867635696093
0.0	0.55	0.3520073757396677
0.0	0.45	0.2077676212032602
0.0	0.45	0.2492617455765031
0.0	0.45	0.27219539559381445
0.0	0.4	0.138134213029639
0.0	0.55	0.3803297776070197
0.0	0.55	0.290302662526528
0.0	0.55	0.37612587944774767
0.0	0.55	0.3663774165507266
0.0	0.45	0.2773690430439899
0.0	0.55	0.4367964922234122
0.0	0.55	0.2929764392995937
0.0	0.55	0.4314115360694876
0.0	0.55	0.36818260272066866
0.0	0.55	0.3520724532575128
0.0	0.55	0.3445779913717136
0.0	0.55	0.3229261490520122
0.0	0.55	0.3405267171205206
0.0	0.55	0.38661328502813286
0.0	0.55	0.39446515403677845
0.0	0.55	0.44180546894052564
0.0	0.55	0.32639229700880007
0.0	0.55	0.2974642182282015
0.0	0.55	0.39907779880901073
0.0	0.55	0.4280388233771469
0.0	0.55	0.3167879682157883
0.0	0.55	0.40675643932626465
0.0	0.55	0.38720075797803555
0.0	0.55	0.3710934078173488
0.0	0.55	0.3181673029675758
0.0	0.55	0.36402080673349424
0.0	0.55	0.45780020688347706
0.0	0.45	0.29783486328081865
0.0	0.45	0.17484758462389566
0.0	0.55	0.26986712080353514
0.0	0.55	0.3920997313651584
0.0	0.55	0.36812298241976976
0.0	0.55	0.3612267438650971
0.0	0.45	0.2488220873534924
0.0	0.55	0.33512726411097393
0.0	0.55	0.40163904294397784
0.0	0.45	0.25688564326833985
0.0	0.55	0.40076880609867394
0.0	0.55	0.2613937415068675
0.0	0.45	0.2065610910916899
0.0	0.55	0.3971463486345548
0.0	0.45	0.2638273536459139
0.0	0.55	0.28827715170750656
0.0	0.55	0.37793485398496784
0.0	0.55	0.43633886500590807
0.0	0.55	0.4333790220100673
0.0	0.45	0.184267785682439
0.0	0.55	0.2418925573769172
0.0	0.55	0.28392456573960284
0.0	0.55	0.4144569616819087
0.0	0.55	0.3027300616376388
0.0	0.55	0.35680523698889816
0.0	0.55	0.4103322376862744
0.0	0.55	0.37508197046633496
0.0	0.55	0.38858322829329905
0.0	0.25	0.10209351869637039
0.0	0.25	0.055611770769603705
0.0	0.25	-0.005442042328498924
0.0	0.4	0.15496235106863593
0.0	0.4	0.3461363146568953
0.0	0.4	0.2601710214590102
0.0	0.45	0.22710371589114667
0.0	0.45	0.20935445958323426
0.0	0.45	0.2522297640083813
0.0	0.55	0.4242537847620837
0.0	0.55	0.39453957283355306
0.0	0.55	0.3781736608261261
0.0	0.25	0.07131516406639138
0.0	0.25	0.022712447886816905
0.0	0.25	0.07320834081213921
0.0	0.25	0.002477906324809331
0.0	0.25	0.14773374267495681
0.0	0.25	0.04549765803488453
0.0	0.4	0.11841006553364303
0.0	0.4	0.18756819706067698
0.0	0.4	0.18883488155084024
0.0	0.4	0.1168779147501728
0.0	0.4	0.20899771657236604
0.0	0.4	0.22211105893638888
0.0	0.45	0.16696142617918702
0.0	0.45	0.2568256389162756
0.0	0.45	0.200112815866741
0.0	0.45	0.1899459396408186
0.0	0.45	0.25616566681623015
0.0	0.45	0.23709949946845257
0.0	0.55	0.3628151862255893
0.0	0.55	0.3762995438120692
0.0	0.55	0.38187035858413476
0.0	0.55	0.3834137374476192
0.0	0.55	0.27590452660538045
0.0	0.55	0.3289876442514082
0.0	0.25	0.13407230445642437
0.0	0.25	0.09308458733647562
0.0	0.25	0.14326378712309387
0.0	0.25	0.10786750346341427
0.0	0.25	0.08460024543001847
0.0	0.25	0.09089579670593509
0.0	0.25	0.05962645340273085
0.0	0.25	0.06990458318482849
0.0	0.4	0.2680343084694565
0.0	0.25	0.06527822771674949
0.0	0.25	0.07824594265934039
0.0	0.25	0.041701785759290996
0.0	0.25	0.16202472557772002
0.0	0.25	0.005446439614582027
0.0	0.4	0.19076982622780828
0.0	0.25	0.12275404952813601
0.0	0.25	0.1263738029070167
0.0	0.25	0.053256293248338964
0.0	0.25	0.117621730803361
0.0	0.25	0.03458244308748489
0.0	0.25	0.18793303376670986
0.0	0.4	0.17221596298168276
0.0	0.25	0.06447613526448508
0.0	0.25	0.0749846045417346
0.0	0.25	0.09784212586929551
0.0	0.25	0.056212209363062864
0.0	0.25	0.10785842822330242
0.0	0.25	0.11714488307157755
0.0	0.4	0.1331813966393135
0.0	0.4	0.1309540754268729
0.0	0.25	0.0650194420934897
0.0	0.4	0.23898960958858245
0.0	0.25	0.10551077242178271
0.0	0.4	0.22834095876034788
0.0	0.4	0.24505688850906399
0.0	0.25	0.07759378235838471
0.0	0.25	0.07575113631777178
0.0	0.45	0.22269588992400025
0.0	0.4	0.2591589288468809
0.0	0.4	0.17580817893147466
0.0	0.4	0.18071953236750093
0.0	0.25	0.05573925539456423
0.0	0.25	0.12273844219755711
0.0	0.25	0.017891766273152747
0.0	0.25	0.09334071120066424
0.0	0.4	0.20097518632989805
0.0	0.25	0.09006191073921893
0.0	0.4	0.18534617488496502
0.0	0.45	0.2464558231748234
0.0	0.25	0.03735594990897653
0.0	0.4	0.17443756922874343
0.0	0.4	0.27654257205516986
0.0	0.25	0.10769003255283668
0.0	0.4	0.16210686928804885
0.0	0.4	0.15609745230866776
0.0	0.4	0.1740812966632184
0.0	0.45	0.2949855369312466
0.0	0.4	0.2292500547327338
0.0	0.4	0.2611918278709383
0.0	0.4	0.15439946812560784
0.0	0.25	0.07415838319809992
0.0	0.4	0.18236131558226493
0.0	0.4	0.18086606414469122
0.0	0.4	0.21266782339336404
0.0	0.4	0.2598727774364147
0.0	0.45	0.2598328782662698
0.0	0.45	0.17790346911047153
0.0	0.45	0.264692529639566
0.0	0.4	0.1660197547280609
0.0	0.45	0.29016831529535847
0.0	0.4	0.19733101105779152
0.0	0.4	0.2466218942859092
0.0	0.45	0.2862183165159112
0.0	0.4	0.24454045629939336
0.0	0.55	0.31760650113178407
0.0	0.45	0.15197568865082728
0.0	0.45	0.26458861947779344
0.0	0.45	0.23387404247592197
0.0	0.4	0.21715861811129597
0.0	0.4	0.18595285700548936
0.0	0.4	0.12076833407366284
0.0	0.45	0.2241235831214409
0.0	0.4	0.16144143511922154
0.0	0.4	0.15673453414604294
0.0	0.45	0.23354977563625448
0.0	0.55	0.3231627977143823
0.0	0.4	0.1255189536705154
0.0	0.45	0.16974052934906264
0.0	0.45	0.26736869917472894
0.0	0.4	0.21739235882994068
0.0	0.45	0.13290689323623692
0.0	0.45	0.3222922545708382
0.0	0.45	0.2449489367465363
0.0	0.55	0.38293182547686416
0.0	0.45	0.2617272796661997
0.0	0.45	0.27484975892158203
0.0	0.45	0.2017545419005414
0.0	0.4	0.27350907411957065
0.0	0.45	0.293777689189856
0.0	0.45	0.2550971089323343
0.0	0.45	0.3347520017589563
0.0	0.55	0.3270991490196827
0.0	0.45	0.23287555420110181
0.0	0.55	0.2982775539318562
0.0	0.55	0.4465771180199545
0.0	0.55	0.44933371413704004
0.0	0.45	0.18550102959726097
0.0	0.55	0.2982205640323179
0.0	0.45	0.25439296398731653
0.0	0.45	0.26825668990120227
0.0	0.45	0.13605071462419172
0.0	0.55	0.353450840224724
0.0	0.55	0.4082497888966914
0.0	0.55	0.39767320395545547
0.0	0.45	0.2783998155233282
0.0	0.45	0.24353658561925362
0.0	0.55	0.34890021050797176
0.0	0.45	0.23734247298268993
0.0	0.45	0.15637220690841983
0.0	0.45	0.15136642001481826
0.0	0.55	0.29397072012727626
0.0	0.55	0.39434539567551985
0.0	0.45	0.23554137114183255
0.0	0.55	0.3274778300313389
0.0	0.55	0.3427262217878335
0.0	0.45	0.2531084083940574
0.0	0.55	0.32506391003270163
0.0	0.55	0.3309600396867796
0.0	0.55	0.34911723077421725
0.0	0.55	0.3723452120616277
0.0	0.55	0.3910498135488412
0.0	0.45	0.20854468233815798
0.0	0.55	0.39533062420611226
0.0	0.55	0.2769519646405412
0.0	0.55	0.36191168015507524
0.0	0.55	0.438286519230836
0.0	0.55	0.3660401185115663
0.0	0.55	0.334865764882167
0.0	0.55	0.32290418094813034
0.0	0.55	0.3960152108710537
0.0	0.55	0.29486223220130253
0.0	0.55	0.330375005538054
0.0	0.55	0.31680479718728183
0.0	0.55	0.4358292204019837
0.0	0.55	0.338479843884706
0.0	0.55	0.35902308568138214
0.0	0.55	0.34607028163585185
0.0	0.55	0.3271301491601925
