0.01	0	0.23212805002648487
0.01	0	0.14491000031007942
0.01	0	0.0792841936114873
0.01	0	0.1652148054851761
0.01	0	0.1657925223760343
0.01	0	0.18209872680943825
0.01	0	0.11861338057458382
0.01	0	0.19788388702718576
0.01	0	0.17972989447710358
0.01	0	0.160899341517164
0.01	0	0.16057735544710974
0.01	0	0.16935495843610632
0.01	0	0.25362180539430595
0.01	0	0.0661917806670991
0.01	0	0.13844636931351062
0.01	0	0.15645259744785422
0.01	0	0.15701757309205597
0.01	0	0.2397460607439579
0.01	0	0.14014159468778034
0.01	0	0.13230341615440788
0.01	0	0.07256144874533735
0.01	0	0.0915104904834878
0.01	0	0.20056842354793156
0.01	0	0.09196876399036114
0.01	0	0.10107196340370737
0.01	0	0.1304942255518107
0.01	0	0.15086889653853802
0.01	0	0.11622395776433395
0.05	0	0.8640307638836506
0.01	0	0.18953245292755125
0.01	0	0.21253524805784393
0.01	0	0.17372782233016584
0.01	0	0.09191283256779315
0.01	0	0.20939208252655983
0.05	0	0.8296115029011352
0.01	0	0.15342879153579003
0.01	0	0.06810945506258158
0.05	0	0.9043357723622854
0.01	0	0.11759873540286672
0.05	0	0.841232258943872
0.05	0	0.8665160426342561
0.01	0	0.22247405584682958
0.01	0	0.16172058769423525
0.01	0	0.19544251031058663
0.01	0	0.2066234373853018
0.05	0	0.8942776430215056
0.01	0	0.16486134931300786
0.01	0	0.24577544855580474
0.01	0	0.1508927827754531
0.01	0	0.23960102740630151
0.01	0	0.07951484976575002
0.01	0	0.16860303197829143
0.01	0	0.16115853734682192
0.01	0	0.16831533052152728
0.01	0	0.1806884869220134
0.01	0	0.04646725476819941
0.01	0	0.24803913945361333
0.01	0	0.2110239842943855
0.01	0	0.19143239743916257
0.01	0	0.07130017505362062
0.01	0	0.14058294635089533
0.01	0	0.2719547882163929
0.01	0	0.15261570934266983
0.05	0	0.8287974980179835
0.01	0	0.21890035627309404
0.05	0	0.8863970808001828
0.01	0	0.17081024017077337
0.05	0	0.890760737692304
0.01	0	0.1971772235727121
0.01	0	0.15845519345351802
0.01	0	0.13217708107330636
0.01	0	0.02073570272892026
0.01	0	0.18291380853318404
0.01	0	0.13920317218231454
0.05	0	0.8364974747363512
0.05	0	0.8919104269638802
0.01	0	0.22062892630069927
0.01	0	0.04034171937290673
0.05	0	0.819526638137866
0.01	0	0.08532489230372214
0.01	0	0.2112586188145517
0.05	0	0.8095859323986779
0.01	0	0.2545535741679356
0.01	0	0.12187818264649342
0.01	0	0.12857776498213122
0.01	0	0.1194150479035994
0.01	0	0.17379822741485942
0.05	0	0.8733844563420002
0.01	0	0.2208231626814635
0.05	0	0.7149488604128913
0.05	0	0.9380009258157309
0.05	0	0.902300136355855
0.05	0	0.8387950467419675
0.05	0	0.9303940440181079
0.05	0	0.8600469624362601
0.01	0	0.19645563333368365
0.05	0	0.8374644193564617
0.05	0	0.7975028528093866
0.05	0	0.8918848744867433
0.05	0	0.8309481893482338
0.05	0	0.8148819070580557
0.05	0	0.8224717429895081
0.01	0	0.08363112479637973
0.05	0	0.84631549720442
0.01	0	0.21977033205586255
0.05	0	0.8545303310422585
0.01	0	0.17144400116762468
0.1	0	1.7186897458338963
0.01	0	0.18567916223012698
0.05	0	0.8247206050321769
0.05	0	0.8433939364306535
0.01	0	0.09578418720311042
0.05	0	0.8940440497653194
0.01	0	0.14458445129421504
0.05	0	0.7987886894712327
0.01	0	0.1812979888920111
0.1	0	1.5639316582117435
0.05	0	0.7998420879704886
0.01	0	0.2062270321356105
0.1	0	1.7239703557760162
0.05	0	0.7810369044665176
0.05	0	0.8066958198044014
0.01	0	0.13579104362038485
0.05	0	0.8043480378882781
0.01	0	0.2063282607202084
0.1	0	1.6691544465396893
0.1	0	1.6821800082493863
0.05	0	0.889180518676949
0.05	0	0.840811773997093
0.05	0	0.8372263745185895
0.05	0	0.8683042698559228
0.05	0	0.8816959553002452
0.1	0	1.8348624875997868
0.05	0	0.8396286426376793
0.01	0	0.24648097420892276
0.05	0	0.9466260796387365
0.01	0	0.21749527649313136
0.05	0	0.776952479000148
0.05	0	0.8967630080270205
0.05	0	0.8717222668245922
0.05	0	0.8124573629820695
0.05	0	0.9101152264631179
0.05	0	0.8611536959440086
0.01	0	0.17467507082843386
0.05	0	0.854404579264897
0.05	0	0.8169672424915502
0.05	0	0.8310920243846894
0.05	0	0.8933631223671151
0.05	0	0.8591228493685528
0.01	0	0.23589536416608656
0.05	0	0.921843045525855
0.05	0	0.7863462923058026
0.05	0	0.8916296336605207
0.1	0	1.7691518547342524
0.05	0	0.815525677727182
0.1	0	1.6382610047663626
0.01	0	0.20000897183277758
0.05	0	0.9214449051437642
0.1	0	1.688165690714061
0.05	0	0.9021361035974863
0.05	0	0.7938264175411345
0.05	0	0.842753808311188
0.05	0	0.8947895276169767
0.05	0	0.7670865205848171
0.05	0	0.8227176592318408
0.1	0	1.6871981444154367
0.1	0	1.6368364790193632
0.05	0	0.8307827750676308
0.05	0	0.7568338110576596
0.05	0	0.8760483182455971
0.1	0	1.628171681693892
0.01	0	0.1899454871482633
0.05	0	0.8705836183163201
0.01	0	0.09894235670764658
0.05	0	0.8359266998706517
0.1	0	1.6340404338353545
0.05	0	0.9318313449884881
0.05	0	0.7939167006370004
0.05	0	0.8726191906569121
0.05	0	0.8132530103546466
0.05	0	0.922086858169275
0.1	0	1.6754673118498538
0.1	0	1.7223946750324686
0.05	0	0.8907223555971439
0.1	0	1.7824054971362109
0.1	0	1.7205710419411018
0.1	0	1.7327891521041403
0.1	0	1.623857555572869
0.05	0	0.7938628005385522
0.1	0	1.6325969368063702
0.1	0	1.6977709746070357
0.1	0	1.7055580457602453
0.1	0	1.778335837664652
0.1	0	1.7353684309975996
0.1	0	1.7588433607838585
0.1	0	1.7347803033784834
0.1	0	1.729012142980522
0.05	0	0.8221259279709558
0.1	0	1.735106657326046
0.05	0	0.8076763524266329
0.05	0	0.8196969807228023
0.3	0	5.138169624296504
0.1	0	1.7756463043733317
0.05	0	0.8401706442346085
0.1	0	1.7957740124605248
0.1	0	1.7342139609559035
0.05	0	0.877741687597845
0.1	0	1.7104337045423712
0.3	0	5.0394731228625185
0.05	0	0.8293475475659396
0.1	0	1.716424001688424
0.3	0	5.330326221629613
0.05	0	0.8914560775174991
0.1	0	1.6609269816467078
0.1	0	1.669944498889338
0.05	0	0.8703223581475908
0.1	0	1.679680277965124
0.05	0	0.8401779656904587
0.3	0	5.106111092489352
0.3	0	4.884840325982676
0.1	0	1.6942863783535522
0.1	0	1.6761281584646288
0.1	0	1.6373211501982157
0.3	0	5.019448442483971
0.1	0	1.8101616187929126
0.1	0	1.5669939387283522
0.05	0	0.9063250934934053
0.1	0	1.7186598213204536
0.1	0	1.6421993087647366
0.1	0	1.7552752688714952
0.05	0	0.8269996265191525
0.1	0	1.7223765813872738
0.1	0	1.6987357428047012
0.1	0	1.628892472475402
0.1	0	1.6315766638083995
0.05	0	0.77992111928973
0.1	0	1.748488944816438
0.1	0	1.7048363164936053
0.05	0	0.8552660688229283
0.1	0	1.6580498381711901
0.1	0	1.7043030713046745
0.1	0	1.694963161551282
0.1	0	1.6721914339602544
0.05	0	0.7093419393420447
0.3	0	5.061954905126077
0.1	0	1.6972193652441687
0.1	0	1.6768780735474524
0.1	0	1.621903093816169
0.1	0	1.7147835921645642
0.3	0	5.078553376237242
0.05	0	0.7783845022428878
0.1	0	1.8175272654243135
0.1	0	1.710931441296035
0.3	0	4.878142985641481
0.1	0	1.830967043423854
0.1	0	1.7200183337210364
0.1	0	1.6590460868813353
0.1	0	1.653619852460956
0.3	0	5.175130677280601
0.1	0	1.7250683306239654
0.3	0	4.949105914778671
0.1	0	1.7287865083903935
0.1	0	1.759933575185552
0.1	0	1.713801490501133
0.3	0	4.948792424123852
0.05	0	0.8540660529127696
0.1	0	1.6449541327440544
0.05	0	0.86186221205281
0.3	0	4.977005547870321
0.1	0	1.7033660074480503
0.1	0	1.7623012194827308
0.1	0	1.648632942849355
0.1	0	1.6581337289299112
0.1	0	1.63864642088815
0.1	0	1.5914789467920278
0.01	0	0.18339356578808827
0.3	0	4.947371554520822
0.3	0	5.201807727719503
0.3	0	4.950422043510178
0.1	0	1.6835413635043586
0.3	0	5.00370049107734
0.3	0	4.963954661314102
0.3	0	4.871483182701469
0.3	0	5.084610954281998
0.3	0	4.84058045085104
0.1	0	1.7404167468591372
0.3	0	5.238473791334877
0.3	0	5.078024656262508
0.3	0	5.0458164171862405
0.3	0	4.791237809491121
0.3	0	4.9585443519713905
0.3	0	5.044500538194202
0.1	0	1.6121246772537718
0.3	0	5.017467710782831
0.1	0	1.7285821581445777
0.01	0	0.17969613141957338
0.1	0	1.6986666855174015
0.3	0	5.018976912875765
0.1	0	1.6056984407576518
0.3	0	5.172915906431728
0.3	0	5.095428816588452
0.3	0	5.005899582167985
0.1	0	1.6574218634123126
0.3	0	4.903501333825937
0.3	0	5.0693482735931275
0.1	0	1.6613719035867933
0.1	0	1.6770931251632581
0.1	0	1.6260366496461556
0.3	0	5.037909954670907
0.3	0	4.879474814612749
0.3	0	4.962695435467158
0.3	0	4.905802582910921
0.1	0	1.7751448551353652
0.3	0	4.967834130727274
0.3	0	5.033750001333866
0.3	0	5.1475711693944834
0.3	0	5.071740451245075
0.3	0	4.838504760047901
0.3	0	5.047177755606791
0.1	0	1.785713640542429
0.3	0	5.221928872275451
0.3	0	5.096869598618779
0.1	0	1.7283096275125078
0.3	0	5.058462937620049
0.3	0	5.07928717746212
0.3	0	4.906459256508462
0.3	0	5.163662688510424
0.1	0	1.7807959343964284
0.1	0	1.7430959222010427
0.3	0	5.02294449460933
0.3	0	4.9202831415486745
0.3	0	5.116489510873001
0.3	0	4.875857853791223
0.1	0	1.6473867682627248
0.3	0	5.163006608631372
0.3	0	5.050719307881814
0.3	0	4.972922769999246
0.3	0	5.064269672695947
0.1	0	1.5907588835102624
0.3	0	4.87686581806487
0.3	0	5.192977445473644
0.3	0	5.12792589493115
0.3	0	5.088572921680083
0.3	0	5.1591644751798595
0.3	0	4.985319081488508
0.3	0	5.020519962772785
0.3	0	4.9622003631827285
0.3	0	4.84909901438402
0.3	0	5.052762145783393
0.3	0	4.896711834973539
0.1	0	1.7231855610417728
0.1	0	1.6902144376267365
0.3	0	4.939287392352592
0.3	0	4.860323644980244
0.01	0	0.13815341144443732
0.3	0	4.985772805619882
0.3	0	4.852327650620831
0.3	0	5.100969946052603
0.3	0	5.084945764104166
0.05	0	0.8654214276439672
0.3	0	4.948026469869873
0.01	0	0.15068721712604322
0.3	0	5.065045010703927
0.3	0	5.109751102272437
0.3	0	4.908593907669959
0.3	0	4.955973811402423
0.3	0	5.0237919802873385
0.3	0	5.112199094449537
0.05	0	0.9500616294272566
0.01	0	0.04710418357971227
0.3	0	4.97972979708009
0.3	0	5.1821891835646445
0.3	0	5.0820254881452245
0.01	0	0.08614895355031792
0.3	0	5.00537698788489
0.3	0	5.028844988552303
0.3	0	5.066306577925675
0.3	0	4.898308435177311
0.3	0	5.067371496412031
0.3	0	4.961018133942532
0.3	0	5.070960014652608
0.3	0	5.00882274124183
0.3	0	4.894227774832112
0.05	0	0.92404863352964
0.1	0	1.7041261761140483
0.05	0	0.852043552463625
0.1	0	1.6759529552111365
0.05	0	0.8932396896597204
0.05	0	0.7288795511096854
0.1	0	1.7446548162275501
0.3	0	5.001947983265404
0.1	0	1.7465928279555687
0.3	0	5.021695597223616
0.1	0	1.701566694726212
0.1	0	1.7510682845107572
0.3	0	5.051315185526767
0.3	0	4.865798975795609
0.3	0	4.958658115646188
0.3	0	4.986761098923445