0	-0.4	0.19918865408521808
0	-0.4	0.20133192682558168
0	-0.4	0.16490594315664905
0	-0.4	0.10670434288312551
0	-0.4	0.2103689053244626
0	-0.4	0.19343600755956328
0	-0.4	0.154182323611118
0	-0.4	0.22757186200348636
0	-0.45	0.1883629826889091
0	-0.4	0.24743120309036534
0	-0.4	0.17609431479510587
0	-0.4	0.17572587738933015
0	-0.4	0.20139168005863525
0	-0.4	0.15826182061159186
0	-0.4	0.233219035553785
0	-0.4	0.1691015391509671
0	-0.4	0.1714587571935923
0	-0.4	0.14826941520042122
0	-0.45	0.22502350495314974
0	-0.4	0.25191676932481966
0	-0.4	0.18035291255882868
0	-0.4	0.16304702794384157
0	-0.45	0.17159195490390672
0	-0.4	0.14436388097085728
0	-0.4	0.18168465921178237
0	-0.4	0.19704583386630564
0	-0.45	0.1630802007884647
0	-0.4	0.16579696660883397
0	-0.4	0.24401303491534915
0	-0.4	0.1762338627199924
0	-0.45	0.2042371268201589
0	-0.4	0.22693840056455308
0	-0.4	0.12675876021675422
0	-0.45	0.3389495114760372
0	-0.4	0.0965695105102236
0	-0.45	0.30372913119860456
0	-0.4	0.2207559259064538
0	-0.4	0.1910147485921741
0	-0.45	0.2736920181791854
0	-0.4	0.20337852928615124
0	-0.5	0.28129973332486524
0	-0.4	0.1989250285357091
0	-0.45	0.32517685795978224
0	-0.45	0.23664993969986872
0	-0.4	0.2006057554905161
0	-0.4	0.2653817704391422
0	-0.45	0.2243144341096147
0	-0.4	0.19866927195058606
0	-0.45	0.15603494103295248
0	-0.4	0.21731225287716813
0	-0.45	0.21028061342814022
0	-0.45	0.2526729489042765
0	-0.45	0.35174344355948917
0	-0.45	0.3200442471686449
0	-0.4	0.2186971133332649
0	-0.45	0.18952464053476498
0	-0.4	0.1651143311780058
0	-0.5	0.2797827810278023
0	-0.45	0.20060001453444268
0	-0.4	0.17754000334788977
0	-0.4	0.21903540846092626
0	-0.45	0.23151134867934126
0	-0.45	0.2538598565292203
0	-0.4	0.13158652725019293
0	-0.5	0.31623419367962713
0	-0.45	0.2080155103675141
0	-0.45	0.22954263703044345
0	-0.45	0.21271476133266443
0	-0.5	0.23674638068826087
0	-0.4	0.19648726896205923
0	-0.45	0.21144184765181304
0	-0.45	0.22452247178682816
0	-0.45	0.18324054315401916
0	-0.5	0.31969630512267805
0	-0.45	0.21878348424678426
0	-0.45	0.23891869062032087
0	-0.5	0.25268882542717674
0	-0.4	0.25420704051232174
0	-0.45	0.19108772136415553
0	-0.45	0.30818497739208744
0	-0.5	0.32406710684292517
0	-0.45	0.27962975794507855
0	-0.5	0.25517859698775575
0	-0.55	0.3627411171091068
0	-0.45	0.27069943053704215
0	-0.4	0.1414195045826732
0	-0.45	0.2196823515709878
0	-0.4	0.1421201988540475
0	-0.4	0.22780175508118267
0	-0.4	0.12080857893649123
0	-0.5	0.2631211697323946
0	-0.5	0.20867113612015364
0	-0.4	0.1718362336797296
0	-0.4	0.15266964875600147
0	-0.4	0.17338268241973262
0	-0.45	0.23131223546011645
0	-0.45	0.2077357863642829
0	-0.5	0.3132584300612571
0	-0.45	0.1871942527797725
0	-0.5	0.2782722377615311
0	-0.45	0.17410800109580377
0	-0.5	0.29011668050130696
0	-0.4	0.24273813318081486
0	-0.5	0.27833129047410393
0	-0.5	0.25039233769005753
0	-0.5	0.29636456731379973
0	-0.45	0.2587153304022554
0	-0.4	0.24100343715148317
0	-0.4	0.24513882495991476
0	-0.4	0.14218796185025098
0	-0.5	0.2636765023096237
0	-0.4	0.21988615586115565
0	-0.55	0.3302700596713566
0	-0.45	0.20731698330197482
0	-0.4	0.262466979621233
0	-0.5	0.2633288774690679
0	-0.4	0.11368679919090159
0	-0.45	0.12004104386609263
0	-0.45	0.15400960601493646
0	-0.5	0.23625281963300734
0	-0.4	0.2025118803607914
0	-0.5	0.2633396815549846
0	-0.45	0.2710110273404724
0	-0.55	0.3537077152619238
0	-0.4	0.19143609805349118
0	-0.4	0.1964150642077212
0	-0.5	0.2644964291092794
0	-0.5	0.25868261846426993
0	-0.5	0.3314395960697532
0	-0.55	0.3721423614070639
0	-0.4	0.163734660870775
0	-0.4	0.23823469435111855
0	-0.4	0.2919861862894554
0	-0.4	0.18947405508373988
0	-0.45	0.21393767360994415
0	-0.4	0.21932405625130444
0	-0.4	0.19632892660321608
0	-0.4	0.15510018066709355
0	-0.5	0.32454730612456145
0	-0.5	0.3466808860894596
0	-0.55	0.3155971215343973
0	-0.5	0.2790593940977892
0	-0.4	0.2205543919986689
0	-0.5	0.41223331719572887
0	-0.55	0.3954901633530407
0	-0.5	0.2703607294526429
0	-0.4	0.24003672016537786
0	-0.5	0.2788103836964896
0	-0.55	0.39818269573389653
0	-0.5	0.24405659383199996
0	-0.4	0.22921750589998208
0	-0.4	0.10543888458670783
0	-0.45	0.1959662528611694
0	-0.4	0.18187157663120632
0	-0.4	0.21252037216536931
0	-0.55	0.44154156818788803
0	-0.5	0.2231503652337339
0	-0.6	0.40067264841108224
0	-0.5	0.22719616357115963
0	-0.45	0.216735929683232
0	-0.5	0.273951891389733
0	-0.45	0.13373832264212146
0	-0.45	0.28843971286311315
0	-0.55	0.3303874033692963
0	-0.55	0.37673938976280813
0	-0.4	0.322009522221974
0	-0.45	0.24586284258335006
0	-0.45	0.22167241806197538
0	-0.45	0.2309837556371349
0	-0.5	0.2575022300238514
0	-0.45	0.2632107507542505
0	-0.5	0.3335761728332978
0	-0.55	0.36670249047583414
0	-0.5	0.3053031349933878
0	-0.55	0.3884019106904922
0	-0.5	0.3331796258018924
0	-0.55	0.3123966722880452
0	-0.45	0.19940057108716977
0	-0.55	0.30351609963373255
0	-0.55	0.3156167211727532
0	-0.5	0.3285404239929209
0	-0.55	0.28163328127823406
0	-0.4	0.17376799054209474
0	-0.45	0.35031940807779377
0	-0.45	0.17903729394355253
0	-0.55	0.3282280094513555
0	-0.45	0.18329626776977856
0	-0.4	0.11142084209848954
0	-0.6	0.38694455550507617
0	-0.45	0.31400397099604194
0	-0.4	0.14527646845549394
0	-0.5	0.11535920090616932
0	-0.45	0.318068725216017
0	-0.4	0.13652971355434693
0	-0.55	0.29254917278937176
0	-0.45	0.273343619536151
0	-0.5	0.28444205681042817
0	-0.5	0.37266076636405965
0	-0.55	0.3630397113815172
0	-0.55	0.23092719012415316
0	-0.45	0.24810615221902252
0	-0.5	0.20722759989500344
0	-0.6	0.4015095888288699
0	-0.45	0.26184334910157775
0	-0.55	0.3432053346811849
0	-0.45	0.24297656639726392
0	-0.55	0.4171132264714678
0	-0.55	0.3184191499715141
0	-0.6	0.4609700929169177
0	-0.45	0.2581837228825119
0	-0.45	0.2707850454997232
0	-0.45	0.2819160949172721
0	-0.4	0.20089722525552114
0	-0.45	0.22036146950574653
0	-0.5	0.3823174347727328
0	-0.45	0.19465980764569954
0	-0.45	0.2094033040409021
0	-0.55	0.24958641625491523
0	-0.45	0.2000096791980855
0	-0.55	0.3427842042228063
0	-0.6	0.4560755324909006
0	-0.55	0.3518708058853159
0	-0.55	0.37644063902187447
0	-0.6	0.4210830882525018
0	-0.45	0.20638400909910393
0	-0.55	0.28107065613255205
0	-0.55	0.25039305269221424
0	-0.45	0.28445811622182543
0	-0.6	0.43212898722798443
0	-0.55	0.40432386925687647
0	-0.45	0.21588946560290537
0	-0.45	0.20247751961947147
0	-0.5	0.3213425579009799
0	-0.45	0.18094187409505633
0	-0.45	0.19074037788525564
0	-0.6	0.43815095608622195
0	-0.55	0.45066126296679837
0	-0.65	0.33532569900182946
0	-0.55	0.4461614246999742
0	-0.5	0.3101682663226171
0	-0.55	0.4358818057076044
0	-0.4	0.1652201874027409
0	-0.5	0.2676770240871008
0	-0.6	0.46125199588995963
0	-0.6	0.28263273429202557
0	-0.5	0.26255105945218044
0	-0.45	0.1839710542148137
0	-0.5	0.2698756164119458
0	-0.5	0.25461560607263584
0	-0.5	0.2425365755880714
0	-0.4	0.13844304915325112
0	-0.4	0.15410786827671208
0	-0.55	0.3705052606995388
0	-0.55	0.31868237950085754
0	-0.5	0.20841903653270652
0	-0.4	0.17790784556282666
0	-0.6	0.37783531826128397
0	-0.55	0.37494509741452925
0	-0.6	0.38689180999457273
0	-0.55	0.36159301956285944
0	-0.6	0.4687592774389265
0	-0.5	0.22457085987061454
0	-0.6	0.4981330078548324
0	-0.6	0.41812087741896986
0	-0.4	0.24832647114265002
0	-0.4	0.18130859056313955
0	-0.55	0.47054790233886523
0	-0.45	0.24604106807805687
0	-0.6	0.448500449433272
0	-0.5	0.2516002513958784
0	-0.4	0.1849010704214444
0	-0.6	0.4408473095944079
0	-0.5	0.35599789170669055
0	-0.5	0.1971027519820894
0	-0.65	0.43225458078168044
0	-0.45	0.20278151475992487
0	-0.45	0.1876772666414325
0	-0.5	0.2054778103995035
0	-0.55	0.4051069487854855
0	-0.4	0.2263520978957387
0	-0.45	0.25133608609187125
0	-0.5	0.37952538910597633
0	-0.4	0.13347559209783036
0	-0.6	0.36402946343484904
0	-0.4	0.19934774232569052
0	-0.4	0.15421393269979664
0	-0.5	0.26294391736146694
0	-0.55	0.2791033732143706
0	-0.55	0.3417439769039168
0	-0.6	0.36643504792125503
0	-0.6	0.3604175481156375
0	-0.65	0.5981992930885274
0	-0.55	0.26125578212541917
0	-0.5	0.3255128757307983
0	-0.5	0.3211510810973944
0	-0.6	0.44885446223861897
0	-0.5	0.28628552738559787
0	-0.6	0.4485186134650057
0	-0.6	0.46209960646842796
0	-0.65	0.5366254712233042
0	-0.45	0.26632570719374465
0	-0.5	0.25750740315423143
0	-0.5	0.2741216387046332
0	-0.5	0.30958851575258123
0	-0.5	0.1796216042290965
0	-0.6	0.42120835365085607
0	-0.55	0.4036689594134421
0	-0.4	0.2702515623889688
0	-0.5	0.26787923652549833
0	-0.6	0.3840996379833282
0	-0.5	0.24346746929196766
0	-0.4	0.22640067831270194
0	-0.5	0.34628655159986876
0	-0.65	0.43594401354256485
0	-0.65	0.43157421445769756
0	-0.6	0.37088982937083503
0	-0.6	0.45980147294996265
0	-0.6	0.45006930922442206
0	-0.6	0.42650641771383846
0	-0.5	0.23497572569244338
0	-0.5	0.31209945993246335
0	-0.65	0.5032118361043808
0	-0.6	0.43655524611218954
0	-0.5	0.28263663343380563
0	-0.5	0.24648772015232254
0	-0.55	0.29008066513221015
0	-0.5	0.2731807259512392
0	-0.5	0.28030389482031404
0	-0.65	0.47278727892911615
0	-0.7	0.5716485836926612
0	-0.6	0.43601820896502536
0	-0.6	0.4884185336433924
0	-0.6	0.4363449957530206
0	-0.55	0.2918940456546365
0	-0.45	0.2034205484212636
0	-0.65	0.4784060967881965
0	-0.65	0.490180600742261
0	-0.55	0.33462521258615296
0	-0.55	0.35633847664014945
0	-0.4	0.14685320649133676
0	-0.5	0.3045140245038878
0	-0.4	0.17471294529163875
0	-0.55	0.2818005273485616
0	-0.55	0.40493411247542505
0	-0.45	0.21054863121282288
0	-0.6	0.4178039734822225
0	-0.55	0.3831367162435135
0	-0.65	0.5345806679878728
0	-0.45	0.2584755031851285
0	-0.45	0.23882894280228484
0	-0.6	0.4736895501396334
0	-0.6	0.44671878810139287
0	-0.55	0.35188298653887823
0	-0.65	0.49616519834996886
0	-0.4	0.2850649012229766
0	-0.6	0.3513908285223093
0	-0.65	0.47261627976998294
0	-0.55	0.2685603994659338
0	-0.65	0.5271938745793497
0	-0.65	0.5003028843915442
0	-0.45	0.2175199908732872
0	-0.6	0.45492725870762724
0	-0.45	0.17917489085507715
0	-0.5	0.33079407882063694
0	-0.65	0.5282282605249594
0	-0.55	0.32181383447680145
0	-0.45	0.22906843196336069
0	-0.65	0.5484727834849739
0	-0.7	0.6359626421410589
0	-0.55	0.270954578061805
0	-0.55	0.3459254051194518
0	-0.5	0.26703284866342736
0	-0.5	0.2088308337335445
0	-0.55	0.34064048425545745
0	-0.6	0.45684221186315266
0	-0.45	0.17454171952926278
0	-0.5	0.3304335494290671
0	-0.55	0.3024205106477862
0	-0.65	0.5097465393132415
0	-0.4	0.2642268543234856
0	-0.45	0.259870696990028
0	-0.45	0.22213709723746183
0	-0.45	0.22809623863329107
0	-0.55	0.3048476885375409
0	-0.6	0.3842775081186714
0	-0.6	0.46244069872809634
0	-0.65	0.47912654329683146
0	-0.65	0.560714774377087
0	-0.7	0.603771199212418
0	-0.55	0.3548665158126152
0	-0.6	0.4201872854206137
0	-0.65	0.5177619161897633
0	-0.55	0.28966786088127827
0	-0.65	0.4959215172549261
0	-0.55	0.3652334076343989
0	-0.65	0.5189629890642761
0	-0.7	0.5900691896463449
0	-0.5	0.3237747793353261
0	-0.55	0.3402814051173992
0	-0.55	0.3139423750735796
0	-0.55	0.3291253493216378
0	-0.65	0.5826997535782021
0	-0.6	0.4274497987994766
0	-0.55	0.32974017665510064
0	-0.65	0.4946108554307032
0	-0.45	0.23911496629882362
0	-0.55	0.31431876577121315
0	-0.7	0.5299103116517134
0	-0.7	0.6239731434695565
0	-0.55	0.36567546219359964
0	-0.65	0.46218085550522175
0	-0.45	0.27488996719970965
0	-0.55	0.3985999250665845
0	-0.65	0.5223613433224374
0	-0.65	0.4513672022300556
0	-0.65	0.4701036346414328
0	-0.55	0.3287005137012442
0	-0.7	0.47871339036181526
0	-0.55	0.33093970776653764
0	-0.65	0.40590254394946196
0	-0.55	0.35179963586175467
0	-0.7	0.5286807732741126
0	-0.6	0.5380189395863689
0	-0.55	0.29922877288587657
0	-0.75	0.5881473280941313
0	-0.55	0.38018650729812836
0	-0.55	0.32569985719568434
0	-0.65	0.4509862613486326
0	-0.65	0.5237337075599724
0	-0.65	0.45025668932067614
0	-0.6	0.3878183038341486
0	-0.5	0.31226142120534045
0	-0.4	0.2333946707493074
0	-0.7	0.5100267454280382
0	-0.7	0.6328086405857255
0	-0.6	0.3667232211768012
0	-0.6	0.4289448198007933
0	-0.45	0.21200972849999142
0	-0.55	0.3941607507126029
0	-0.45	0.23769971161949122
0	-0.6	0.4279297089467986
0	-0.6	0.41070063412100233
0	-0.65	0.4600282370389059
0	-0.5	0.25935178559574446
0	-0.7	0.5384779137825559
0	-0.5	0.3157435851675242
0	-0.6	0.44988396564687616
0	-0.65	0.5674823424697482
0	-0.7	0.5801240028653324
0	-0.65	0.3870657195165317
0	-0.5	0.2416398065720889
0	-0.45	0.27542048064675445
0	-0.65	0.5434710929635528
0	-0.7	0.6338015003751786
0	-0.4	0.2320741982434937
0	-0.7	0.5132426816558999
0	-0.6	0.4052714975330545
0	-0.7	0.5609218837778963
0	-0.5	0.3022035574657368
0	-0.65	0.5005588806597606
0	-0.5	0.19495371538716447
0	-0.55	0.3121034568165246
0	-0.7	0.49081781667170193
0	-0.75	0.5907568451148744
0	-0.5	0.21955364309142011
0	-0.6	0.39548331408036214
0	-0.7	0.5474248375460479
0	-0.6	0.40451503652140252
0	-0.55	0.30618774338521204
0	-0.4	0.17042433159218248
0	-0.6	0.35625460673419085
0	-0.6	0.41307806791305807
0	-0.65	0.5123595999111594
0	-0.55	0.40627712103073643
0	-0.5	0.3048088804989938
0	-0.7	0.4998267585910494
0	-0.45	0.21029045101020472
0	-0.5	0.24269099674639982
0	-0.5	0.3084938130915388
0	-0.5	0.27840063034476276
0	-0.7	0.6030581643557595
0	-0.65	0.5329297269248224
0	-0.65	0.4435488747896473
0	-0.6	0.4489902053971264
0	-0.7	0.6147375149910321
0	-0.75	0.6376574641286255
0	-0.6	0.36091409102600625
0	-0.65	0.45167971503225146
0	-0.7	0.5686566561105524
0	-0.7	0.647837462580687
0	-0.6	0.4230028016897964
0	-0.7	0.49658343099644964
0	-0.6	0.3611978542756318
0	-0.75	0.7030470951089611
0	-0.55	0.34151345481480017
0	-0.6	0.46496301735742745
0	-0.7	0.5422063251958599
0	-0.6	0.4542602751200127
0	-0.75	0.5830535416274151
0	-0.6	0.41124886696081664
0	-0.7	0.5898654380277957
0	-0.65	0.5500297002264122
0	-0.7	0.5848713913396685
0	-0.75	0.5994138998589827
0	-0.6	0.45537446701800044
0	-0.7	0.6077144811874972
0	-0.5	0.18839472733581167
0	-0.6	0.37002442084849246
0	-0.6	0.4251119301352347
0	-0.5	0.3592630059909046
0	-0.6	0.35456153909777616
0	-0.7	0.5812122352010923
0	-0.7	0.5673139112974127
0	-0.75	0.6751409824898396
0	-0.6	0.4083348706835779
0	-0.7	0.5309276447420681
0	-0.6	0.39760289144943395
0	-0.6	0.5145340322971814
0	-0.75	0.6276171750451305
0	-0.8	0.7903803072637214
0	-0.6	0.4830663719969712
0	-0.65	0.43901127117227656
0	-0.6	0.4269788508612861
0	-0.6	0.4472035788345476
0	-0.7	0.5171157262536413
0	-0.7	0.6118661602741305
0	-0.7	0.6227835569904228
0	-0.55	0.3301158671316579
0	-0.65	0.4903270913288965
0	-0.45	0.20900716104088313
0	-0.75	0.6338184182997646
0	-0.75	0.5758693771636747
0	-0.65	0.5187811448175061
0	-0.65	0.5063842036884597
0	-0.5	0.2921836847804508
0	-0.6	0.39367213667198764
0	-0.5	0.3333267070713263
0	-0.65	0.5187923070385889
0	-0.7	0.636515058980909
0	-0.55	0.2736297862408916
0	-0.75	0.6269881532668461
0	-0.75	0.6387712812141183
0	-0.65	0.49830728455058154
0	-0.7	0.6410693900965256
0	-0.55	0.40379479472768026
0	-0.65	0.44235362290714175
0	-0.7	0.5209618239594708
0	-0.65	0.4829846630868792
0	-0.55	0.38135724484651706
0	-0.5	0.2524237897254365
0	-0.7	0.6366990812722119
0	-0.75	0.6700237426215668
0	-0.75	0.5858222342931627
0	-0.45	0.23898404648487023
0	-0.55	0.32395864469887936
0	-0.75	0.5869300292967917
0	-0.7	0.4855933980095709
0	-0.65	0.46946929013566296
0	-0.55	0.43810810792716404
0	-0.6	0.4329097124770559
0	-0.75	0.6056643768748821
0	-0.8	0.6836847048092253
0	-0.55	0.323190095604687
0	-0.75	0.6401595848018566
0	-0.65	0.5640011215880264
0	-0.6	0.40685714263230754
0	-0.6	0.3971178777484635
0	-0.45	0.21814975334683362
0	-0.65	0.5087601386231655
0	-0.65	0.4882681159483035
0	-0.65	0.4434021215389207
0	-0.7	0.6037369579158566
0	-0.6	0.406593790302351
0	-0.75	0.6753789128501424
0	-0.55	0.2636511006751765
0	-0.5	0.29402810582692757
0	-0.65	0.48375526468828534
0	-0.55	0.3723905811257042
0	-0.75	0.699633072336274
0	-0.7	0.5188356785832005
0	-0.55	0.3708989929519066
0	-0.55	0.38370037498750315
0	-0.7	0.5372317770165647
0	-0.75	0.6300734982071607
0	-0.65	0.5115424646097787
0	-0.8	0.6806268494622209
0	-0.65	0.42968134092214466
0	-0.75	0.6121864019576814
0	-0.75	0.6161579233356698
0	-0.7	0.5455096985261302
0	-0.65	0.5192907760780562
0	-0.75	0.6636835301413235
0	-0.65	0.4736749574284213
0	-0.8	0.6673393485884481
0	-0.6	0.41066235632637366
0	-0.65	0.530426041521765
0	-0.75	0.6372258603512451
0	-0.8	0.7158415862209181
0	-0.75	0.6534725700739279
0	-0.75	0.5976838493570372
0	-0.65	0.4623211240344603
0	-0.75	0.6953037040741544
0	-0.8	0.8036240328945541
0	-0.65	0.5034193652112001
0	-0.7	0.5726509415373016
0	-0.65	0.47186671610128905
0	-0.65	0.5051546272809962
0	-0.55	0.2626375768954979
0	-0.65	0.5409982384852832
0	-0.55	0.26022807700995954
0	-0.65	0.5323726183507548
0	-0.75	0.6827469566003538
0	-0.75	0.5315340443994787
0	-0.8	0.7601325599092952
0	-0.65	0.4758607758813111
0	-0.75	0.6275129534748843
0	-0.65	0.4860436163420315
0	-0.65	0.44557677328082934
0	-0.85	0.8520769978351503
0	-0.8	0.7346741589465219
0	-0.65	0.4353017951801809
0	-0.7	0.5039301244603174
0	-0.65	0.49581249429880564
0	-0.65	0.4848345850164802
0	-0.75	0.4877500814409402
0	-0.75	0.6928905744361482
0	-0.6	0.47791100078197946
0	-0.75	0.5945630892040012
0	-0.7	0.589412711473039
0	-0.8	0.7665955922199652
0	-0.8	0.7241015030263696
0	-0.5	0.3124864976640321
0	-0.7	0.5479425340111675
0	-0.7	0.5972914434792885
0	-0.55	0.4575331876304128
0	-0.65	0.5461849633069479
0	-0.8	0.7491426846738821
0	-0.75	0.591521962527268
0	-0.6	0.3598514335046698
0	-0.7	0.5468426896377074
0	-0.8	0.7851559423146062
0	-0.55	0.37309081570429076
0	-0.75	0.6393822986613988
0	-0.7	0.6431172641637162
0	-0.6	0.45069845028633254
0	-0.7	0.577118113269416
0	-0.75	0.6476707788238873
0	-0.7	0.5476024459672051
0	-0.6	0.4888439115327947
0	-0.75	0.5752526781241737
0	-0.55	0.2826776262272392
0	-0.8	0.7094253833377911
0	-0.8	0.6763254581493111
0	-0.6	0.33303606895552035
0	-0.75	0.6148629767351071
0	-0.8	0.6836729413205164
0	-0.5	0.1903785612758984
0	-0.6	0.400499922743981
0	-0.65	0.4484802327451037
0	-0.7	0.5972576752800471
0	-0.8	0.6577329954250934
0	-0.85	0.8479123357032283
0	-0.8	0.623144775102982
0	-0.6	0.4663075696681242
0	-0.7	0.5323321226902717
0	-0.65	0.548537374485949
0	-0.65	0.4938817800585844
0	-0.5	0.30041206883663
0	-0.7	0.5202227892725746
0	-0.7	0.5474071269922124
0	-0.75	0.5900027959902776
0	-0.65	0.47729428787889705
0	-0.7	0.4963935742301974
0	-0.8	0.7257767752106388
0	-0.6	0.396709157063413
0	-0.55	0.3244119290850253
0	-0.6	0.4683040847286818
0	-0.7	0.5556456971663214
0	-0.8	0.6668406498901125
0	-0.75	0.508066160722487
0	-0.75	0.6348345611874393
0	-0.6	0.38915143539346153
0	-0.8	0.6802537991163544
0	-0.6	0.3154054182753538
0	-0.7	0.5628853828036647
0	-0.85	0.8572130970185505
0	-0.7	0.5479270858741976
0	-0.8	0.7704446739518603
0	-0.8	0.7622901390931186
0	-0.8	0.7399879038410246
0	-0.7	0.5447580963073937
0	-0.75	0.6935313732359232
0	-0.85	0.7924381085867336
0	-0.7	0.5901409261274606
0	-0.65	0.5025218247689707
0	-0.85	0.7917515907610567
0	-0.8	0.6977493727762987
0	-0.8	0.7336766228279542
0	-0.7	0.5635485368575938
0	-0.8	0.6582071944050534
0	-0.8	0.7774098252924136
0	-0.85	0.8771486562317851
0	-0.7	0.5332949822773477
0	-0.7	0.5459250525649653
0	-0.7	0.49497869077987405
0	-0.75	0.6202283004795689
0	-0.7	0.5941467872381766
0	-0.6	0.39293276291928236
0	-0.6	0.43792678334698154
0	-0.7	0.5691443754627069
0	-0.85	0.8603939476994865
0	-0.8	0.8138518159014324
0	-0.7	0.5576155117640746
0	-0.8	0.7097701159693312
0	-0.8	0.8273262620921583
0	-0.7	0.5273940704970765
0	-0.9	0.9067278849459901
0	-0.7	0.5395876552563748
0	-0.85	0.7625173559204378
0	-0.7	0.5522182164090871
0	-0.7	0.5844777662741016
0	-0.7	0.6016257021466218
0	-0.7	0.5107663216148729
0	-0.75	0.6877064060406572
0	-0.8	0.7780967499443743
0	-0.8	0.648885392268006
0	-0.65	0.46126826309332275
0	-0.8	0.6315466181011454
0	-0.75	0.5849866806793399
0	-0.85	0.84232748081251
0	-0.85	0.7385161325102637
0	-0.75	0.5347427638875207
0	-0.55	0.4069708431558589
0	-0.75	0.592300775665081
0	-0.85	0.8205635627484353
0	-0.6	0.3985830771470652
0	-0.65	0.5275253067585037
0	-0.7	0.5742081833342982
0	-0.8	0.7497572381661722
0	-0.85	0.9208669737645776
0	-0.75	0.6343142746684916
0	-0.8	0.7638197898337642
0	-0.65	0.4804317050495911
0	-0.6	0.39769403622297617
0	-0.75	0.5953804363319096
0	-0.8	0.6946699328005811
0	-0.75	0.6218585632466702
0	-0.75	0.6835082573119646
0	-0.65	0.5029703744662303
0	-0.8	0.7580236409865558
0	-0.6	0.38053478793159434
0	-0.85	0.797975304770783
0	-0.85	0.8166028777894536
0	-0.65	0.46211056070755363
0	-0.8	0.6512812987915584
0	-0.85	0.7415102852049634
0	-0.65	0.45824181445794776
0	-0.75	0.7248175509162864
0	-0.55	0.36544420344897727
0	-0.85	0.8789837131460881
0	-0.9	0.90191342942729
0	-0.85	0.7894789547405033
0	-0.65	0.44379902039016683
0	-0.75	0.5921635747765803
0	-0.7	0.5437341094046354
0	-0.7	0.5830286590036143
0	-0.55	0.34438561944552526
0	-0.75	0.6063555963673192
0	-0.7	0.5679721554024222
0	-0.8	0.7093007262949435
0	-0.75	0.6394006172050642
0	-0.85	0.8470589262906627
0	-0.75	0.6519841257819666
0	-0.65	0.4918540402216131
0	-0.85	0.8323646793212083
0	-0.65	0.49332110272762597
0	-0.6	0.44825174448219296
0	-0.75	0.641597270537136
0	-0.8	0.7597781129008947
0	-0.8	0.6560263606834774
0	-0.85	0.8402833180982088
0	-0.65	0.5049744283602777
0	-0.9	0.9367769627661743
0	-0.65	0.5069093778842072
0	-0.75	0.5955954861781234
0	-0.85	0.8062569180043025
0	-0.75	0.5930909662817582
0	-0.85	0.8941085457780059
0	-0.85	0.8096116534975707
0	-0.75	0.6408551154804208
0	-0.8	0.7623094735196004
0	-0.9	0.866687840401827
0	-0.7	0.5774512065127515
0	-0.75	0.7168837969212202
0	-0.9	0.8999374897063205
0	-0.85	0.8171697949665666
0	-0.85	0.83166212210747
0	-0.85	0.894287714479001
0	-0.75	0.6282626173309476
0	-0.85	0.850703853268017
0	-0.9	0.9783191892224963
0	-0.75	0.5283615907368019
0	-0.75	0.7081305483918756
0	-0.8	0.7553634799923648
0	-0.75	0.6632158391180422
0	-0.65	0.3959622258129889
0	-0.75	0.6190872544062272
0	-0.65	0.40590597165658365
0	-0.9	0.9278790483478405
0	-0.75	0.6236639655496521
0	-0.85	0.7996647179438784
0	-0.85	0.8621596608699238
0	-0.95	1.0361513467217685
0	-0.75	0.6011011099301535
0	-0.85	0.8377564229470975
0	-0.75	0.5939578523485337
0	-0.9	0.8554070535465399
0	-0.75	0.5709564419491416
0	-0.75	0.639652425761938
0	-0.75	0.580515295376926
0	-0.85	0.8195646190829261
0	-0.8	0.7735431546210307
0	-0.7	0.5253794229673245
0	-0.75	0.6042634278178797
0	-0.85	0.8135433075263069
0	-0.75	0.6030813123464538
0	-0.85	0.8319613423744467
0	-0.8	0.6956951497576107
0	-0.9	0.8820773996614572
0	-0.9	0.9033878433516522
0	-0.8	0.7933098592206057
0	-0.9	0.959789318496035
0	-0.8	0.7570604084030677
0	-0.65	0.5316868365690665
0	-0.6	0.4500575173385062
0	-0.7	0.4882105451685196
0	-0.85	0.9222180041836501
0	-0.9	0.9218170909657002
0	-0.75	0.589344763085705
0	-0.85	0.8636175782768821
0	-0.8	0.7647432456610556
0	-0.7	0.5261248883888684
0	-0.65	0.4698880948400542
0	-0.8	0.6700481539090127
0	-0.85	0.8371068298936624
0	-0.8	0.6910633086399469
0	-0.8	0.7021036767428218
0	-0.85	0.8257703399629194
0	-0.7	0.5533175394675222
0	-0.9	0.9512353868350305
0	-0.65	0.40513898515411784
0	-0.7	0.60590532346642
0	-0.9	0.9777805403736015
0	-0.85	0.8102684046117908
0	-0.75	0.6170520261973628
0	-0.9	0.9030964665540672
0	-0.7	0.5531274493827846
0	-0.95	1.067188752929892
0	-0.9	0.9085420933991296
0	-0.8	0.7204301424181765
0	-0.6	0.36864661830167883
0	-0.9	0.8748007153650516
0	-0.7	0.48318063632405767
0	-0.75	0.6128023281016015
0	-0.8	0.8329997848070179
0	-0.75	0.6345658074127863
0	-0.6	0.45387474370704717
0	-0.8	0.7023017403308235
0	-0.75	0.7134727018635586
0	-0.9	0.9632924966103015
0	-0.85	0.8533717187678984
0	-0.8	0.6717314784000027
0	-0.8	0.8315424859905032
0	-0.7	0.615588578060109
0	-0.9	0.9057347050492159
0	-0.7	0.62097460270768
0	-0.85	0.8379059087016785
0	-0.65	0.4840653294865005
0	-0.85	0.7267166347048535
0	-0.8	0.7274361746594045
0	-0.9	0.8963738461288865
0	-0.7	0.5442454350567286
0	-0.95	1.0247482122008544
0	-0.9	0.8644568887567802
0	-0.8	0.767815638420258
0	-0.9	0.9514237624150819
0	-0.8	0.7114970690952984
0	-0.9	0.8714489261873651
0	-0.7	0.5525145455896815
0	-0.8	0.7319881536719169
0	-0.85	0.8382344540457622
0	-0.95	0.9623699881647247
0	-0.75	0.6419889216954546
0	-0.95	0.894723364470623
0	-0.9	0.9095401480162516
0	-0.8	0.6249434297227838
0	-0.9	0.8925697652627647
0	-0.9	0.9179818607989306
0	-0.8	0.6713078606616085
0	-0.9	0.9440025233179022
0	-0.95	0.9931255633860958
0	-0.8	0.7262914167231266
0	-0.85	0.8201670618931146
0	-0.8	0.8160302549856809
0	-0.8	0.7368583888378438
0	-0.7	0.5236181509232027
0	-0.95	1.0142949521916735
0	-0.8	0.7741854103978097
0	-0.7	0.5643457641350246
0	-0.9	0.8851988311246718
0	-1.0	1.0916378843792425
0	-0.8	0.7867182191588388
0	-0.9	0.9865790724153958
0	-0.9	0.9374910536979577
0	-0.95	0.9525644536113966
0	-0.8	0.6282079294785294
0	-0.8	0.8018494844810057
0	-0.8	0.7915091812053173
0	-0.8	0.7029555230248091
0	-0.8	0.7637224589910305
0	-0.9	1.0152266814600672
0	-0.75	0.6224334704464906
0	-0.9	0.8700017809837091
0	-0.85	0.8193406736754913
0	-0.8	0.7100497085648146
0	-0.8	0.6621239013828432
0	-0.9	1.0125775930822083
0	-0.85	0.8694538313737035
0	-0.95	1.0779685377945452
0	-0.95	0.9894651688382654
0	-0.95	0.951448528915124
0	-0.85	0.8349510345194532
0	-0.85	0.8242716155448485
0	-0.7	0.5521441907544488
0	-0.9	0.9128353524250818
0	-0.95	1.1126104434242232
0	-0.75	0.6454866809254921
0	-0.8	0.8002120231145936
0	-0.9	0.9608939061301119
0	-0.65	0.5470186790079468
0	-0.85	0.8242081390489466
0	-0.75	0.6539353389939412
0	-0.7	0.4444721784819321
0	-0.85	0.7368389595624405
0	-0.9	0.9623927243589679
0	-0.9	0.9693741297054356
0	-0.85	0.8279354106522337
0	-0.95	1.0746630473421006
0	-0.75	0.6740652444751677
0	-0.7	0.6067077826165999
0	-0.75	0.6278123681907797
0	-0.9	0.8800693961349458
0	-0.95	1.0482234585416232
0	-0.8	0.6229308795296725
0	-1.0	1.173984783930886
0	-0.95	1.0217718336080484
0	-0.75	0.611060800061953
0	-0.95	1.0738258615210323
0	-0.85	0.8222611083230275
0	-0.65	0.5224691490001839
0	-0.95	0.9392258126259415
0	-0.8	0.6762511980581842
0	-0.75	0.6476719573091876
0	-0.85	0.7850063292516025
0	-0.65	0.4500160716512286
0	-0.8	0.6925529370265138
0	-0.85	0.7394819907487117
0	-0.95	1.1170633064693807
0	-0.8	0.747320659714604
0	-0.9	0.9800903388622058
0	-0.85	0.8354762289766408
0	-0.95	1.057213926292257
0	-0.75	0.6259648480498593
0	-0.85	0.7755832485389761
0	-0.9	0.9921860643299085
0	-0.75	0.6321480823105755
0	-0.9	0.9043592117660061
0	-0.7	0.5236965225468785
0	-0.85	0.8052848530678088
0	-0.95	1.0461466410177669
0	-0.75	0.6201928780082563
0	-1.0	1.140831716387059
0	-0.95	0.9835581022545961
0	-0.95	1.1071220432186015
0	-0.95	0.9964221665428005
0	-0.85	0.7924025749974402
0	-0.85	0.8484161414176431
0	-0.85	0.7882358003790454
0	-0.9	0.8550409090563404
0	-0.75	0.6896421970411835
0	-1.0	1.0691785508121676
0	-0.8	0.6827066069533599
0	-1.0	1.114714128352497
0	-0.95	1.0262185064516436
0	-0.95	1.0039881735636715
0	-0.95	1.0435489363823933
0	-0.85	0.7165352174855193
0	-0.85	0.7633196501297972
0	-1.0	1.099862641030556
0	-0.95	1.0924382704365316
0	-0.85	0.902116852714785
0	-1.0	1.1589043229747265
0	-0.9	0.9207364862241607
0	-0.85	0.862381896113912
0	-0.85	0.9515903505940234
0	-0.75	0.5939969529304483
0	-0.85	0.8297972878661625
0	-0.75	0.6991047444596584
0	-1.05	1.2072636584969954
0	-0.95	0.980640547391088
0	-0.95	0.9463631284772149
0	-1.0	1.1820325351120715
0	-0.85	0.8896518966662379
0	-0.95	1.0593926232205604
0	-0.85	0.8340039144788763
0	-0.85	0.7857259597555356
0	-0.85	0.7232876598688089
0	-0.85	0.7656168354108339
0	-0.8	0.7234153061875042
0	-0.95	0.9322267782362018
0	-0.85	0.7814166346915772
0	-0.95	1.1036584260926114
0	-0.95	1.0678696930470413
0	-0.9	0.9103641757916053
0	-0.9	0.9234220670870007
0	-0.85	0.7727627397499579
0	-0.85	0.8766486518143408
0	-1.0	1.1088197094489023
0	-1.0	1.0248935941303081
0	-1.0	1.1108294521026105
0	-0.9	0.8800329062520927
0	-0.75	0.6592266377836342
0	-0.9	0.9637352626373051
0	-1.0	1.1122540517567248
0	-0.95	0.9153997694886763
0	-0.8	0.7115564003426719
0	-0.95	0.9912361466980155
0	-0.85	0.7752643242915164
0	-0.7	0.5537112892364608
0	-0.9	0.9025617177420262
0	-0.8	0.6447301198149317
0	-0.75	0.5896522135961145
0	-0.95	1.108030313037793
0	-0.9	0.9519543303645505
0	-0.95	0.98867616198207
0	-1.0	1.1491239208285124
0	-0.9	0.9023038892574188
0	-0.9	0.90982101450282
0	-0.8	0.6682194397003621
0	-0.8	0.7265513918283522
0	-0.75	0.5374320668491135
0	-1.05	1.2006828467516768
0	-0.95	0.9980721610192373
0	-1.0	1.1439144254616507
0	-0.85	0.767476274259305
0	-0.8	0.7244134300914977
0	-1.0	1.0168878982970844
0	-1.0	1.1807349120313577
0	-0.9	0.9098086812953524
0	-1.0	1.0814494810325246
0	-0.7	0.6406189244542394
0	-0.85	0.7631167316292238
0	-0.8	0.5937951303600951
0	-0.9	0.9633508616504362
0	-0.85	0.8023495323481172
0	-0.7	0.6288440084022785
0	-0.9	0.8736592849937316
0	-1.0	1.0935730684311067
0	-0.85	0.7912030526005719
0	-0.95	1.030864038254479
0	-0.9	1.016007821345181
0	-1.0	1.0715630750333731
0	-0.95	1.0549801457464785
0	-0.8	0.6703976052242139
0	-0.8	0.7916029221237871
0	-0.95	0.9376621672277414
0	-0.9	0.9369846737991893
0	-0.75	0.6322567226295693
0	-1.0	1.006091478146105
0	-1.05	1.3179651944854083
0	-0.8	0.6721917479268273
0	-0.9	0.9115752616561491
0	-1.0	1.1249662077958285
0	-1.0	1.112690850841348
0	-1.0	1.102910855696649
0	-0.9	0.9950976779675891
0	-0.9	0.8779990742632874
0	-0.9	0.9994931109636472
0	-0.95	1.0238986498872857
0	-1.05	1.256914699364012
0	-0.85	0.8069514686783658
0	-1.05	1.3209551124612489
0	-0.8	0.7624577504668382
0	-1.0	1.03789430220054
0	-1.0	1.124501719524556
0	-1.0	1.1338746390688144
0	-1.05	1.4045577215001903
0	-0.9	0.8821308115495231
0	-0.9	0.8790739604262292
0	-1.0	1.147640911377968
0	-1.05	1.2266334507766707
0	-0.9	0.8414747645120835
0	-0.95	0.9653442152986397
0	-1.1	1.2810154223060766
0	-0.9	0.8456757512540323
0	-0.9	0.8781902559196254
0	-0.8	0.6778522276509792
0	-0.8	0.6622682520895096
0	-0.9	0.9120174696809814
0	-1.0	1.1698509265600114
0	-1.05	1.2356563688833968
0	-1.0	1.1217067383519386
0	-1.0	1.1212799606903059
0	-0.9	0.8883966110570848
0	-0.9	0.8444174743753894
0	-0.9	0.8984691343923337
0	-0.9	0.9929594572515789
0	-0.9	1.0289126489422735
0	-0.85	0.8543628380161403
0	-1.0	1.146519605210846
0	-0.9	0.8910530908980788
0	-1.0	1.0546925549927006
0	-0.95	1.0068373791679748
0	-0.95	1.0509258385659572
0	-0.9	1.0605493461007858
0	-0.9	0.9189490219822055
0	-1.05	1.1657071760124318
0	-1.05	1.223516196271911
0	-1.05	1.1897049507012658
0	-0.95	1.026896480133617
0	-0.8	0.7034055731250939
0	-1.05	1.2681514388630675
0	-1.0	1.0714265019605957
0	-0.95	0.9338722129893885
0	-0.85	0.7403639955339734
0	-1.0	1.1092159308586451
0	-0.9	0.9235780925844729
0	-0.95	0.9889924700259356
0	-0.85	0.8764738453340037
0	-0.75	0.6295077252898468
0	-0.8	0.8016700390187131
0	-1.0	1.1676802984983004
0	-1.05	1.2682366055613963
0	-1.0	1.2088829936848489
0	-0.95	1.0059004668424445
0	-0.95	0.9920564657715263
0	-0.95	1.0417117502822528
0	-0.85	0.8221877413704043
0	-1.1	1.3608814329665013
0	-0.85	0.8081225052262262
0	-1.0	1.1306839287941843
0	-0.8	0.714625488804245
0	-0.9	0.8532665689148883
0	-1.05	1.2987756989324049
0	-0.85	0.8059227105182029
0	-1.05	1.1879281023740396
0	-1.05	1.2455302052983594
0	-0.95	1.0024017087217374
0	-1.05	1.2574811577918965
0	-0.9	0.9645186754915942
0	-0.75	0.6158632230311657
0	-0.85	0.8473965223432703
0	-0.95	0.9938264248364772
0	-0.9	0.8742433444492721
0	-0.75	0.6977393325122705
0	-0.95	0.9979802063047254
0	-1.05	1.2618492755892505
0	-0.9	0.9037008513703446
0	-1.0	1.166143245269639
0	-0.95	1.0464086761001472
0	-1.05	1.3048364125287752
0	-1.0	1.147303979734138
0	-0.85	0.9337342959717433
0	-0.85	0.8382651730604468
0	-1.0	1.1938217572667613
0	-1.05	1.2386659861379992
0	-1.1	1.2985003256739978
0	-0.8	0.7311738689829329
0	-0.95	1.0002914065529258
0	-0.85	0.8208089702817706
0	-1.05	1.2869838788028307
0	-1.05	1.283483237169714
0	-0.95	1.004946165838026
0	-1.05	1.20717532588187
0	-0.95	1.0196791125306222
0	-0.95	1.0010700816441194
0	-0.9	0.8973477956584779
0	-1.0	1.0787166324068655
0	-0.95	1.0404039445845048
0	-1.1	1.454823765129588
0	-1.1	1.2660170675607827
0	-1.05	1.3202083412103816
0	-0.85	0.83370646126558
0	-1.05	1.2600744117057852
0	-1.05	1.2276453635144235
0	-1.1	1.31683965373343
0	-1.05	1.2104720409512193
0	-0.95	1.0264442445821274
0	-0.95	1.0636950665204643
0	-1.1	1.3441092960993593
0	-1.15	1.4324920407345767
0	-0.95	1.034134466655406
0	-1.0	1.202496898489697
0	-0.95	1.0134071760406609
0	-0.95	0.9672570633001369
0	-0.85	0.7243147188342535
0	-1.1	1.2711462926923114
0	-0.85	0.7473038848826984
0	-1.05	1.2127520975564867
0	-1.05	1.2249881938200788
0	-0.95	1.0070798888514312
0	-1.05	1.251443285274923
0	-0.95	0.9679174308152054
0	-0.95	1.0751647725085705
0	-0.95	1.0169386659234003
0	-0.9	0.9248903210262532
0	-0.95	1.1031732204305051
0	-1.05	1.2341014459191186
0	-0.95	0.9811313592364796
0	-0.95	1.0046970354239482
0	-1.05	1.2868936640573834
0	-1.05	1.2853409856757378
0	-1.0	1.2514699764394999
0	-1.1	1.401716167678773
0	-1.0	1.0977055312140676
0	-1.1	1.3873930716985432
0	-0.95	0.9929458006375619
0	-0.95	1.058846882128916
0	-1.1	1.3616427681000458
0	-1.0	1.1877785237355547
0	-1.1	1.3221094872608277
0	-1.05	1.2566699192143136
0	-0.85	0.8199223306222349
0	-0.9	0.9885706191478245
0	-1.05	1.2469369105673223
0	-1.0	1.1024650112577548
0	-0.95	1.0078602139524004
0	-1.0	1.1103239449046665
0	-0.9	0.8485074774351231
0	-0.8	0.7107492828620803
0	-1.1	1.3529751635185496
0	-1.05	1.2476055731987805
0	-1.05	1.2069600218185133
0	-0.85	0.8384760258876905
0	-1.0	1.0333959997154343
0	-1.15	1.5373210557803647
0	-1.0	1.0941749697353251
0	-1.0	1.1874861025180534
0	-0.9	0.9395250644466244
0	-1.05	1.3195339456319362
0	-0.95	1.0427493619197703
0	-0.9	0.876797149904666
0	-1.1	1.3633808155036011
0	-0.9	0.8261698009364246
0	-0.85	0.8385078154901677
0	-1.1	1.3646563173536033
0	-1.1	1.310372074021152
0	-0.95	0.9833415383126886
0	-1.1	1.3781407410750888
0	-1.0	1.116861631526395
0	-0.8	0.6602600194033152
0	-0.9	1.0126685437747025
0	-1.0	1.1965141876995875
0	-0.95	0.9930461744886695
0	-0.8	0.6760525077150328
0	-1.1	1.3513510083009541
0	-1.0	1.2219139660496012
0	-0.95	0.9831171766354516
0	-1.05	1.2352657952420845
0	-1.1	1.3346755033489814
0	-1.05	1.2107497571567558
0	-1.0	1.0634513044423821
0	-0.9	0.958042639578283
0	-1.05	1.3729741894536402
0	-0.9	0.9136068364756623
0	-1.15	1.5106316308339536
0	-1.1	1.2738318397489476
0	-1.1	1.384776654524125
0	-0.9	0.9195850850412911
0	-1.1	1.3797208884659733
0	-0.85	0.8160415404975859
0	-1.0	1.1205408756507156
0	-1.1	1.4472740796799264
0	-1.0	1.0329086738701043
0	-1.0	1.059892101919632
0	-1.0	1.2044709684490904
0	-1.15	1.5416880313711672
0	-0.95	1.0987185439200295
0	-1.15	1.5361788448855611
0	-1.1	1.3555120146691808
0	-1.05	1.1902904587248486
0	-1.0	1.0224015614502926
0	-1.1	1.2735650483209593
0	-0.9	0.909768442122038
0	-1.1	1.352456331060926
0	-1.15	1.369135970868776
0	-1.1	1.2685429741496148
0	-1.0	1.1326910363754443
0	-1.15	1.6347128912328786
0	-1.0	1.0916154470511163
0	-1.2	1.6605937021680466
0	-1.0	1.0923402319872433
0	-1.05	1.259740405918971
0	-1.0	1.143932138719112
0	-1.15	1.5313433960129106
0	-1.0	1.1732372855364415
0	-1.1	1.366882503052282
0	-1.1	1.4048002771539219
0	-0.9	0.8321077907138601
0	-0.9	0.8399799193758118
0	-1.0	1.2213547882546318
0	-1.0	1.1212982033514935
0	-1.0	1.0687117639008006
0	-1.1	1.4140438739000685
0	-1.0	1.1692689262325913
0	-0.95	0.9862607853866469
0	-1.1	1.436985744377645
0	-1.0	1.1543139080320375
0	-1.0	1.132290562316769
0	-1.0	1.2748303324983346
0	-1.1	1.406536803168944
0	-1.1	1.3167494732663696
0	-1.15	1.4613741853172204
0	-1.05	1.2421932710725294
0	-1.05	1.2362230519044373
0	-1.15	1.5360128823180144
0	-1.0	1.171495114848898
0	-1.0	1.0576997780032478
0	-1.15	1.4060288261276461
0	-1.05	1.2996290510232762
0	-1.15	1.5029989261575514
0	-1.1	1.309540791210831
0	-0.9	0.8186260483197906
0	-1.1	1.3302501665736548
0	-0.95	1.043813200096987
0	-1.05	1.2572366342485386
0	-1.0	1.1924081210878703
0	-1.05	1.2462929354961185
0	-0.95	1.0594803093026302
0	-1.15	1.5436787515942438
0	-1.1	1.3050704141495337
0	-0.85	0.8033498832699191
0	-1.2	1.6351684430257578
0	-1.1	1.3167388006329162
0	-0.9	0.972524885172261
0	-0.95	0.9829069364470171
0	-1.05	1.2226550495681092
0	-1.05	1.279959389153443
0	-1.1	1.409196767826249
0	-1.05	1.2180582630561727
0	-1.0	1.186125353274464
0	-0.95	1.0076279457763975
0	-1.15	1.4391468431203975
0	-0.95	0.9755421810680592
0	-1.15	1.5734917434964697
0	-0.9	0.8778295892955839
0	-1.15	1.3796447561476022
0	-1.0	1.1226193371937057
0	-1.15	1.535657035575014
0	-1.05	1.2002978003299436
0	-0.95	1.0314703024990934
0	-0.85	0.7986046942039768
0	-1.0	1.1930974615899643
0	-1.05	1.2744701383174262
0	-0.85	0.7602472712275403
0	-1.15	1.5464362401025147
0	-1.0	1.0775665394474658
0	-1.05	1.227649311443877
0	-1.15	1.4944713438946733
0	-1.1	1.4484615052202487
0	-1.1	1.4986717622737735
0	-1.05	1.3523460392532916
0	-0.95	0.988896956433898
0	-1.1	1.2804299433074842
0	-1.15	1.5743856655070738
0	-1.2	1.5809681794287196
0	-0.95	0.9992528476675867
0	-1.15	1.494209132119636
0	-1.15	1.5094547044725408
0	-0.95	1.0245358619229055
0	-1.15	1.595733375111905
0	-0.9	0.8880111391407951
0	-1.05	1.220950630727384
0	-1.05	1.2504063495549647
0	-1.05	1.2372409124586703
0	-1.05	1.217936815483269
0	-1.2	1.5536922754328997
0	-1.15	1.522083443077639
0	-1.0	1.0868598776349454
0	-1.2	1.68114776960995
0	-1.1	1.3907160462616142
0	-1.15	1.4757064369855117
0	-1.05	1.1959569901731872
0	-1.15	1.4306235616114191
0	-0.95	0.9343953862955382
0	-1.2	1.7707307385094369
0	-1.15	1.4448202311120424
0	-1.05	1.210494379334463
0	-1.2	1.691305504634711
0	-1.25	1.7136413740346448
0	-1.05	1.286552140418522
0	-1.1	1.319572573615871
0	-1.05	1.2430776311740301
0	-1.2	1.5496616157724707
0	-1.15	1.5863944380618675
0	-1.05	1.2510973095342919
0	-1.15	1.5409776434686546
0	-0.95	1.0523786940714124
0	-1.05	1.2245549892587506
0	-0.95	1.0600077055206583
0	-1.05	1.2470536661311185
0	-1.05	1.1947613811178095
0	-1.05	1.3303393661696288
0	-1.15	1.5283291738944407
0	-1.0	1.1193852221937626
0	-1.15	1.4395044468646605
0	-1.05	1.1375660543742074
0	-1.2	1.6394837828438638
0	-1.05	1.1688375122841839
0	-1.05	1.1668883579363394
0	-1.15	1.5088155486983628
0	-1.15	1.455265013004741
0	-1.05	1.2735302212908408
0	-1.1	1.441417418967137
0	-1.2	1.5124220192010005
0	-1.1	1.4338006346463579
0	-1.05	1.2638128000364037
0	-1.05	1.227997537622713
0	-1.2	1.6501519858828142
0	-1.1	1.4086369067928866
0	-1.2	1.546621602367954
0	-1.15	1.4095822073564903
0	-1.15	1.4350576557456167
0	-0.95	1.023143501676916
0	-1.0	1.1681455415884379
0	-1.1	1.2740326662482253
0	-1.05	1.178032225567336
0	-1.1	1.3501872979764145
0	-1.0	1.2070494093197894
0	-1.2	1.6516837899135903
0	-1.25	1.6496211457972159
0	-1.15	1.5278028413298188
0	-1.15	1.5297896776875683
0	-0.9	0.9117242767109683
0	-1.0	1.0599957451105977
0	-0.95	1.0855917512612892
0	-1.1	1.3017860072626646
0	-1.15	1.5501059634197454
0	-1.1	1.3435695641289884
0	-1.1	1.284415189735804
0	-1.05	1.2393376194584313
0	-1.0	1.2314036208235055
0	-1.2	1.5674477472062425
0	-1.2	1.608318660803608
0	-1.2	1.5598193512392575
0	-1.0	1.0832575182829625
0	-0.95	0.9791192217623721
0	-1.05	1.130513173365077
0	-1.2	1.723102842551783
0	-1.1	1.3652739757459431
0	-1.0	1.2254467219239822
0	-0.9	0.9819450206146948
0	-1.05	1.266015734837448
0	-1.1	1.3694145761331924
0	-0.9	0.926940774315305
0	-1.2	1.7396993325481322
0	-1.05	1.31634689346347
0	-1.1	1.3549178037119298
0	-1.2	1.4996321298369029
0	-1.15	1.5112922721586752
0	-1.15	1.5490348449894689
0	-1.1	1.3181066489053594
0	-1.0	1.1840251713722292
0	-1.2	1.6500378527515343
0	-1.15	1.483404167385019
0	-1.25	1.6890005945831836
0	-1.2	1.636078797970195
0	-1.2	1.7159666374894125
0	-1.0	1.1100957042324269
0	-1.0	1.1442870316752116
0	-1.2	1.6407014526436494
0	-1.25	1.6952294814933089
0	-1.1	1.4071827014477665
0	-0.95	0.9991235245753202
0	-1.2	1.5540817874749209
0	-1.1	1.358856953449616
0	-1.05	1.2758645509456885
0	-1.1	1.4502804025435183
0	-1.25	1.7204136218096695
0	-1.1	1.5208673640674086
0	-1.15	1.553942184919695
0	-1.2	1.5809948712637645
0	-1.1	1.3629440643309396
0	-1.2	1.6923182429493748
0	-1.25	1.6952466785167937
0	-1.2	1.6040186608065201
0	-1.3	1.993424665805684
0	-1.25	1.7794088070152767
0	-1.0	1.1908693341343877
0	-1.1	1.4019487295992172
0	-1.1	1.3698478285937143
0	-1.25	1.8475802345945849
0	-1.15	1.5059140938102875
0	-1.1	1.3455970115145877
0	-1.2	1.6596585333192513
0	-1.2	1.72463696954018
0	-1.0	1.141149380128936
0	-1.1	1.3421262156011522
0	-1.0	1.105106774830264
0	-1.1	1.362558999490227
0	-1.1	1.424524803935243
0	-1.1	1.3360714772833315
0	-1.05	1.2123002804586063
0	-1.1	1.4331114339674842
0	-1.2	1.6788552585371663
0	-1.2	1.5734951469059668
0	-1.25	1.744850609191215
0	-1.1	1.334468665286543
0	-1.2	1.6697748040478126
0	-1.1	1.344235596622257
0	-1.2	1.6031545544309889
0	-1.15	1.5413992365793845
0	-1.1	1.390489220069978
0	-1.25	1.804319104917836
0	-1.15	1.5550651697095477
0	-1.1	1.2503460829089643
0	-1.1	1.3604504989730648
0	-1.25	1.8014922261291828
0	-1.15	1.5846980806801085
0	-1.25	1.7252869377142095
0	-1.2	1.7824362118888064
0	-1.2	1.6761412606417627
0	-1.0	1.0421530669187455
0	-1.05	1.2611502340816874
0	-1.15	1.3707759410013705
0	-1.1	1.3627296953621697
0	-1.3	1.9403389612584765
0	-1.25	1.7509146566653595
0	-1.15	1.5228266708490754
0	-1.05	1.1514960612833292
0	-1.2	1.6521990667424051
0	-1.2	1.6221662858600525
0	-1.05	1.2079615459553275
0	-0.95	1.179296615933447
0	-1.0	1.1053297349186906
0	-1.2	1.563733976487376
0	-1.15	1.5710246273655992
0	-1.1	1.323927520926606
0	-1.05	1.2027580581949104
0	-1.15	1.549371880448733
0	-1.15	1.5482476663978186
0	-1.25	1.7793999622645986
0	-1.25	1.7913429280657422
0	-1.25	1.7211010352091176
0	-1.1	1.3613152607675958
0	-1.0	1.1441482757926356
0	-1.05	1.172061190862234
0	-1.25	1.8034723259818901
0	-1.15	1.5738305550587675
0	-1.05	1.361204013689843
0	-0.95	0.9989776405680277
0	-1.1	1.4056037599104299
0	-0.95	0.9415378271628222
0	-1.15	1.5436101062931418
0	-1.25	1.8037564244397173
0	-1.1	1.4436840947143175
0	-1.25	1.7284815530906135
0	-1.15	1.4259922827779088
0	-1.2	1.681878956638084
0	-1.2	1.6253042748549689
0	-1.25	1.8012175287540737
0	-1.3	1.9314529028888112
0	-1.2	1.6985954078340488
0	-1.05	1.1815672020093575
0	-1.15	1.578489430706034
0	-1.25	1.7738298203051532
0	-1.25	1.6992074828786023
0	-1.25	1.800714841934814
0	-1.05	1.335095969617152
0	-1.05	1.237885733496659
0	-1.3	2.0138670849782025
0	-1.25	1.7642090332655143
0	-1.15	1.5400943166598007
0	-1.1	1.3386800263450043
0	-1.15	1.5215794390011406
0	-1.0	1.07955507331039
0	-1.3	1.9514096891875574
0	-1.15	1.6001102539728065
0	-1.25	1.6566999514790994
0	-1.15	1.5066301296989462
0	-1.2	1.6589191960157077
0	-1.15	1.4875478827689113
0	-1.25	1.713940048827643
0	-1.3	2.0865857643088312
0	-1.25	1.7081028983190991
0	-1.35	2.1248848645228535
0	-1.3	2.0160475960335558
0	-1.15	1.549100087436272
0	-1.05	1.375247891980868
0	-1.3	2.041017288245233
0	-1.15	1.4263468162984674
0	-1.2	1.6428516702536926
0	-1.15	1.5959199090278104
0	-1.25	1.7065446706599126
0	-1.25	1.6645460172473094
0	-1.05	1.249114615730506
0	-1.15	1.4955423854590422
0	-1.05	1.1582534733840055
0	-1.15	1.5224441828811353
0	-1.15	1.494536406960895
0	-1.1	1.4028982836255097
0	-1.15	1.5185808681261375
0	-1.25	1.6729789265757977
0	-1.3	1.995769417113505
0	-1.25	1.687145361702754
0	-1.15	1.4797137822055102
0	-1.15	1.5131559572451527
0	-1.25	1.790609378430118
0	-1.15	1.6048040524469143
0	-1.2	1.5972723296380786
0	-1.25	1.7383113401300432
0	-1.15	1.5712346234838324
0	-1.3	1.914729184119486
0	-1.15	1.5874355944448872
0	-1.2	1.7360542536701493
0	-1.15	1.5265145046780564
0	-1.15	1.4698074668078411
0	-1.3	1.8494636403953002
0	-1.3	1.7822839888807565
0	-1.2	1.7291923978241606
0	-1.25	1.6480307037069895
0	-1.25	1.8255772366256386
0	-1.05	1.26860236187868
0	-1.1	1.3647747956635399
0	-1.2	1.5601880448749867
0	-1.35	1.9876166672697648
0	-1.15	1.5423615889401519
0	-1.3	1.990444463174731
0	-1.1	1.3338056706120207
0	-1.2	1.5265764844535552
0	-1.25	1.7050736753351947
0	-1.1	1.3881921579008834
0	-1.25	1.8111611218038075
0	-1.25	1.770551049259886
0	-1.05	1.2615975726575666
0	-1.0	1.1843980665669542
0	-1.15	1.4331680817946264
0	-1.1	1.338577034790774
0	-1.2	1.6882864448687824
0	-1.2	1.6315116722380698
0	-1.2	1.8248273500576924
0	-1.3	1.877225331239023
0	-1.3	1.9280110736968963
0	-1.3	1.9507197664752767
0	-1.15	1.5231812402037965
0	-1.05	1.2441238580524043
0	-1.3	1.8578402742735316
0	-1.1	1.3582618561736068
0	-1.2	1.6142665965849492
0	-1.1	1.3748005633484723
0	-1.15	1.450341961828554
0	-1.0	1.165941073215547
0	-1.0	1.1835945786617834
0	-1.2	1.628159877420383
0	-1.3	1.8931891573742257
0	-1.15	1.6412596561598645
0	-1.3	1.8578649382898709
0	-1.25	1.7921533973119603
0	-1.2	1.6228420666318857
0	-1.25	1.654852133763224
0	-1.3	2.003156713263329
0	-1.35	2.0344547127676886
0	-1.25	1.8120964202313947
0	-1.3	1.910619517356631
0	-1.1	1.4129405813971234
0	-1.2	1.5849084168562535
0	-1.3	1.9501659014464134
0	-1.35	2.0143780889296306
0	-1.3	1.992313466642453
0	-1.3	1.981107760189184
0	-1.1	1.4288579170920341
0	-1.1	1.4073889245993123
0	-1.15	1.466993741320928
0	-1.2	1.5811513131337067
0	-1.2	1.665805345601997
0	-1.35	2.0450674138027503
0	-1.05	1.2032673787208714
0	-1.3	1.9336151942661783
0	-1.2	1.634633759886312
0	-1.25	1.7525590926801378
0	-1.2	1.7274475060131884
0	-1.3	2.029238209758058
0	-1.2	1.671241111196243
0	-1.35	2.0789450916047754
0	-1.4	2.2494517055720893
0	-1.3	1.8762899530411443
0	-1.35	2.090100463663638
0	-1.2	1.6399321929650403
0	-1.35	2.0087180366334403
0	-1.1	1.4125362318708818
0	-1.25	1.5798528745396634
0	-1.3	1.9459820498101559
0	-1.2	1.7746792946928625
0	-1.2	1.5375991385873058
0	-1.3	1.9334394233853045
0	-1.1	1.3621523880412436
0	-1.2	1.5497716349925006
0	-1.2	1.6549041447791346
0	-1.1	1.3055671196482317
0	-1.15	1.480412841605942
0	-1.2	1.5510720225431986
0	-1.35	1.9869451848067003
0	-1.3	1.9333562691671073
0	-1.2	1.73822926719885
0	-1.3	2.0254437469093545
0	-1.2	1.5681514416015616
0	-1.3	1.8878752280027764
0	-1.2	1.6434256860633356
0	-1.25	1.808009455828063
0	-1.3	1.8538524656627564
0	-1.35	2.0740504342287394
0	-1.2	1.6529015942114151
0	-1.2	1.5123064830008006
0	-1.2	1.7412932358190434
0	-1.25	1.8199827551772692
0	-1.35	1.9511901246700694
0	-1.2	1.7056618040873275
0	-1.2	1.5863043633872274
0	-1.35	1.8876403066601912
0	-1.3	1.8614055208481366
0	-1.25	1.8289363422264988
0	-1.3	1.927987923157901
0	-1.1	1.329556448968762
0	-1.15	1.5358867511038223
0	-1.4	2.0926666772286717
0	-1.25	1.7296880816170193
0	-1.35	1.9938968084600956
0	-1.2	1.6642392780128277
0	-1.15	1.442327881777448
0	-1.25	1.7601694427993568
0	-1.3	1.8953316023244915
0	-1.15	1.5891269488078639
0	-1.3	2.0236984652000256
0	-1.3	1.929336681896186
0	-1.2	1.5636708066548974
0	-1.1	1.3836633432463967
0	-1.15	1.611874834376771
0	-1.05	1.2743489548992715
0	-1.25	1.8108056023569008
0	-1.35	2.0023730995929094
0	-1.35	2.0699072182370224
0	-1.25	1.8135835256941835
0	-1.25	1.7087750959541719
0	-1.2	1.534418667652286
0	-1.35	2.091384519185181
0	-1.35	1.9747268301463627
0	-1.1	1.3832751489349278
0	-1.15	1.5435875795895022
0	-1.25	1.7718314629614076
0	-1.15	1.5928222661020035
0	-1.2	1.5973477324049659
0	-1.05	1.3373854848333893
0	-1.05	1.2070585519590769
0	-1.25	1.8426893437663758
0	-1.35	2.051144581144843
0	-1.2	1.732027547398265
0	-1.35	2.063060892584874
0	-1.3	1.9013079925336276
0	-1.25	1.7214504161769102
0	-1.35	2.091428139439785
0	-1.3	1.9442553671314242
0	-1.4	2.2915624524383515
0	-1.35	2.197648273698901
0	-1.3	1.8982309926498593
0	-1.15	1.6496376410701397
0	-1.4	2.0575385822844807
0	-1.35	2.0747490138243765
0	-1.25	1.8239514766458795
0	-1.35	1.9662650198499614
0	-1.35	2.1264309739355154
0	-1.15	1.5099386855368024
0	-1.2	1.6501313162025275
0	-1.25	1.7971796636081268
0	-1.15	1.4804831112948877
0	-1.25	1.6462075117400188
0	-1.35	1.95480801120526
0	-1.4	2.162454188114321
0	-1.1	1.3521621203003573
0	-1.3	1.9006889842617938
0	-1.25	1.5146785957300952
0	-1.35	1.9520971553464792
0	-1.25	1.6564821971042145
0	-1.25	1.6717521844442802
0	-1.4	2.173196034297269
0	-1.35	2.0908598370670712
0	-1.4	2.188113302660153
0	-1.25	1.7752463480366165
0	-1.4	2.092278923543171
0	-1.15	1.5844798304514385
0	-1.35	2.118238994714189
0	-1.3	1.913141210727464
0	-1.25	1.6486282409120903
0	-1.35	2.0675802396248044
0	-1.25	1.6872707861523644
0	-1.15	1.4559561949558244
0	-1.4	2.319203579013692
0	-1.2	1.7463345738387017
0	-1.25	1.7272723333330786
0	-1.35	2.0154154014686565
0	-1.25	1.6134426758679263
0	-1.15	1.4980861329053865
0	-1.25	1.8337421305059693
0	-1.25	1.5980502604536315
0	-1.35	1.9694829954442588
0	-1.25	1.8913714834351127
0	-1.35	2.154557947853868
0	-1.4	2.2057719997405227
0	-1.35	1.999776513635249
0	-1.3	1.9311320751509864
0	-1.25	1.6821040471931301
0	-1.25	1.6914991630502891
0	-1.25	1.7924270525476096
0	-1.25	1.749127124603638
0	-1.3	1.9543575773964446
0	-1.4	2.114173354395839
0	-1.4	2.2548665824025025
0	-1.25	1.68581957484247
0	-1.25	1.7936077173443083
0	-1.35	2.003118547622212
0	-1.3	1.8369284138381587
0	-1.35	2.058246859421873
0	-1.2	1.701926354226626
0	-1.15	1.4520640201507131
0	-1.3	1.9355380417553854
0	-1.4	2.2413599833943154
0	-1.25	1.7080893287530219
0	-1.2	1.625525624755547
0	-1.35	2.147480988886854
0	-1.3	1.9462988524691116
0	-1.2	1.6376454692962623
0	-1.35	2.097953860225283
0	-1.35	2.031668072502296
0	-1.25	1.7771609772168635
0	-1.2	1.7004599895133832
0	-1.15	1.4870387782138532
0	-1.4	2.3283822484138033
0	-1.1	1.3804038140897559
0	-1.4	2.270167166529016
0	-1.25	1.6997514380527696
0	-1.3	1.8610870852693808
0	-1.3	1.9377258038432958
0	-1.4	2.115566205803883
0	-1.3	1.9785505057786363
0	-1.4	2.21412432553456
0	-1.15	1.6577326945851194
0	-1.2	1.6485301084050965
0	-1.3	1.9409048901746475
0	-1.2	1.6849799236716245
0	-1.25	1.8063269776701814
0	-1.1	1.496347212848026
0	-1.4	2.2034489353511795
0	-1.3	1.9783193685998242
0	-1.4	2.1665186441974034
0	-1.1	1.4336709016845794
0	-1.25	1.6712720802723076
0	-1.35	2.102027416808973
0	-1.4	2.305754165082783
0	-1.3	1.887200896934599
0	-1.4	2.2312086728793616
0	-1.4	2.3426728751435806
0	-1.35	1.9018863103132608
0	-1.35	1.9830794628985686
0	-1.2	1.6524275765966383
0	-1.4	2.2286115477414303
0	-1.3	1.9381328789942538
0	-1.4	2.0872174219274506
0	-1.25	1.7289042383428253
0	-1.2	1.6139892912907494
0	-1.3	1.9310963505619925
0	-1.4	2.2839996014579342
0	-1.3	1.832049680500737
0	-1.2	1.6734920286616601
0	-1.15	1.5905992746909428
0	-1.35	2.096753186005152
0	-1.3	1.9006505766688118
0	-1.4	2.252208468483749
0	-1.3	1.9319009749687994
0	-1.3	1.89996299433439
0	-1.4	2.1939100331419783
0	-1.3	1.997443046536745
0	-1.4	2.248023602854217
0	-1.35	2.110734002447788
0	-1.3	1.814766053397703
0	-1.4	2.1790577901592596
0	-1.2	1.5990481016352984
0	-1.2	1.7179271933056184
0	-1.25	1.7094975875671348
0	-1.3	1.8365432098497287
0	-1.3	1.9240900384998183
0	-1.4	2.244033681909681
0	-1.3	1.9517860440814814
0	-1.2	1.583570858185921
0	-1.3	1.8480553920124947
0	-1.3	1.9173294013202722
0	-1.4	2.288349706203898
0	-1.4	2.3088526451848366
0	-1.3	1.8773595703787884
0	-1.35	2.066168833421705
0	-1.4	2.3200225987088925
0	-1.3	1.9724885733612225
0	-1.3	1.9466504365343806
0	-1.3	1.9890927694069447
0	-1.3	1.8783186768554079
0	-1.35	1.930563707722594
0	-1.4	2.3054108020567754
0	-1.3	1.865402075905177
0	-1.3	1.8976605870945353
0	-1.4	2.140731445045169
0	-1.35	2.004127086124102
0	-1.25	1.7252419614684802
0	-1.2	1.7721484662517697
0	-1.35	1.996296748869819
0	-1.3	1.8600422230316545
0	-1.4	2.183212184453262
0	-1.25	1.7635356723529199
0	-1.25	1.8018499921696898
0	-1.35	2.020717569777379
0	-1.4	2.3089184727378083
0	-1.4	2.2252175981718314
0	-1.3	1.796516271200324
0	-1.25	1.7964934451504522
0	-1.3	1.8612150415633477
0	-1.2	1.588133727690612
0	-1.15	1.5112205667004193
0	-1.35	2.0822213943898418
0	-1.35	2.083370337296638
0	-1.35	2.0610412693300875
0	-1.2	1.7054691705555474
0	-1.25	1.7420320077848217
0	-1.35	2.0691948654942505
0	-1.25	1.74231722964133
0	-1.3	1.8706330603614392
0	-1.15	1.5705668467887852
0	-1.35	2.0791686239100113
0	-1.3	1.9661392187132394
0	-1.15	1.5202509212746316
0	-1.4	2.2634909988850915
0	-1.35	2.072175284169823
0	-1.4	2.305756199342192
0	-1.4	2.2476813858888556
0	-1.25	1.8032143321189549
0	-1.3	1.8778278296245396
0	-1.35	2.049050950061947
0	-1.25	1.7920028218668183
0	-1.35	2.0020977702330702
0	-1.35	2.003665919466167
0	-1.25	1.6823225067293417
0	-1.2	1.7289217762841256
0	-1.4	2.264462162856994
0	-1.35	2.10587441808184
0	-1.35	2.0645105818633387
0	-1.35	2.0251222093185732
0	-1.35	2.0613613815550704
0	-1.3	1.8551611622430237
0	-1.4	2.2677788151285143
0	-1.35	2.0414209938179746
0	-1.25	1.8075636997564142
0	-1.35	1.987294639260169
0	-1.35	2.080915065684871
0	-1.25	1.7896938362686128
0	-1.35	2.137537985093063
0	-1.25	1.681134855341557
0	-1.35	2.007186575913718
0	-1.35	2.034063366407591
0	-1.4	2.2528743662785606
0	-1.35	1.9734164421202616
0	-1.35	2.046309899837253
0	-1.35	2.1155500036770705
0	-1.35	2.035083197949629
0	-1.4	2.264005450482955
0	-1.35	2.15209789470754
0	-1.35	2.07536515065678
0	-1.35	2.1469229769958997
0	-1.4	2.413767795655337
0	-1.3	1.9141395778355506
0	-1.25	1.7345412502884066
0	-1.4	2.2195063966528656
0	-1.35	2.0199623063466667
0	-1.3	1.8866911888573394
0	-1.3	1.9603971295067697
0	-1.4	2.2560783136540308
0	-1.35	2.0092082918628953
0	-1.3	1.875622105172829
0	-1.35	1.9395981488067213
0	-1.25	1.6758194230934902
0	-1.2	1.688917803293514
0	-1.4	2.115356516809222
0	-1.4	2.116910745579709
0	-1.4	2.1640516193438617
0	-1.25	1.6838660036540012
0	-1.4	2.1743901445924094
0	-1.3	1.817478334478499
0	-1.3	1.9732888536450746
0	-1.35	2.0735804482976246
0	-1.2	1.6435375212057886
0	-1.35	2.0377640923350753
0	-1.4	2.2182433286125303
0	-1.2	1.7909380165781357
0	-1.4	2.2657368616594677
0	-1.3	1.8928016732186734
0	-1.35	2.073174077386955
0	-1.4	2.1898882400946293
0	-1.4	2.3358372415982154
0	-1.3	1.8987928969616994
0	-1.4	2.162276656501621
0	-1.3	1.9430099839332984
0	-1.25	1.8255913711700997
0	-1.4	2.1741597927802183
0	-1.4	2.3037582743455376
0	-1.4	2.27129568083462
0	-1.4	2.29599804776874
0	-1.35	2.0681523394024057
0	-1.4	2.2821308941461664
0	-1.3	1.859933966979689
0	-1.4	2.328346631188974
0	-1.4	2.3011247257169147
0	-1.4	2.2093137508727274
0	-1.4	2.2901845396687484
0	-1.3	1.9170554669861684
0	-1.3	1.9934671704659497
0	-1.4	2.1898744197079396
0	-1.4	2.2486529806136915
0	-1.4	2.102614735103649
0	-1.4	2.3610326628719545
0	-1.4	2.2060819109287597
0	-1.4	2.2154937703193167
0	-1.4	2.2618731885643624
0	-1.4	2.1733749416682087
0	-1.35	2.0698890813686175
0	-1.3	2.049922419567941
0	-1.35	2.0292179868736655
0	-1.4	2.1180025389225294
0	-1.35	2.044739725115819
0	-1.4	2.257318803320801
0	-1.35	2.0575796583449715
0	-1.4	2.349892688083549
0	-1.3	1.9148286863646493
0	-1.25	1.8344334896791257
0	-1.3	1.8684427186054677
0	-1.35	1.9509304941538348
0	-1.4	2.1941448111231927
0	-1.35	2.0267347805894818
0	-1.25	1.7177067968669963
0	-1.4	2.1981870622052826
0	-1.25	1.7321780226821433
0	-1.35	2.176088313783822
0	-1.4	2.233150751265685
0	-1.35	1.9602519125869253
0	-1.35	1.9927947385236262
0	-1.3	1.915772256013135
0	-1.4	2.1628876714943295
0	-1.35	2.049007160978882
0	-1.35	2.0328026715952574
0	-1.35	2.192406588012283
0	-1.4	2.16853440542714
0	-1.35	2.032864438426635
0	-1.4	2.148821823243145
0	-1.4	2.211441966551266
0	-1.4	2.1623276766530783
0	-1.35	2.09117039277043
0	-1.3	1.9868631931233571
0	-1.35	2.1650688157058
0	-1.4	2.2049957918581167
0	-1.4	2.1278587118385217
0	-1.3	1.858417437983548
0	-1.3	1.9376907767066567
0	-1.4	2.215404378637962
0	-1.4	2.1670038987825198
0	-1.4	2.3166605591749856
0	-1.35	2.185056580535857
0	-1.4	2.1968568229925856
0	-1.4	2.2215759100603742
0	-1.4	2.1894176688256026
0	-1.4	2.098352064660089
0	-1.4	2.14011733476469
0	-1.35	2.0796631767411897
0	-1.4	2.207908833572981
0	-1.35	2.094179344249116
0	-1.35	2.143887324977923
0	-1.4	2.2187253385416223
0	-1.4	2.216223768380515
0	-1.4	2.1718560794300332
0	-1.4	2.2424182668286208