 -0.00009374956831112  0.00076822551081901  0.00168449772303756  0.00302777365290515
  0.00477216913031504  0.00684384824672738  0.00929874889988791  0.01204424479800700
  0.01520250502095307  0.01865158664235879  0.02245829245861661  0.02664327880949360
  0.03102843558785082  0.03573142500221632  0.04075443196848200  0.04612138322996268
  0.05166818837913781  0.05740608849163562  0.06339792703138281  0.06963763131106390
  0.07599071713989662  0.08258159124749503  0.08935939575789838  0.09646459340116968
  0.10386855418393465  0.11152782428802774  0.11950816642253631  0.12781820585315115
  0.13649551721543102  0.14549873371150954  0.15478064729124660  0.16436416737982906
  0.17384706442642928  0.18336271209172003  0.19296464737965452  0.20280175686115165
  0.21286746164197065  0.22294720252692696  0.23314015056828266  0.24356020947297519
  0.25411145501590920  0.26499758920497773  0.27616335462233127  0.28749543293341390
  0.29898829203420024  0.31103341453484978  0.32315886386461889  0.33533936016544330
  0.34764836050057629  0.36007388592287426  0.37259678387271700  0.38526041009029444
  0.39814925944747320  0.41117459667952477  0.42447777429901373  0.43815615615707953
  0.45180347906882307  0.46579018860427879  0.48007132616412440  0.49446282199225500
  0.50890549567293530  0.52343447134340648  0.53782913878838090  0.55204192441843591
  0.56617977924288387  0.58027903132895842  0.59444692373216135  0.60874483188684370
  0.62309791885342558  0.63730032610652187  0.65161873811985538  0.66592412159456571
  0.68023245059591775  0.69461017658845481  0.70912165033897945  0.72377571121031370
  0.73850827262712715  0.75301562203643102  0.76761680946190136  0.78230471850539218
  0.79697674100483384  0.81163430144694970  0.82595053339734259  0.84017978596097032
  0.85427385567317082  0.86822271943053297  0.88211154157210925  0.89570988300474164
  0.90912703598384004  0.92248432037404393  0.93584916772389826  0.94916450391068763
  0.96221736575103345  0.97500394171607474  0.98757490001941406  1.00000000000000000
 -0.00264821382898723  0.00968168403365542  0.02050759742217496  0.03129655671214780
  0.04203508870095180  0.05226054065352930  0.06229718662404046  0.07256952568480858
  0.08323449866447447  0.09424717022724485  0.10486763770498678  0.11594511729507394
  0.12697314672668811  0.13767406679916311  0.14846691143676230  0.15940690628263843
  0.17052697635434516  0.18156698401973154  0.19233397277858846  0.20296575867235925
  0.21321349422104541  0.22302815475963769  0.23263422642542647  0.24209189813335730
  0.25166538634038954  0.26148651737495660  0.27162518823619780  0.28225166281234265
  0.29291732173190488  0.30344536557359741  0.31391770253889861  0.32429979971939432
  0.33447280127253914  0.34468633623572237  0.35518869575290218  0.36596814721698545
  0.37659821570440477  0.38716178785309840  0.39782452582124389  0.40859461414643611
  0.41965112519573222  0.43108591779281052  0.44262458533711369  0.45392834862241593
  0.46521603529739924  0.47653211530649303  0.48771240628739565  0.49853129980617894
  0.50874296739125557  0.51875450927017586  0.52857417878857293  0.53842360965667668
  0.54806713159882725  0.55789554037686606  0.56803951131582719  0.57831662200246592
  0.58822895282858034  0.59795024343545633  0.60808814054055527  0.61839374391901325
  0.62857076374269416  0.63861484338760477  0.64912102160000662  0.66016850926573856
  0.67073020992937349  0.68085871457333469  0.69107768996886731  0.70159555245240979
  0.71199818789626823  0.72217118856083351  0.73245963930254188  0.74325252483697968
  0.75370369944697102  0.76412218119622410  0.77448753885461608  0.78470339336463835
  0.79524354897972327  0.80548408294122675  0.81599460495275378  0.82614573006977809
  0.83642137520567694  0.84694354011071016  0.85740655074728855  0.86798400614855675
  0.87891972456227085  0.89051990022871708  0.90183730477789104  0.91263957936281714
  0.92363876383957400  0.93468610239055649  0.94523583655202936  0.95575488918019536
  0.96658903407131325  0.97773479489845083  0.98866358992344261  1.00000000000000000
 -0.00327747044728860  0.02002856368641256  0.03748682780076923  0.05250389815550988
  0.06631200163765737  0.07910704549389137  0.09083500411959491  0.10160879628862308
  0.11211393900755430  0.12217403632101732  0.13177046958608554  0.14107661545964281
  0.15052921639145159  0.15994112815390144  0.16917468454443776  0.17809994617151459
  0.18689397927424950  0.19568992916605546  0.20454275797480914  0.21335400325937401
  0.22191500125860247  0.23058706037374838  0.23905140679341161  0.24753283515126542
  0.25609776478590940  0.26481409221581970  0.27334941715748290  0.28231271619101261
  0.29135755022539817  0.30064904557923733  0.30982657362397420  0.31836580991923757
  0.32657610303206364  0.33483756566780748  0.34319086946968813  0.35167643268541854
  0.36020324678473720  0.36866016494397014  0.37705018805993679  0.38534270292087414
  0.39364881363682047  0.40188933613216260  0.40993944607543725  0.41797150206925937
  0.42557716942074381  0.43325473239317275  0.44086800632535372  0.44864887749173094
  0.45652569873207843  0.46458165587768702  0.47270408277926973  0.48092125859606183
  0.48919771770969134  0.49762605071378124  0.50590532101781405  0.51407521653003330
  0.52213930573220646  0.53050298576988231  0.53913619925350098  0.54775840517786711
  0.55644044482467192  0.56554917083385225  0.57477603571030456  0.58395767444166935
  0.59308927384346977  0.60239403004778003  0.61224959816836388  0.62230529687160574
  0.63186946390967280  0.64098655781932201  0.64989779170916362  0.65893243927876000
  0.66817964477771974  0.67757601830833414  0.68699057348954806  0.69654408581447169
  0.70613511806567031  0.71570245889840656  0.72529832362258673  0.73503725725968860
  0.74492459245568188  0.75517401717108024  0.76582747933955408  0.77693377880608472
  0.78820789996774543  0.79986379548510911  0.81183336813663043  0.82453101610039403
  0.83823608077161094  0.85339848237307203  0.86969914312299168  0.88670401864910497
  0.90473119676541713  0.92565959549129928  0.95448922229302668  1.00000000000000000
 -0.01863443155398652  0.12308042676651407  0.16111162625728775  0.18450957791516190
  0.20267829357613060  0.21806703249577897  0.23176355941630128  0.24404846006774558
  0.25519781288318089  0.26522771046042398  0.27452416258932488  0.28322604504949561
  0.29172192311769723  0.30002227862283409  0.30809239430414426  0.31585777969677553
  0.32337934261040052  0.33067724294927514  0.33769935693947645  0.34444260892583850
  0.35134989347540940  0.35768155486089226  0.36379232370099052  0.36981037879391238
  0.37583996129147018  0.38190266846825038  0.38793649830846050  0.39386283804698641
  0.39955583206622192  0.40500534072423522  0.41050118506441796  0.41604077658630234
  0.42145596294103088  0.42678540139386789  0.43210032136832854  0.43725306639390027
  0.44240157587587936  0.44745535109792650  0.45263227482248808  0.45776158665450450
  0.46274674220301620  0.46769012670020965  0.47259506226351516  0.47754151763093683
  0.48257817030849659  0.48773734202220537  0.49292006314654441  0.49797686912389660
  0.50280963135597800  0.50757461171004781  0.51238846258275172  0.51724917200155662
  0.52216055134021622  0.52724332629372561  0.53235652256475063  0.53747431290114756
  0.54263406437300499  0.54781458461343657  0.55301902311289175  0.55823384312441193
  0.56353362120874584  0.56917268567857038  0.57482064119359455  0.58046256516091854
  0.58615357166265225  0.59191867853209212  0.59772063623332505  0.60353430525801954
  0.60938814110300443  0.61534896933491645  0.62145333061420349  0.62756050092125570
  0.63370509528354857  0.63992535884718404  0.64630218874026601  0.65273546154237572
  0.65941231854463389  0.66611865142117410  0.67319623097593873  0.68057372614057166
  0.68813816207389322  0.69598954742349772  0.70394026260872256  0.71232135550160069
  0.72104936724739288  0.73002697945408435  0.73929970093413344  0.74867460860141877
  0.75945405598515370  0.77103733725919521  0.78440370794016701  0.79920513612466570
  0.81669592612957198  0.83925561957712458  0.87803484795759612  1.00000000000000000
   2.1418609824903935E-003  -1.0000000000000000     
 T T T T T T T T T T T T T T T T F F F F F F F F F F F F F F F F
  <DiscreteSampler_grid>
  grouped_processes
  1 # 1 for a reference and 2 for a running grid.
  10 # Attribute 'min_bin_probing_points' of the grid.
  1 # Attribute 'grid_mode' of the grid. 1=='default',2=='initialization'
  0.0000000000000000 # Attribute 'small_contrib_threshold' of the grid.
  0.5000000000000000 # Attribute 'damping_power' of the grid.
 # binID   n_entries weight   weight_sqr   abs_weight
    10   10   2.918537924229528E+008   1.248028115897077E+017   2.918537924229528E+008
  </DiscreteSampler_grid>
