 -0.00019327243960657  0.00178471046638785  0.00468099370071299  0.00849835529516645
  0.01305986132123498  0.01834826988548465  0.02400134081177713  0.03007454952276271
  0.03659250070401152  0.04361873682737143  0.05080988715525265  0.05821330510876089
  0.06604651787805868  0.07415565970947642  0.08250253971926284  0.09105864786559062
  0.09976097491099140  0.10859756613908242  0.11751934594601765  0.12646233683041883
  0.13540167775083120  0.14447298745171341  0.15373346091957032  0.16318335069810633
  0.17265851664725232  0.18232406926661401  0.19215581803658366  0.20195717343151959
  0.21193769932347270  0.22207873084740606  0.23220676218164821  0.24210369400476497
  0.25185111756710737  0.26189978406401571  0.27219975371253291  0.28258155462157514
  0.29293779141187182  0.30335594181762515  0.31380900852200727  0.32402439172885816
  0.33430742097959326  0.34456547475931526  0.35492941722737215  0.36570879591655814
  0.37649684652403503  0.38715461889344632  0.39770683503210352  0.40823852690431317
  0.41880373977381213  0.42946615472671046  0.44022537293269359  0.45106086121889849
  0.46195864651965474  0.47293626129103156  0.48404948361033506  0.49497635419079417
  0.50602270079614842  0.51729887294638544  0.52873675515640095  0.54002456315127711
  0.55160606680642765  0.56326929439467022  0.57487318863918158  0.58649318404754547
  0.59831932897053808  0.61036145467872260  0.62241593142861174  0.63450862852155010
  0.64662671433926888  0.65873722910540533  0.67086886669311474  0.68318692204569542
  0.69578178880185160  0.70853296650781383  0.72133925120838094  0.73419694129932289
  0.74708779786004775  0.76008397825165164  0.77308957443706749  0.78577536823974692
  0.79840303033270432  0.81111173758119248  0.82389091263894976  0.83670598078477587
  0.84963359341243294  0.86281600889911592  0.87608611712984985  0.88936749859609920
  0.90265657714550218  0.91618775859183987  0.92994111521650535  0.94381059626954433
  0.95776204331319803  0.97181252529730577  0.98590304495417502  1.00000000000000000
 -0.00239060272216940  0.00960543006396354  0.01972971828732097  0.03008094770946613
  0.04035766458187472  0.05105369165277317  0.06183331864983505  0.07247332941094163
  0.08280570358296439  0.09322853059501528  0.10375742020863669  0.11406608685824071
  0.12431874897267282  0.13453203348890969  0.14476920983530625  0.15530134281427566
  0.16562874017858928  0.17588028656146246  0.18591343861588808  0.19628326821757436
  0.20664890069866826  0.21703732163347911  0.22717143760204514  0.23745215404142142
  0.24806447800983839  0.25855964096534112  0.26902551377400508  0.27962312063613481
  0.29022377680844424  0.30080420845859335  0.31139580643387693  0.32228127074409935
  0.33316709198048888  0.34363884285026680  0.35384998019414471  0.36428583788016750
  0.37492837956654068  0.38598420411005402  0.39690117107808592  0.40758120116123492
  0.41806723218950659  0.42871555266161276  0.43924167501724043  0.44968185194541099
  0.46027481305841461  0.47075147347565277  0.48097158664064688  0.49121069750213570
  0.50144594755157779  0.51181146969472435  0.52201857875655533  0.53234899893990961
  0.54280740065110944  0.55330959241349620  0.56383690263896680  0.57435295464270120
  0.58490519814772901  0.59566821584422602  0.60666772769266697  0.61790939468306438
  0.62911512090505528  0.64044481822696853  0.65186274080070916  0.66346163533461244
  0.67456239962700959  0.68553203171680022  0.69608280619623397  0.70683527551011560
  0.71775133405090252  0.72858104672175705  0.73897488682029788  0.74948947126772636
  0.75976601428526414  0.76986476078565425  0.78002701552474818  0.79040763893686017
  0.80124419208277309  0.81188836274986986  0.82236630277234457  0.83272019789495744
  0.84281567098585841  0.85259598670590420  0.86260164798853012  0.87288133801147061
  0.88333720499144097  0.89353676068794807  0.90391815851723734  0.91445989836994002
  0.92506533967979299  0.93539439958589499  0.94611393740783678  0.95675783367061173
  0.96722361066439422  0.97804436174888820  0.98899090333816442  1.00000000000000000
 -0.00447457961692694  0.02395090144278497  0.04355686932961934  0.05986758928031919
  0.07426723471695679  0.08766058560777579  0.10073010049560391  0.11353554870741711
  0.12583707435057720  0.13744517384490851  0.14861166479301136  0.15941539263150165
  0.16976968926947808  0.17986787001496132  0.19009754446957308  0.20048801238148409
  0.21067543385101997  0.22050773527570550  0.23013181492873142  0.23975745563564335
  0.24945683148243791  0.25919726346795485  0.26880185920172134  0.27811843930232949
  0.28728318810534687  0.29655768420414913  0.30585710893606377  0.31500540763939566
  0.32402558218120109  0.33316821820956743  0.34252612857796966  0.35180343380186330
  0.36080080118496471  0.36981002102385446  0.37907801524729112  0.38837728367965196
  0.39743541630772850  0.40631228365573663  0.41531554590008740  0.42454821620731631
  0.43383351502010842  0.44302365094269514  0.45215330028866868  0.46132480274377496
  0.47058933704293826  0.47989349741803483  0.48913910407448613  0.49831962983119699
  0.50744580267398010  0.51666307974442727  0.52573375286563095  0.53472511239817677
  0.54381705620571752  0.55314680060373700  0.56243240753119661  0.57163951391053014
  0.58057343582469512  0.58933520180945054  0.59806384475671148  0.60684073729483878
  0.61556843521642135  0.62418865959311443  0.63278962855491105  0.64151498291420905
  0.65034407016338658  0.65915343689427186  0.66790647565685723  0.67666172331599539
  0.68537264811605125  0.69413339863549595  0.70305652308231903  0.71225136037755454
  0.72163540950180005  0.73110959060895619  0.74076391534150776  0.75053187668131249
  0.76028768977012118  0.77008103404326633  0.77990395627387732  0.78983092059463023
  0.79996370297790864  0.81044715628924791  0.82148024436028677  0.83314005617655384
  0.84510872094769474  0.85702432838956988  0.86859704972949947  0.87993070524375927
  0.89130723571550241  0.90310446029586000  0.91537433844760763  0.92855623510021479
  0.94275885234018453  0.95812409943549692  0.97688282532804893  1.00000000000000000
 -0.02556710568094431  0.14748110272750348  0.21796020302471869  0.25300019489308057
  0.27830316121835375  0.29948896011937176  0.31732784166904032  0.33298754617318121
  0.34735040576537229  0.36084857608035292  0.37361633869118716  0.38568141269415512
  0.39701746025607704  0.40790073620430028  0.41829114574535220  0.42833596913686112
  0.43814847762052861  0.44783732185910829  0.45731889445945917  0.46632656519297894
  0.47484667991937241  0.48304856871646012  0.49105768843114811  0.49903429179069936
  0.50679241318763579  0.51431805225291649  0.52158184926205897  0.52874243950528310
  0.53573827749640401  0.54274418396411384  0.54974518114162307  0.55665586005573398
  0.56344952512861657  0.57015751314150243  0.57677361092420321  0.58357556460678661
  0.58996887699083667  0.59625243456991694  0.60240542934110797  0.60847996798776705
  0.61453111184713960  0.62057384357614154  0.62640823831422432  0.63191528031971878
  0.63732241742644702  0.64280459981561333  0.64829851209811551  0.65377804331061729
  0.65914690977504953  0.66442725035502193  0.66964829912919488  0.67481131623540413
  0.67989978282537966  0.68491852352125604  0.68986879632365128  0.69473683036957823
  0.69959915719561228  0.70442585428176607  0.70919659835225435  0.71392995208231225
  0.71867099393170475  0.72342483457081186  0.72812801730930043  0.73268676213101680
  0.73718916976764715  0.74173497025375601  0.74625915042225510  0.75081566678666711
  0.75546767639660772  0.76023946019891930  0.76509949367962105  0.77000380555248982
  0.77485186925526184  0.77961043954240516  0.78441593677780252  0.78907726804728329
  0.79402066017458361  0.79899104841428570  0.80405550164335282  0.80919072032905515
  0.81439159628639135  0.81966480381051154  0.82502311159531727  0.83053791123156240
  0.83639991077973774  0.84258064677300581  0.84901062606019029  0.85576715987663177
  0.86291931116172060  0.87054711476770208  0.87905930988285097  0.88889018378564411
  0.90044955061095688  0.91525237296469941  0.93927497026868412  1.00000000000000000
   4.7257890604522927E-004  -1.0000000000000000     
 T T T T F F F F F F F F T T T T F F F F F F F F F F F F F F F F
  <DiscreteSampler_grid>
  grouped_processes
  1 # 1 for a reference and 2 for a running grid.
  10 # Attribute 'min_bin_probing_points' of the grid.
  1 # Attribute 'grid_mode' of the grid. 1=='default',2=='initialization'
  0.0000000000000000 # Attribute 'small_contrib_threshold' of the grid.
  0.5000000000000000 # Attribute 'damping_power' of the grid.
 # binID   n_entries weight   weight_sqr   abs_weight
    10   10   1.569484248382926E+009   2.499208224744770E+018   1.569484248382926E+009
  </DiscreteSampler_grid>
