 -0.00006402214714809  0.00053259647242334  0.00104279896064133  0.00169662143413490
  0.00252930180424773  0.00349356603525244  0.00460122887552827  0.00585780549362566
  0.00729886645489048  0.00882403029911621  0.01050968891859357  0.01227775826941484
  0.01411034671764172  0.01609625939728407  0.01819691965284882  0.02045661336164257
  0.02286179081660493  0.02535510787075609  0.02804752000934069  0.03091961278628221
  0.03400566871813389  0.03721315437106659  0.04054120579264749  0.04388763628654505
  0.04728803027956048  0.05093002282424991  0.05483410735015591  0.05881215852049222
  0.06287431119098544  0.06702171627397328  0.07140086994831375  0.07592428157402853
  0.08062919257170678  0.08572201632393843  0.09127139822976470  0.09702543497410308
  0.10279578298666471  0.10879505880962763  0.11503899636660664  0.12140806627781989
  0.12829644838169932  0.13527129087505341  0.14255456081959250  0.15057395867415177
  0.15900053401721825  0.16771341936502904  0.17659260420265038  0.18569781681610514
  0.19515896768038346  0.20465385123920787  0.21470180017694415  0.22535669114712981
  0.23661799213468510  0.24833411211825401  0.26025362706397609  0.27215508302013780
  0.28427743702988306  0.29650466030757078  0.30915318929590996  0.32273857614176321
  0.33695739937669161  0.35187061385942775  0.36754177164985802  0.38480441798985587
  0.40167502589453591  0.41826414531528405  0.43478396801559077  0.45148085794303427
  0.46824559913577035  0.48496106887218171  0.50185028556287359  0.51912518347598424
  0.53647813755610063  0.55321544181825799  0.57267033025770686  0.59242409049005562
  0.61259955943645539  0.63342506667029164  0.65478222229258365  0.67599094402579929
  0.69681308266242192  0.71777175259182124  0.73864134974215478  0.75925026044139410
  0.77956199229031164  0.79972081862407896  0.81983182924262155  0.83927423046957217
  0.85867359133256449  0.87821886217669609  0.89793235493514612  0.91799753726306099
  0.93847730562367571  0.95896863972074342  0.97945597444954258  1.00000000000000000
 -0.00176014536931573  0.00885020178470658  0.01830514070236658  0.02847234818335325
  0.03886754726769219  0.04906794705286291  0.05931052754795239  0.06987857364828483
  0.08088347180760916  0.09177493429880267  0.10253330070882828  0.11332109613715022
  0.12435631163619645  0.13616935920261056  0.14832856411354903  0.15964596100077602
  0.17015540914810603  0.18010822175383021  0.19000340645679631  0.20009844051915174
  0.21077922413479130  0.22221729270737797  0.23350466707573372  0.24470890858822122
  0.25612761921205579  0.26759903509170585  0.27878720817526159  0.28973621905411107
  0.30077743383739464  0.31166697938416288  0.32219898312596784  0.33270359034460323
  0.34297374634382150  0.35325260569372474  0.36313141895991019  0.37335940440058707
  0.38398235315973800  0.39482148647486875  0.40506854266197084  0.41559830090508437
  0.42609475072359337  0.43667627333342585  0.44639663087337256  0.45582011269771272
  0.46543857666095628  0.47554164200578647  0.48598938977969808  0.49696677569456732
  0.50839016584372698  0.52029955312186615  0.53146697551529121  0.54234679747079295
  0.55304344502197722  0.56370456119662971  0.57351993437740190  0.58329748697920714
  0.59308762954104477  0.60286777986481777  0.61248140333028422  0.62204664370732965
  0.63188236508679452  0.64184057773764258  0.65169928692757850  0.66148716085387016
  0.67120993046980582  0.68095655677697497  0.69091892628822427  0.70075171406215930
  0.71056874667141134  0.72071444093197345  0.73112260145278962  0.74152870612315203
  0.75168692896459732  0.76203865927131420  0.77267600493244848  0.78365309962992014
  0.79469417743120174  0.80545747075859986  0.81606490971547208  0.82664897506030011
  0.83713705935399796  0.84739467088006892  0.85747158291150860  0.86725441300745432
  0.87702815496807185  0.88695787466756693  0.89756959678930304  0.90885183874587372
  0.92026261194893133  0.93189996723448842  0.94389988097687949  0.95589911921260806
  0.96761605676321649  0.97852895822736075  0.98948258741801054  1.00000000000000000
 -0.00293772557367808  0.01864805044387836  0.03453464844780303  0.04813657332523835
  0.06048081421003143  0.07143425589231972  0.08183546603607800  0.09203236366259637
  0.10181612653939963  0.11099774860727477  0.12033961274110841  0.12934602246124990
  0.13809925176542531  0.14651384430065692  0.15485316874661664  0.16317235188211363
  0.17156602575582974  0.17978555055047690  0.18835552179731105  0.19700362838632546
  0.20558882875132659  0.21377034204897774  0.22146994224949634  0.22898610189738064
  0.23663487928965213  0.24455104063125588  0.25270643382462343  0.26083709918835779
  0.26856973381662769  0.27604047663181597  0.28324445927319286  0.29047875984114219
  0.29799872852051612  0.30542243940752217  0.31281271126096782  0.32022892534027608
  0.32770094741422606  0.33550295508490591  0.34350689594975159  0.35140395199694247
  0.35901539007140887  0.36657186621336196  0.37418353846572816  0.38171213268268167
  0.38920079250390099  0.39663192929142643  0.40404129136765554  0.41155398595161419
  0.41909327851564621  0.42670799164720341  0.43432320852314849  0.44189798238820510
  0.44929489011435725  0.45675317489791684  0.46419773582468238  0.47160856673634199
  0.47931740223666280  0.48692891816904904  0.49459434020227672  0.50199274699373830
  0.50893537770410613  0.51593330123482117  0.52297784917983725  0.53089780763083405
  0.53862312526969980  0.54674621773934517  0.55485598348019860  0.56302215646547160
  0.57174467832414189  0.58064170017347283  0.58971706861829709  0.59912497410056098
  0.60904439336032845  0.61929600326408274  0.62934324837933320  0.63927632194726214
  0.64934719352720249  0.65966686056064761  0.67005093032170815  0.68065383028075876
  0.69169141336093787  0.70299919080039563  0.71420839720372409  0.72546690823227189
  0.73738369371980261  0.75011745485609893  0.76326860300720634  0.77747351648122864
  0.79273204320443591  0.80944328066883009  0.82788482667895569  0.84755354797287064
  0.86867559165358055  0.89415266659660331  0.93178955553497911  1.00000000000000000
 -0.02035016763482861  0.11951442740719347  0.15326582431187702  0.17402157487862008
  0.19056773286353693  0.20513108028459870  0.21874143599954241  0.23128413464895992
  0.24291961640434134  0.25388321864951013  0.26440517691496540  0.27423221975133122
  0.28331096047509613  0.29203329201833161  0.30004514181932507  0.30794731856147628
  0.31577276786648567  0.32330749059068392  0.33077900129428800  0.33794512617115363
  0.34494241245059892  0.35176158967141946  0.35828349019706607  0.36459564233334602
  0.37083152841356259  0.37676939020349809  0.38240636679015227  0.38802847397567769
  0.39361423885844199  0.39926150309047620  0.40479174394329021  0.41007315697529428
  0.41513540748642996  0.42031168552526393  0.42564700660964161  0.43088132746412472
  0.43609523164951336  0.44152895951798110  0.44687307463239301  0.45238058197340547
  0.45791622803771015  0.46339459186252896  0.46890263358884848  0.47439061558762896
  0.47978025236839977  0.48500205467194124  0.49012497320420545  0.49513978667646535
  0.50019177232904044  0.50545217355506422  0.51074937474304161  0.51614605694108184
  0.52152011456324199  0.52685071892570745  0.53213360512862529  0.53746826465150366
  0.54295576287788649  0.54857446611946670  0.55424406045711982  0.55986785498566027
  0.56547609062983395  0.57123298600992944  0.57711023925541005  0.58294603126066924
  0.58893714702424449  0.59480474745769596  0.60067692368708003  0.60663525823815545
  0.61260619983337827  0.61858641359077093  0.62451642082196779  0.63039267809071209
  0.63644806860240866  0.64271405480841681  0.64859188110257182  0.65441302670320867
  0.66035389387305465  0.66685867476482596  0.67359417943006161  0.68027076861811664
  0.68706621475881513  0.69449067451849056  0.70224283391083075  0.71025808417336445
  0.71870221091723574  0.72750417634122855  0.73715870255636307  0.74794076524238529
  0.75960101357069709  0.77235410709669738  0.78632347140334236  0.80171239602291144
  0.82010643813404460  0.84335484148316486  0.88108789848940783  1.00000000000000000
   1.9009908482617257E-005  -1.0000000000000000     
 T T T T F F F F F F F F T T T T T T T T F F F F F F F F T T T T
  <DiscreteSampler_grid>
  grouped_processes
  1 # 1 for a reference and 2 for a running grid.
  10 # Attribute 'min_bin_probing_points' of the grid.
  1 # Attribute 'grid_mode' of the grid. 1=='default',2=='initialization'
  0.0000000000000000 # Attribute 'small_contrib_threshold' of the grid.
  0.5000000000000000 # Attribute 'damping_power' of the grid.
 # binID   n_entries weight   weight_sqr   abs_weight
    10   10   6.640935965868126E+008   7.219135671412273E+017   6.640935965868126E+008
    11   10   6.640935965868124E+008   7.219135671412271E+017   6.640935965868124E+008
  </DiscreteSampler_grid>
