  0.00000380163812299  0.00000448117387373  0.00000529649314732  0.00000621639427936
  0.00000720283173272  0.00000815365034538  0.00000905562236218  0.00000995009174147
  0.00001083742969047  0.00001167331665742  0.00001251185875315  0.00001332668386433
  0.00001411173176721  0.00001488984891100  0.00001570566384905  0.00001654797412665
  0.00001741170615014  0.00001831050840796  0.00001919533260403  0.00002008352136982
  0.00002098389594479  0.00002192481557147  0.00002287645561470  0.00002383968242603
  0.00002481473620783  0.00002579315970740  0.00002676040761163  0.00002772209351493
  0.00002867609259112  0.00002961541249950  0.00003078343776044  0.00003202453633675
  0.00003331494522339  0.00003464519486415  0.00003601139504137  0.00003741235779298
  0.00003884670012390  0.00004031002064874  0.00004185399291418  0.00004341822525699
  0.00004505643463720  0.00004677205617469  0.00004854860564964  0.00005042780167141
  0.00005233520445699  0.00005430164780794  0.00005632021603948  0.00005834894590200
  0.00006052596983852  0.00006309774157670  0.00006592896734764  0.00006883805776198
  0.00007196475574020  0.00007523452570703  0.00007863346985185  0.00008217181803426
  0.00008593656617011  0.00009015509922841  0.00009495937615737  0.00010016330715645
  0.00010555493970480  0.00011125369477370  0.00011761356331511  0.00012453825551835
  0.00013199279551085  0.00014037314177026  0.00014981771949107  0.00016015441792719
  0.00017135783964472  0.00018331171539858  0.00019617386404526  0.00021085218235901
  0.00022716245437132  0.00024573232306535  0.00026696643212642  0.00029069405246052
  0.00031941213296279  0.00035111789255051  0.00038720003085652  0.00042956088160995
  0.00048009150882979  0.00053928704183397  0.00060988826753971  0.00069622159969022
  0.00080024068823910  0.00093243855804633  0.00109393505641255  0.00129187580776075
  0.00156364224168090  0.00197626813146870  0.00262538019190640  0.00371886579418557
  0.00575563396800278  0.01250657113058709  0.14353327581560776  1.00000000000000000
 -0.00258995276315922  0.01065351295445492  0.02225458083195213  0.03451006307976323
  0.04651112316935905  0.05836254491202948  0.06995653367865129  0.08100262122656253
  0.09119072835767734  0.10088539672788577  0.11058992422142526  0.12020212551078430
  0.13015221754509962  0.13950408748667287  0.14952544955328015  0.16028906917968949
  0.17167431852495163  0.18377372173203083  0.19673513163023551  0.20974176518136001
  0.22207970721160039  0.23403272149428142  0.24527807275529123  0.25626251874089895
  0.26703591711331687  0.27710781609406887  0.28785293252214883  0.29818266535278432
  0.30866813231134921  0.31863593494400905  0.32885055101619626  0.33904542771613683
  0.34940045231938294  0.35952955782976603  0.36998768285574923  0.37904835178844432
  0.38773693563880102  0.39722509270097028  0.40726464865369938  0.41633619348325807
  0.42458372515857717  0.43266991479593442  0.44187149169051387  0.45285121087591923
  0.46474445545798515  0.47719033058874566  0.49070879238134130  0.50399665400847682
  0.51550051361156046  0.52619827279778453  0.53646531022156152  0.54602232808933060
  0.55486627309831804  0.56443537127055476  0.57399019593701950  0.58335126096611734
  0.59250647851449734  0.60192398593068575  0.61246681003048442  0.62380082260323821
  0.63550516432411985  0.64684622409372861  0.65771260868236903  0.66831273192931118
  0.67868890620340239  0.68904879035427569  0.69969062443150953  0.71061407624737860
  0.72175125312790345  0.73307993626005907  0.74467720978362106  0.75648440442239606
  0.76803440792663691  0.77969911194563357  0.79167059847981980  0.80321300017994512
  0.81387693705461650  0.82432210077271584  0.83513260382214549  0.84598319885308815
  0.85678919698602352  0.86744414958495397  0.87789322868184860  0.88785799974156843
  0.89715486199346339  0.90588522273538141  0.91439159562186878  0.92380073253596939
  0.93422682067900908  0.94396822772578015  0.95301116276966213  0.96201549345831361
  0.97197301374281886  0.98212171193164532  0.99121629441253833  1.00000000000000000
 -0.00488778311363290  0.03578580612235387  0.06456828618165300  0.08864723522255802
  0.11091971488479448  0.13146474348056841  0.15047082351510913  0.16807649445018444
  0.18474541520771734  0.20087881047295261  0.21715064279685217  0.23328737970354002
  0.24776233931314148  0.26249109137996829  0.27661391887411174  0.28991165718545736
  0.30243397577128051  0.31409052446143293  0.32528906214013203  0.33617098042872734
  0.34690469287189191  0.35767418622511193  0.36889075898176904  0.37993229468334133
  0.39052181270783320  0.40129518423221378  0.41247198820207620  0.42301193363094897
  0.43302727783353234  0.44249780709250591  0.45207920589837197  0.46181472617689912
  0.47091484708588699  0.47974792227319829  0.48873702617923437  0.49762572775160491
  0.50665837387620538  0.51596898661891633  0.52545920874128837  0.53490580172181157
  0.54407483792179523  0.55400285615737377  0.56348673302559837  0.57259358144942973
  0.58130798182452947  0.58972512350015893  0.59781910646772862  0.60569561748752709
  0.61341836441299158  0.62108652122900754  0.62904809960363517  0.63747736933692578
  0.64620548953309764  0.65477399309828521  0.66331323953256782  0.67196824126512389
  0.68079402586016846  0.68989959180958804  0.69893009267375406  0.70749016262492170
  0.71570748142059837  0.72359330801389432  0.73101555559496745  0.73857088116431036
  0.74624611119740980  0.75403521495253467  0.76193432900853442  0.76988281467298059
  0.77770535031894605  0.78553719429713520  0.79343734084088646  0.80185163468957921
  0.81048638558403352  0.81839221321795708  0.82630776517568716  0.83431262913311033
  0.84203737463013517  0.84992017452825952  0.85694018378625814  0.86275447834493213
  0.86914489268791517  0.87575645853550044  0.88231187712888182  0.88889348735956986
  0.89519620902500985  0.90142070109176298  0.90762503331734323  0.91414804322332843
  0.92177885320473174  0.93008006629918616  0.93861270465694813  0.94716450964683008
  0.95653249657085937  0.96763322849285383  0.98164950366052273  1.00000000000000000
 -0.02219309927849242  0.12535731129079400  0.16078711843407525  0.18178416261817973
  0.19832970291986957  0.21318019875820532  0.22612266465154732  0.23803622161236038
  0.24957126802882304  0.26088429113922901  0.27161332311492492  0.28046192683373689
  0.28902744110652534  0.29744768464235855  0.30513688119165139  0.31212882912781204
  0.31874231028465627  0.32537779214719570  0.33256724355003270  0.33997629825279324
  0.34725707727412841  0.35394390430895484  0.36020705679869108  0.36638220218056305
  0.37253103307669100  0.37871552413646298  0.38484863269073627  0.39106412632342169
  0.39696493255877269  0.40274489785111861  0.40849911294035912  0.41436972484320250
  0.41937176331531123  0.42430157447799383  0.42906872229783238  0.43376785257208678
  0.43831439076374362  0.44268117717319466  0.44701842135417957  0.45131857713653412
  0.45567082549250421  0.46021679362032986  0.46486906183083698  0.46943416131085081
  0.47392119910850827  0.47874208246970423  0.48430691575476331  0.49023415354251537
  0.49615074421159744  0.50224325535473013  0.50858544441656406  0.51508841610425160
  0.52142743555161264  0.52705007964524342  0.53253291724062546  0.53814774699727108
  0.54357894499433856  0.54881960158699539  0.55396144651632995  0.55912481119496238
  0.56425057256350286  0.56928695108141669  0.57430772798570118  0.57929456650430122
  0.58438826277787748  0.59024527404195559  0.59580933176450313  0.60153089031179774
  0.60749512302021680  0.61387081188533577  0.62039696174181491  0.62702906585376772
  0.63372175691286703  0.64042436882436671  0.64716092372610368  0.65399190073908542
  0.66078491547044682  0.66796007739504160  0.67502866762239888  0.68248413642762362
  0.68976635083593374  0.69754059162647464  0.70629134063102372  0.71524289116374273
  0.72457706620202045  0.73367612067586063  0.74269696505121485  0.75173420415930370
  0.76175655827672062  0.77262084897755978  0.78506629271125306  0.79969441514578776
  0.81779490577288205  0.84043221583493222  0.87578357657941608  1.00000000000000000
   2.1255262695529011E-005  -1.0000000000000000     
 T T T T F F F F F F F F T T T T T T T T F F F F F F F F T T T T
  <DiscreteSampler_grid>
  grouped_processes
  1 # 1 for a reference and 2 for a running grid.
  10 # Attribute 'min_bin_probing_points' of the grid.
  1 # Attribute 'grid_mode' of the grid. 1=='default',2=='initialization'
  0.0000000000000000 # Attribute 'small_contrib_threshold' of the grid.
  0.5000000000000000 # Attribute 'damping_power' of the grid.
 # binID   n_entries weight   weight_sqr   abs_weight
    10   10   2.599845047703562E+010   6.532353221007387E+021   2.599845047703562E+010
    11   10   2.599845047703562E+010   6.532353221007387E+021   2.599845047703562E+010
  </DiscreteSampler_grid>
