  0.00000012738723544  0.00001407600172524  0.00002881855762308  0.00004295702294201
  0.00005638070779750  0.00006989534904562  0.00008385282114088  0.00009831179771770
  0.00011320890067494  0.00012850008034247  0.00014406103891360  0.00016009064434219
  0.00017697392403864  0.00019469673338681  0.00021318497828634  0.00023250454662519
  0.00025246260688262  0.00027348810775808  0.00029600554823315  0.00031966449167672
  0.00034424175894469  0.00037022315451861  0.00039696480180175  0.00042463182420865
  0.00045373332289991  0.00048387589550674  0.00051559654157214  0.00054927308587957
  0.00058417732215877  0.00062081705143301  0.00065966949131560  0.00070101493713116
  0.00074461090716627  0.00078882165410700  0.00083456043097879  0.00088414432557675
  0.00093681882998347  0.00099266921059540  0.00104982277491942  0.00110843304445451
  0.00116724200968007  0.00122939505264146  0.00129349094157956  0.00136549420856797
  0.00144214872380230  0.00151953160181029  0.00160085085572629  0.00168603087980715
  0.00177472918091069  0.00186755719893693  0.00196374233521561  0.00206175428185147
  0.00216359049014082  0.00226966958388652  0.00237654792021586  0.00248811197733849
  0.00260545887560244  0.00272195632197438  0.00285936023953994  0.00301294153717374
  0.00318159060839136  0.00335505208265795  0.00352635102279994  0.00369646621399381
  0.00386790584154084  0.00404234719579170  0.00422810522623347  0.00442090581987370
  0.00462829043862074  0.00486049024528678  0.00511491845205973  0.00537480063435229
  0.00560835507531238  0.00582827410683650  0.00606960839535388  0.00635565273796938
  0.00669823310470621  0.00712320752663584  0.00756448920234025  0.00795654577673229
  0.00834340282230171  0.00876300473584204  0.00924118165179815  0.00987844640777790
  0.01066452368714552  0.01147647786581808  0.01226489220018271  0.01305229185153504
  0.01388202171712128  0.01472438558949728  0.01569117829626908  0.01696380899488800
  0.01901824117120579  0.04553910249756626  0.07187838008998447  1.00000000000000000
 -0.00239738416808459  0.00913446900333592  0.01916557932114148  0.02940707230866422
  0.03988014068600226  0.05044032396024282  0.06084325652929123  0.07153068702572705
  0.08205008751892891  0.09289984399846986  0.10382731104967717  0.11481112170538167
  0.12561535810372582  0.13626770077166134  0.14685629648739387  0.15730786702119878
  0.16781832058572846  0.17833968466483574  0.18890253409273378  0.19941199746852425
  0.20999182281002157  0.22057805054202978  0.23114081423737812  0.24162370014657142
  0.25222496646746734  0.26269780957981498  0.27319545910731713  0.28364059087210231
  0.29424687221479551  0.30494765679463098  0.31571052342846723  0.32641832574354829
  0.33707728216509858  0.34776253239684435  0.35834806433254074  0.36879493623787413
  0.37933963058525993  0.39002595863201794  0.40061138081824510  0.41118859184488565
  0.42182105624767580  0.43257568090372572  0.44333615195427994  0.45406308031317028
  0.46466875817988923  0.47517248320896416  0.48570563565153102  0.49626332607322898
  0.50690198415384258  0.51749763057623199  0.52816098766301534  0.53883498667330376
  0.54949312440480269  0.56010896032217961  0.57071244465577708  0.58122223078410273
  0.59149182143066514  0.60154413466594669  0.61189137473165911  0.62237861600781930
  0.63298504724688842  0.64350446411087081  0.65447119668117160  0.66541290654573659
  0.67601007100405797  0.68660030656739968  0.69683202245083342  0.70715674186193300
  0.71703266221616269  0.72697989434947630  0.73702144183373497  0.74700587190680656
  0.75731261050580356  0.76759124796247935  0.77810556523180496  0.78863068980670969
  0.79916965966796372  0.80986232332528774  0.82045136843462640  0.83098642176751425
  0.84137919085022961  0.85176527950395653  0.86233992022229344  0.87313166011976839
  0.88401960509870381  0.89475310511583050  0.90520930264468136  0.91566996732026051
  0.92589022263971510  0.93636699830233860  0.94683184911086204  0.95737921244393132
  0.96783321956784174  0.97835591569291946  0.98908618326608533  1.00000000000000000
 -0.00396253923130232  0.02329578648399887  0.04317881358374395  0.05995249432879115
  0.07514293014984921  0.08922815868659410  0.10251672486051132  0.11512566243862177
  0.12722429283004744  0.13877561535603405  0.15012191889230744  0.16116625518692029
  0.17198216594878021  0.18260664160024478  0.19324932893089355  0.20391533642865359
  0.21447447432658129  0.22485913807175598  0.23494974932247889  0.24492999978396626
  0.25477305939756850  0.26450942752090739  0.27406636377973070  0.28345493242212572
  0.29277941684505238  0.30219915534766201  0.31150200541559769  0.32070754891421571
  0.32978761515914584  0.33884380772937556  0.34786532913428797  0.35682846646083016
  0.36576707192018748  0.37470530713578332  0.38370901930578849  0.39268496493310118
  0.40160316243401395  0.41046784901347860  0.41925755329430092  0.42800317935299403
  0.43670592825907867  0.44537695587830506  0.45403929333336840  0.46274340401206515
  0.47142354048812363  0.48013315229976727  0.48863323105634793  0.49714180860051427
  0.50559540533562730  0.51406615988791360  0.52263338560612460  0.53124076451552493
  0.53989527808210114  0.54848525716691632  0.55703879505417642  0.56556466349236700
  0.57405599285035191  0.58253922696250560  0.59099933707474039  0.59955076384735240
  0.60804017580276948  0.61646826467079485  0.62482094074412864  0.63319778264943105
  0.64159115951818468  0.64998146755117348  0.65844349227406940  0.66708201822698510
  0.67603996237342379  0.68503982992210988  0.69394768557374886  0.70274375302187431
  0.71157793769176125  0.72066519479524993  0.73004721450287380  0.73948936425034972
  0.74887964943561292  0.75810179631175822  0.76732722409612086  0.77675608600397539
  0.78623221590587100  0.79590047674766029  0.80572336172768411  0.81574440735810716
  0.82614794695720495  0.83696044601349318  0.84822872869341415  0.85967548901589841
  0.87132712956689751  0.88337843723235143  0.89642033710544611  0.91074408779099647
  0.92651215177962576  0.94379353024761725  0.96547605534741088  1.00000000000000000
 -0.02003715701961522  0.12189576921796937  0.16075267472547716  0.18392753846256080
  0.20212042738618621  0.21738075221836145  0.23062870478328140  0.24249224477643100
  0.25343999645877902  0.26341601362861672  0.27295504008343796  0.28167174977915965
  0.29030556891330728  0.29843087009567310  0.30641524839588757  0.31413378991545887
  0.32133494476502261  0.32839848127676219  0.33507238800044759  0.34162735649169157
  0.34813763939074932  0.35455443680017545  0.36080069017602673  0.36689231837132702
  0.37291558731966867  0.37877956255539291  0.38457973401373097  0.39034821089744731
  0.39605781403489360  0.40172687358044579  0.40735089853321588  0.41291631306885468
  0.41845459193415974  0.42395073111410381  0.42947414925356686  0.43497307112964623
  0.44029270664883885  0.44547998157436153  0.45064309332647901  0.45582425107960722
  0.46104668507028568  0.46627702764079410  0.47146651408108059  0.47658553038829549
  0.48164746966569327  0.48672401997595660  0.49186114244411699  0.49705265839470592
  0.50218844221854131  0.50721286920025443  0.51220075941190468  0.51721129531598564
  0.52222080138240612  0.52724808047779081  0.53231165805393854  0.53741222221200191
  0.54257592364493445  0.54783334776026726  0.55312434446816061  0.55841176071058296
  0.56377643412802092  0.56927183515492952  0.57478826487230628  0.58027483089479903
  0.58576807530645625  0.59128450534793098  0.59681571138520639  0.60239967657573534
  0.60811379222220507  0.61397023742840329  0.61989198290491077  0.62584669737454224
  0.63190434625698255  0.63806693526546443  0.64442967147018482  0.65095600188554881
  0.65761460714357090  0.66433019168832763  0.67122835448873508  0.67823625342239835
  0.68538683682469126  0.69288950975749608  0.70076729732168996  0.70881728114127751
  0.71745531990245370  0.72624571098685187  0.73577542865878653  0.74585858707996822
  0.75690060302419238  0.76907307212563758  0.78281334869675001  0.79831062049919910
  0.81669053503901723  0.84018699897183291  0.87906059239677170  1.00000000000000000
   2.5302863843194127E-002  -1.0000000000000000     
 T T T T T T T T T T T T T T T T F F F F F F F F F F F F F F F F
  <DiscreteSampler_grid>
  grouped_processes
  1 # 1 for a reference and 2 for a running grid.
  10 # Attribute 'min_bin_probing_points' of the grid.
  1 # Attribute 'grid_mode' of the grid. 1=='default',2=='initialization'
  0.0000000000000000 # Attribute 'small_contrib_threshold' of the grid.
  0.5000000000000000 # Attribute 'damping_power' of the grid.
 # binID   n_entries weight   weight_sqr   abs_weight
    10   10   1.213423802636393E+009   1.981220350214796E+018   1.213423802636393E+009
    16   10   1.213423802636393E+009   1.981220350214795E+018   1.213423802636393E+009
  </DiscreteSampler_grid>
