  0.00000291223615793  0.00001495377472200  0.00002794620518212  0.00004174347611073
  0.00005505539023827  0.00006845221350292  0.00008242220642180  0.00009683727306201
  0.00011163023127781  0.00012684973473167  0.00014223515418366  0.00015780593850713
  0.00017417815039422  0.00019151319168025  0.00020953861047244  0.00022857011279531
  0.00024823933953199  0.00026927861754079  0.00029146823260796  0.00031498107559705
  0.00034001835406270  0.00036595925990700  0.00039317351265067  0.00042131664111169
  0.00045098872112033  0.00048185527747045  0.00051396232551223  0.00054732751907128
  0.00058250909106680  0.00061996174157926  0.00065911789795221  0.00070009712884540
  0.00074274117774877  0.00078665292011617  0.00083186339707876  0.00087942827075432
  0.00093016346325262  0.00098220297850863  0.00103620010614701  0.00109098889897367
  0.00114710695823230  0.00120646333937058  0.00126983449973009  0.00133657227855196
  0.00140361655408983  0.00147553892724435  0.00155188752387885  0.00163091658044688
  0.00171199527560930  0.00179615679829442  0.00188658510348303  0.00197962851973112
  0.00207333662443845  0.00217029390905141  0.00227344460903680  0.00238343266078793
  0.00250051112265308  0.00262285033418363  0.00276489466065025  0.00291277037326707
  0.00306881326174929  0.00322330507767788  0.00337474635363830  0.00352812920142837
  0.00369096789722017  0.00387378798262348  0.00407747202699498  0.00428902727699033
  0.00450444871982419  0.00472603341890603  0.00494262034421967  0.00515934089032816
  0.00540193379827515  0.00567246697550911  0.00597505179205295  0.00630427357582582
  0.00666114707399920  0.00706867511413142  0.00758288324403314  0.00822971283412424
  0.00895284981576996  0.00948898400040196  0.01006530209967880  0.01054159482979831
  0.01109557844454885  0.01193090117685392  0.01316921924694818  0.01476284492563346
  0.01608363443983104  0.01745648065483119  0.01918012087595454  0.02188374227889416
  0.02630310600683066  0.04738418485741379  0.07585882371350083  1.00000000000000000
 -0.00256116603058310  0.00961746871425150  0.01981846980983305  0.03017694510965457
  0.04064290936496886  0.05143126464579095  0.06216641138798500  0.07290252122856274
  0.08327698581874100  0.09398539625944398  0.10457926254902032  0.11515394324087118
  0.12595017001386610  0.13667225460028307  0.14746031557617770  0.15787732568428864
  0.16837084410872941  0.17870014135034815  0.18888101304040869  0.19900610039603456
  0.20938040164950170  0.22001913245217525  0.23062594406552903  0.24136515187994331
  0.25221167050903553  0.26299833730295530  0.27363965208267227  0.28430513937519541
  0.29499951234881150  0.30573642969200687  0.31632288467593556  0.32683211878376534
  0.33736368945563050  0.34782313940962939  0.35844451947365152  0.36892889266003204
  0.37948492515954030  0.39011603089563407  0.40094459236247698  0.41190228945043345
  0.42273769285456109  0.43333543000537755  0.44389712698885386  0.45442842096525038
  0.46498018635807853  0.47547405229601747  0.48602577315229473  0.49665149558322208
  0.50734169042165878  0.51804489554340916  0.52855491652773612  0.53912623196688747
  0.54956187084248254  0.56005461252700883  0.57039780971720255  0.58075185251464601
  0.59129792388771607  0.60210841703435347  0.61277339912877760  0.62331696596219577
  0.63380176970109547  0.64455667050449827  0.65539845540115527  0.66589409618079953
  0.67611381498421441  0.68615365851619392  0.69612797199444620  0.70617553973829983
  0.71637827001386700  0.72664893480000170  0.73703817994939258  0.74753579841079498
  0.75794161419068085  0.76835333678701889  0.77876254377592047  0.78934135952174456
  0.79961966848255828  0.81001841252910400  0.82076780592072229  0.83179947644431074
  0.84256267259153972  0.85312746938774686  0.86361243540441623  0.87425480507035325
  0.88482754486162596  0.89529465770462080  0.90561943077094675  0.91596178601763711
  0.92659060967873053  0.93732813748072807  0.94772196691437116  0.95815537249018801
  0.96862542734735657  0.97916742809842305  0.98970062136318171  1.00000000000000000
 -0.00374323175943602  0.02290784072003139  0.04285681133385201  0.05974986726227809
  0.07509842083303069  0.08933813818502426  0.10276188469932299  0.11557524255540737
  0.12789958418627859  0.13986540843009893  0.15154396102603179  0.16302196156961513
  0.17418345730010112  0.18522338026401783  0.19608158994499528  0.20676524801659349
  0.21724192300846240  0.22750692409160087  0.23761569675999156  0.24761409445397844
  0.25761206546956683  0.26752675051555069  0.27720790577034660  0.28675656407174960
  0.29628745046526150  0.30580995316016274  0.31515156477701528  0.32426184364926425
  0.33321595649943353  0.34216659025462232  0.35112409586878218  0.36008490872216870
  0.36902420318122475  0.37797752020398229  0.38699024022323919  0.39593548548703961
  0.40484691716155602  0.41368151750369003  0.42243108016634517  0.43113984348495427
  0.43982451417184537  0.44847529091113070  0.45701572931290868  0.46551015763962889
  0.47409258225068757  0.48273933270317904  0.49134782110739261  0.49981811077323213
  0.50798604090203503  0.51605568761460130  0.52423912491509650  0.53247856005132854
  0.54083734364267599  0.54938255742772446  0.55805366097725029  0.56674432958244048
  0.57540810155324040  0.58392858948252868  0.59234591955429627  0.60078555609487394
  0.60936949192506051  0.61813882251331664  0.62683492605771052  0.63529485389805418
  0.64368491693471741  0.65208246340939846  0.66053935498202987  0.66888493499191559
  0.67713318696147551  0.68546222239363563  0.69396682321019820  0.70256038288445144
  0.71119749990383896  0.71993336216067316  0.72870962429414465  0.73754452097714640
  0.74640760980962717  0.75541109626781699  0.76452733563458808  0.77379721118012390
  0.78322621261528824  0.79281675728849343  0.80274459322709257  0.81293559465531207
  0.82327290492687843  0.83385974918845374  0.84473939326682268  0.85603512731442943
  0.86760559643199586  0.87993870666737328  0.89332962586057152  0.90783143115723253
  0.92323526911756704  0.94114438803778877  0.96520483776084487  1.00000000000000000
 -0.02052221293836306  0.12244393353777221  0.16082403680062349  0.18406373291022249
  0.20252632525444883  0.21804866710327220  0.23149789021735756  0.24351187471661040
  0.25447199736556253  0.26444699679033734  0.27387977705510874  0.28273317846269014
  0.29148104907687994  0.29952494404235236  0.30730773073336026  0.31468191995160139
  0.32175007768401348  0.32876075543330252  0.33561374513619602  0.34229552419126680
  0.34879318594492170  0.35512423151061517  0.36123091477053054  0.36729532552688848
  0.37330499740537298  0.37922080977753458  0.38501262160830718  0.39071965370244988
  0.39632782059743221  0.40181627559597705  0.40727315565754435  0.41276995967972652
  0.41821866912897959  0.42355790098655283  0.42886860887019945  0.43413831634488326
  0.43940304319610018  0.44465576871019652  0.44990327377818878  0.45512641902646200
  0.46032269147407917  0.46555200067191088  0.47079591413158317  0.47603464218083474
  0.48125921512001035  0.48644436509406147  0.49161466152825334  0.49683079524621143
  0.50208442905467821  0.50733927506077015  0.51259732393124557  0.51786467800971359
  0.52312710311009936  0.52835864362777163  0.53356738580913365  0.53878727503918489
  0.54403002420904600  0.54928827750223852  0.55460609354145318  0.55999028015318286
  0.56545347841715221  0.57094922068228438  0.57643401984316667  0.58193978248335043
  0.58746276374595263  0.59301894447497061  0.59865100265787263  0.60436789464313234
  0.61019030901044047  0.61604772834225729  0.62187782411934622  0.62772170937401350
  0.63360858864594083  0.63960211479512274  0.64575657311656653  0.65212006374926179
  0.65866232020737336  0.66528016299392112  0.67209481827808637  0.67907753990591169
  0.68613815836406811  0.69366168446678189  0.70130792131848640  0.70913301101776693
  0.71756117665602470  0.72630494530164569  0.73595645340430027  0.74606209950148050
  0.75694771787963644  0.76875469090213766  0.78206606742588991  0.79744339720486246
  0.81598501616385188  0.83986460540151819  0.87909132037495941  1.00000000000000000
   2.5188082840923109E-002  -1.0000000000000000     
 T T T T T T T T T T T T T T T T F F F F F F F F F F F F F F F F
  <DiscreteSampler_grid>
  grouped_processes
  1 # 1 for a reference and 2 for a running grid.
  10 # Attribute 'min_bin_probing_points' of the grid.
  1 # Attribute 'grid_mode' of the grid. 1=='default',2=='initialization'
  0.0000000000000000 # Attribute 'small_contrib_threshold' of the grid.
  0.5000000000000000 # Attribute 'damping_power' of the grid.
 # binID   n_entries weight   weight_sqr   abs_weight
    10   10   1.490623394010816E+009   4.511369081980846E+018   1.490623394010816E+009
    16   10   1.490623394010816E+009   4.511369081980846E+018   1.490623394010816E+009
  </DiscreteSampler_grid>
