 -0.00000033238875922  0.00001191785424977  0.00002717533992296  0.00004066951130947
  0.00005373274684367  0.00006688144388355  0.00008017588731161  0.00009380113203704
  0.00010799027668800  0.00012263122495962  0.00013755000955192  0.00015289453023573
  0.00016883325524908  0.00018566324135848  0.00020322614548733  0.00022142129258739
  0.00024041855672289  0.00026051704772350  0.00028175781850628  0.00030376683271122
  0.00032690819368445  0.00035140828718779  0.00037699202036796  0.00040396058450926
  0.00043244139180958  0.00046186987340378  0.00049278031261727  0.00052515566794121
  0.00055853383745854  0.00059345545796003  0.00063002990026718  0.00066772854707923
  0.00070746963465895  0.00074909797857067  0.00079145339629163  0.00083489215035578
  0.00088008404266216  0.00092776880218502  0.00097817895460378  0.00102901193149155
  0.00108216953567848  0.00113622316512991  0.00119239437941408  0.00125446772482850
  0.00132004081363845  0.00138912673152659  0.00146357085079044  0.00154130221026405
  0.00162028813726644  0.00170010923526858  0.00178313120409523  0.00187189040154681
  0.00196568934053598  0.00206636792718886  0.00217327511072214  0.00228596680410279
  0.00240007057173578  0.00252049233406671  0.00264288132293237  0.00276500037715718
  0.00288561008953702  0.00301087372006283  0.00314433062365356  0.00328920090104688
  0.00344490113151075  0.00360854186957518  0.00378486588851725  0.00397235863225626
  0.00415896613157433  0.00434582548944838  0.00455128717709733  0.00477164746696225
  0.00499074541165361  0.00522701367267534  0.00548534124410784  0.00575648340814497
  0.00603595253804939  0.00631662024352458  0.00659763457643470  0.00687860761089920
  0.00728969632947533  0.00774826726421962  0.00826115656838334  0.00881230088091777
  0.00934186538139384  0.00985946516023917  0.01039293079508292  0.01095189928985939
  0.01165377524418697  0.01273683487529238  0.01445788560585492  0.02404451387280849
  0.02859207340682887  0.03190000775537353  0.21265624603945033  1.00000000000000000
 -0.00234195503828911  0.00988560948373228  0.02024389161515337  0.03078577485501594
  0.04137705646374278  0.05210956176008277  0.06268778934401209  0.07317799552316427
  0.08383219374649083  0.09455598285634451  0.10543774057348401  0.11591125389747320
  0.12605600512972470  0.13604207253119990  0.14613125151096687  0.15675163519354926
  0.16728850700620360  0.17781487678341540  0.18826079125898249  0.19893985369823430
  0.20956197777695215  0.22011192219011269  0.23050536471393510  0.24081905301877038
  0.25109639066224670  0.26131600958706919  0.27159338928228843  0.28215236064512461
  0.29285637385024599  0.30368802726922794  0.31454883376312109  0.32542136951438783
  0.33623614934744905  0.34690620586782461  0.35742298757366225  0.36786981310512912
  0.37833346589840933  0.38885602860120699  0.39933895017031951  0.40989308033450800
  0.42046163747491266  0.43080115604040187  0.44109814417225407  0.45128848073655187
  0.46173306560627786  0.47213421458736660  0.48287575572728630  0.49375362141792795
  0.50455322453607432  0.51510070455307688  0.52560413840432296  0.53612103022804714
  0.54675885782548128  0.55741119488380275  0.56801979653438617  0.57851731580014276
  0.58909466936297139  0.59974357669056466  0.61046563598008008  0.62120289079050639
  0.63197615476107261  0.64278875545345737  0.65353626272721077  0.66422726481583405
  0.67484672553557967  0.68562620088849346  0.69636562536980140  0.70713479894387088
  0.71753339446537912  0.72797661228768806  0.73837782639547067  0.74873240686808618
  0.75898909928927105  0.76929351402696333  0.77994456403118373  0.79053226554023903
  0.80114368634343225  0.81176666527795338  0.82250279947407712  0.83322571316047389
  0.84383471399367527  0.85446259473357999  0.86489703755943903  0.87510297786222413
  0.88544031896845687  0.89580625253911739  0.90639640784428266  0.91677367455238112
  0.92735806413724886  0.93813268308445197  0.94861723905191275  0.95904530423989620
  0.96927195390392229  0.97963651141523689  0.98983458446095052  1.00000000000000000
 -0.00401332346395211  0.02315320837925618  0.04253004642201872  0.05913631615892652
  0.07417391738752099  0.08817410011449270  0.10152841490049980  0.11437211394977505
  0.12679869252038950  0.13880536871846458  0.15038102200334114  0.16171273812321213
  0.17285241328155779  0.18369868412431400  0.19424689469311521  0.20461543829559384
  0.21482246899516136  0.22481048135187068  0.23462526442641868  0.24445134832195783
  0.25425894870352833  0.26411562889552753  0.27386043600632798  0.28351051988693682
  0.29305293267741711  0.30259612773069267  0.31203196345658951  0.32148264426003920
  0.33076633148839468  0.33994591395436979  0.34899176333660265  0.35798359998183649
  0.36703542970456915  0.37599651721826055  0.38476371462407810  0.39349901232928342
  0.40234070080452988  0.41116465177183525  0.41986787947646753  0.42842558093814603
  0.43685843388863305  0.44534938991274076  0.45383217748053684  0.46234313296880186
  0.47071329763376979  0.47919027236279971  0.48748967071315935  0.49589060032612031
  0.50421785025283627  0.51273297140763996  0.52107307970063832  0.52947014042395135
  0.53768884327520849  0.54597257695014312  0.55429080650569584  0.56274989090344496
  0.57123726277379405  0.57968396568012470  0.58812671689509599  0.59660283661202829
  0.60514727194764006  0.61371308787913770  0.62226330333521762  0.63075650735236699
  0.63917938087415804  0.64762189227696887  0.65618155493287955  0.66496402169428126
  0.67390035236727275  0.68266625502649492  0.69141712881105477  0.70025100842023624
  0.70921376005195458  0.71850078378908988  0.72781415419976037  0.73695856127002901
  0.74606839506029676  0.75538366904680021  0.76498107774337176  0.77514556216148500
  0.78531713678185722  0.79535271936475427  0.80527565273407464  0.81533657846456209
  0.82569712229915104  0.83621893382176338  0.84725644041319870  0.85862098483304772
  0.87033722443750761  0.88250445632127883  0.89526115256336747  0.90880543837403749
  0.92378843601604299  0.94147561671439617  0.96503085998050842  1.00000000000000000
 -0.02037824827398328  0.12187818060542972  0.16038160398794443  0.18358502686041875
  0.20153978999633224  0.21654575122726194  0.22988718036387323  0.24166909639718223
  0.25263083766275002  0.26248653083723561  0.27200134520644309  0.28082400647934036
  0.28940503647955029  0.29763715791262740  0.30557214350102874  0.31323319178074710
  0.32056918466226036  0.32782050408472335  0.33491504044769638  0.34165619955008292
  0.34816272386673697  0.35458121062820952  0.36081219736992104  0.36702121904855239
  0.37318745541882342  0.37923011538576135  0.38516197691446741  0.39098981689927553
  0.39668298308192851  0.40225920704124885  0.40780491887947179  0.41332652363825284
  0.41871579205987569  0.42394410217854256  0.42913920927276095  0.43437246944546332
  0.43959034681328452  0.44483227470962239  0.45001679588473870  0.45518429281277878
  0.46035412642442308  0.46550641397685838  0.47060023238580040  0.47567145892461304
  0.48079178554743063  0.48600078230625571  0.49129264927515431  0.49663080617852856
  0.50196927729081953  0.50727176190581080  0.51252997735984696  0.51773708221925374
  0.52288430120219820  0.52800492790419196  0.53315090932797116  0.53835607966860100
  0.54362387176064864  0.54888799329832783  0.55412050748517516  0.55937473976656116
  0.56464428683040857  0.56998757135026712  0.57540043625437398  0.58076940848208569
  0.58624689752137016  0.59170596748672399  0.59723990098459301  0.60283547661137504
  0.60851146624815178  0.61430770174719995  0.62014683184424391  0.62605917492128593
  0.63212261290974781  0.63821134283363068  0.64439573733620992  0.65077972655353422
  0.65734530797352342  0.66396778786005239  0.67079879590065961  0.67786603117770228
  0.68505083827777935  0.69267718219630048  0.70081400966791829  0.70926699784188607
  0.71797199885969254  0.72682927076994230  0.73644777743388223  0.74654957977556269
  0.75749117482655925  0.76939175589467901  0.78268169073148253  0.79791366037297917
  0.81620308343640946  0.83967911735447720  0.87831425336020597  1.00000000000000000
   2.5286609221925271E-002  -1.0000000000000000     
 T T T T T T T T T T T T T T T T F F F F F F F F F F F F F F F F
  <DiscreteSampler_grid>
  grouped_processes
  1 # 1 for a reference and 2 for a running grid.
  10 # Attribute 'min_bin_probing_points' of the grid.
  1 # Attribute 'grid_mode' of the grid. 1=='default',2=='initialization'
  0.0000000000000000 # Attribute 'small_contrib_threshold' of the grid.
  0.5000000000000000 # Attribute 'damping_power' of the grid.
 # binID   n_entries weight   weight_sqr   abs_weight
    10   10   4.069905308154746E+009   5.081073003930533E+019   4.069905308154746E+009
    16   10   4.069905308154746E+009   5.081073003930532E+019   4.069905308154746E+009
  </DiscreteSampler_grid>
