  0.00000228466268231  0.00000596424487523  0.00001199697349184  0.00001816798390216
  0.00002407487364073  0.00002973484291550  0.00003525076269662  0.00004080365958614
  0.00004642954262435  0.00005220744874531  0.00005797298657601  0.00006371667264916
  0.00006946219318831  0.00007524285345227  0.00008117683227655  0.00008727773853578
  0.00009354720904140  0.00010001532230480  0.00010663103813002  0.00011340768589256
  0.00012035574449025  0.00012745935371031  0.00013473022944544  0.00014215955592439
  0.00014969389029149  0.00015729296822128  0.00016496582488671  0.00017283867648855
  0.00018102520773404  0.00018954019607545  0.00019830871161593  0.00020746189494273
  0.00021697071056494  0.00022684418421833  0.00023722518907843  0.00024804815251015
  0.00025930273548893  0.00027103427963558  0.00028316106423257  0.00029591269662976
  0.00030914478964312  0.00032292188922760  0.00033721532906543  0.00035209937367711
  0.00036773567875878  0.00038401045336684  0.00040113478153765  0.00041911591309496
  0.00043802783875140  0.00045802769753619  0.00047913965588947  0.00050149117930238
  0.00052511660781878  0.00055022527754713  0.00057695373025522  0.00060590367703192
  0.00063701982055836  0.00067067649921391  0.00070663626186587  0.00074443230391479
  0.00078469200340316  0.00082798145377282  0.00087527239537382  0.00092617961874664
  0.00098100071972710  0.00103984412452000  0.00110305890241708  0.00117139400193914
  0.00124425647687555  0.00132256353386541  0.00140622097458552  0.00150037644702958
  0.00160321468529628  0.00172256195131887  0.00185740525344227  0.00200596577245556
  0.00217267747533581  0.00236210585974018  0.00257413012387157  0.00280684284521915
  0.00306673300403384  0.00336511245885855  0.00371269850227222  0.00413633186236254
  0.00467956467662251  0.00540295211898555  0.00616555292581939  0.00703879369214132
  0.00825568798775345  0.01012302272539712  0.01322256507788037  0.01570809671569720
  0.02487976487449867  0.03784198100320990  0.12911155522528017  1.00000000000000000
 -0.00242243963557964  0.00921048660068734  0.01901798377026128  0.02926837761317532
  0.03964538884557054  0.05032487729645136  0.06106508990039704  0.07145061540771652
  0.08198406874399032  0.09260918246301249  0.10318149860712336  0.11333554692211174
  0.12343386556279004  0.13384205458704249  0.14445453025101179  0.15492444461338295
  0.16535348098069522  0.17587303242449964  0.18642142349366392  0.19700774863719944
  0.20767047676536066  0.21822048217390888  0.22905072828346490  0.23970125347910437
  0.25040947580017542  0.26082140597879844  0.27141958354536833  0.28187121554878064
  0.29232339866770979  0.30245948612368229  0.31276701820231750  0.32261328697949543
  0.33261370066338125  0.34269252272097589  0.35310366673362809  0.36352587272425951
  0.37390104777249966  0.38449532345127191  0.39523977731661719  0.40619057687886229
  0.41700374272685686  0.42779401193469890  0.43834702245196749  0.44887254089943046
  0.45919078612360764  0.46948785568451601  0.47986994497757390  0.49053270256488352
  0.50117061561411835  0.51190294118232826  0.52244243352322783  0.53316775877999101
  0.54379703971075843  0.55424691138230231  0.56496674321610763  0.57580110143062158
  0.58661097580853716  0.59717438758193775  0.60766792684255300  0.61838738350935929
  0.62896823521233913  0.63971850725445933  0.65036452557264923  0.66113969016440610
  0.67181640760127737  0.68269301163991136  0.69355841052630463  0.70426210071884654
  0.71487857422718504  0.72543202475699353  0.73591852566579774  0.74667140625406647
  0.75741913736641742  0.76827770182733957  0.77898896201312406  0.78977753306989018
  0.80020053996055041  0.81042054505656846  0.82073155031769462  0.83137580577665438
  0.84211920574837662  0.85293589889067378  0.86379945846571982  0.87454456284290238
  0.88513443196690322  0.89588176627621896  0.90672857659548112  0.91737166041082496
  0.92752496774093829  0.93755729978214675  0.94783333253488711  0.95800936471726539
  0.96839134073120059  0.97869131902504591  0.98935639785279106  1.00000000000000000
 -0.00368402265940099  0.02335517947010719  0.04345021700307745  0.06038088876681364
  0.07566462036252850  0.08984576006763489  0.10318535541483286  0.11588691343834502
  0.12801206398939757  0.13965001519222706  0.15083255380263405  0.16189776814172135
  0.17281422116585218  0.18362989858792461  0.19403244577626846  0.20423506842125849
  0.21406562888602310  0.22366426366117484  0.23298700032931008  0.24212226057839970
  0.25119159270865549  0.26019800129704657  0.26921529028388452  0.27806095205996550
  0.28692700231622087  0.29569029851940748  0.30442741826215941  0.31305491996044649
  0.32152547209074783  0.32988574069141896  0.33813181362915129  0.34628804606215491
  0.35437369926348561  0.36245973758167621  0.37061439497115450  0.37886884667279064
  0.38722074947659219  0.39544272105898443  0.40353291575332639  0.41141726482269303
  0.41926864711489842  0.42719767822099208  0.43522281634458898  0.44333773594598969
  0.45146251051562708  0.45965387679691078  0.46786348163750135  0.47598217983716617
  0.48400707974531559  0.49198042481075760  0.49994928750181888  0.50786557820240386
  0.51573429507389479  0.52350462907736439  0.53110050929299946  0.53874494403399786
  0.54659060064352039  0.55452714413770299  0.56256794204229821  0.57071879343398091
  0.57898839514857026  0.58730261238338533  0.59564626001448173  0.60392885214269809
  0.61215832125414005  0.62049882107261467  0.62890690366101398  0.63733668861717985
  0.64567535927728037  0.65399594507282333  0.66233320496715697  0.67094620982399289
  0.67984536918671634  0.68890725198695324  0.69805348793847255  0.70729448204721901
  0.71675644507016267  0.72634512663110518  0.73588633593159924  0.74538205644191358
  0.75503535349315676  0.76499362414505878  0.77524371483317767  0.78584495796354026
  0.79691360612099371  0.80831629014464479  0.81983352252349906  0.83158009103036856
  0.84386367767979076  0.85687795614302864  0.87065080747921653  0.88593251028989906
  0.90322185636462327  0.92411353754243797  0.95194512339821491  1.00000000000000000
 -0.01862714617576523  0.10813171554941331  0.14440192926218456  0.16668521824451893
  0.18424958977663630  0.19922790578226085  0.21239068756247001  0.22430849948462647
  0.23526400516776164  0.24555205573113451  0.25537226217789355  0.26485492367880109
  0.27397460487830533  0.28262926596816040  0.29097128478058337  0.29907295219876584
  0.30708381054029116  0.31494577227659870  0.32248761357293310  0.32979644337208835
  0.33687096807756606  0.34374621596747867  0.35065528377398802  0.35728348163546031
  0.36370936885578226  0.37005173364232158  0.37631221685243749  0.38251486490398656
  0.38866908410458711  0.39477696617573071  0.40080287101962553  0.40671907794109691
  0.41259459097438217  0.41839549192062286  0.42422484709645930  0.43005616440456129
  0.43585449769852763  0.44159927322812786  0.44729563589175653  0.45299385969268052
  0.45866233145712143  0.46425397010380609  0.46978138975196654  0.47526575376707692
  0.48067913316218175  0.48603061753510618  0.49137854232603650  0.49674558006420805
  0.50212391044347315  0.50762896721770268  0.51308507918465807  0.51852764083394454
  0.52402896624950990  0.52958251757621766  0.53515684068316316  0.54076118103448922
  0.54640054046044406  0.55207839772568690  0.55781248982065890  0.56355840527763368
  0.56932612430118068  0.57512105161128069  0.58097859257262263  0.58685500261911894
  0.59280217892191933  0.59876160905650355  0.60482256545221491  0.61099395665277090
  0.61720899579094979  0.62350056329460013  0.62991516271036052  0.63643796514574180
  0.64304862480058489  0.64974882242912757  0.65658108690403172  0.66351998923017952
  0.67060836128350532  0.67796868774792074  0.68541586811326061  0.69300767358652759
  0.70066297361606356  0.70840502972200114  0.71646742249362061  0.72489032194202108
  0.73384583132839443  0.74337794940687618  0.75328692092936334  0.76380052263126541
  0.77503073981267556  0.78735955156686510  0.80087539396751461  0.81588535479109536
  0.83335318693293681  0.85547066425179319  0.89066617773409951  1.00000000000000000
   3.2029793065645263E-003  -1.0000000000000000     
 F T T F T T T T T T T T F T T F F F F F F F F F F F F F F F F F
  <DiscreteSampler_grid>
  grouped_processes
  1 # 1 for a reference and 2 for a running grid.
  10 # Attribute 'min_bin_probing_points' of the grid.
  1 # Attribute 'grid_mode' of the grid. 1=='default',2=='initialization'
  0.0000000000000000 # Attribute 'small_contrib_threshold' of the grid.
  0.5000000000000000 # Attribute 'damping_power' of the grid.
 # binID   n_entries weight   weight_sqr   abs_weight
    10   10   3.868773978864726E+009   1.267657926472297E+020   3.868773978864726E+009
    16   10   3.873088432172949E+009   1.267689561965037E+020   3.873088432172949E+009
  </DiscreteSampler_grid>
