  0.00000497529188473  0.00001076276143321  0.00001555601742104  0.00002014783835165
  0.00002465830341041  0.00002924861382729  0.00003410933143488  0.00003927848764991
  0.00004453049417339  0.00004979614017580  0.00005511589793151  0.00006058197623199
  0.00006622277709030  0.00007200446467622  0.00007786686456466  0.00008379277932643
  0.00008985851418834  0.00009607687806482  0.00010246377962457  0.00010901499998068
  0.00011569862529195  0.00012251147995496  0.00012949584342932  0.00013660644229231
  0.00014389848647878  0.00015140355278156  0.00015904673612146  0.00016675861153098
  0.00017456297662151  0.00018260590606983  0.00019074351565280  0.00019938147711787
  0.00020827129924305  0.00021750407988525  0.00022711698094806  0.00023706672212508
  0.00024750415365786  0.00025833121334564  0.00026958578545545  0.00028136561739301
  0.00029343830465552  0.00030621856386390  0.00031938860271086  0.00033342077899031
  0.00034806561570673  0.00036337164956233  0.00037964720220544  0.00039621335791659
  0.00041417371862801  0.00043256483168639  0.00045256699981881  0.00047349752137965
  0.00049547539478520  0.00051856121844610  0.00054254945544084  0.00056864889812114
  0.00059538112693638  0.00062444000926539  0.00065452171326952  0.00068723318266255
  0.00072244744375776  0.00076018279985371  0.00080073753160302  0.00084374227375281
  0.00089010520972227  0.00094069289375699  0.00099457611254793  0.00105352451331194
  0.00111863374218763  0.00119017154805734  0.00126994377947602  0.00135702389442046
  0.00145596523169285  0.00155866381805064  0.00167150831141217  0.00179765303446358
  0.00193498559088491  0.00208969664530926  0.00226461368623947  0.00246099860959539
  0.00269092267902832  0.00295418647354459  0.00323715221145294  0.00355791599119183
  0.00394846516929900  0.00440292650687220  0.00498042884481473  0.00574193297041442
  0.00678211031561083  0.00796922436798431  0.00910873017175829  0.01027408049481057
  0.01182276003609858  0.01406732570490900  0.07066137638490340  1.00000000000000000
 -0.00268168712843735  0.01025204256116721  0.02102356779083766  0.03199580674702030
  0.04302803265042183  0.05389334211044013  0.06468225412741528  0.07511086801581174
  0.08559953914205873  0.09604058751021199  0.10647532923814995  0.11673151429317988
  0.12711844052244051  0.13767450732760156  0.14817043830626234  0.15824814854561886
  0.16835816665680667  0.17904600574112126  0.18971639873578577  0.20032653869210812
  0.21108597596338738  0.22199895541354972  0.23269212771306477  0.24328455562141144
  0.25380249458645354  0.26443344808318608  0.27511251088593036  0.28572907216552201
  0.29633250749305162  0.30688621453366138  0.31733805879457994  0.32768185436672925
  0.33797744490398784  0.34844286799267193  0.35884066910229417  0.36921753500326981
  0.37950741201529864  0.38997676425078048  0.40053260434378390  0.41136920579543901
  0.42214337698106896  0.43294217290304193  0.44368232023883769  0.45455967724966362
  0.46520644022437357  0.47558258288287458  0.48587398675938792  0.49630361711944987
  0.50691437925713456  0.51750172820194862  0.52805072833792266  0.53859405412958039
  0.54889232382965480  0.55934547783187483  0.56998175243839044  0.58070905027510544
  0.59127109874208439  0.60192015848970004  0.61255185524950462  0.62318336253520668
  0.63369027843723014  0.64417523672536836  0.65472480788988618  0.66514545998360286
  0.67563230177219713  0.68597153124650612  0.69628709644992481  0.70649090209384946
  0.71675124289032466  0.72712109562113181  0.73766903824761332  0.74806957893134063
  0.75843369195115240  0.76870075530112336  0.77933353107292769  0.78995393475155629
  0.80080664044697769  0.81149857251162272  0.82200710080817618  0.83256916547638304
  0.84296030142103162  0.85336614509671949  0.86370028868349380  0.87413839469900456
  0.88471053058375559  0.89543551191671089  0.90602918287383261  0.91658201419024543
  0.92693431849227159  0.93737138810911480  0.94789337402525675  0.95827585317018571
  0.96853234469451688  0.97905544042890058  0.98960230781893066  1.00000000000000000
 -0.00382971731775504  0.02334729253163669  0.04332728899287432  0.06039334572765755
  0.07583518197072953  0.09003741663487841  0.10325447208888053  0.11550608611590084
  0.12720158803987794  0.13842005209001312  0.14933496962696044  0.15999439911372093
  0.17055728528050562  0.18090087246313336  0.19104819072622886  0.20086767459212745
  0.21060265085582050  0.22020476061532238  0.22973889200947184  0.23930043190323164
  0.24864608084917944  0.25797964788919342  0.26736438410056279  0.27647584361739130
  0.28554019737514297  0.29441219679073405  0.30314763830274999  0.31172105377211323
  0.32013270372909680  0.32844738189819866  0.33675887983121849  0.34507878591033769
  0.35336945753452526  0.36161892430539183  0.36982219464545230  0.37799899349690469
  0.38614286173302126  0.39418760853105606  0.40207835205358616  0.40992668438369795
  0.41777490524667354  0.42569300234440322  0.43354756288757351  0.44135286268095891
  0.44916546219616993  0.45710205907368523  0.46516370869954982  0.47315114349413606
  0.48103768293418420  0.48894239509523357  0.49689140648952368  0.50483478380158575
  0.51286887612574683  0.52089956110845836  0.52894460749767747  0.53696036031235428
  0.54490870395379409  0.55290728511583964  0.56094150772908824  0.56914093424218837
  0.57737307685964134  0.58564679612989401  0.59402278848282664  0.60241694304633042
  0.61081927606782782  0.61918322205096477  0.62750009762665626  0.63577859855966756
  0.64424357344826133  0.65279963202806268  0.66154387382232127  0.66995619910050563
  0.67829130898128021  0.68681499599002127  0.69556220835900862  0.70439523579367103
  0.71329576772488801  0.72223569245836994  0.73156764026401355  0.74128580629948382
  0.75116755889490550  0.76122580891296820  0.77160005105589646  0.78234855257997238
  0.79342206434432194  0.80473775783960622  0.81629566427813061  0.82823194099742281
  0.84068116170818685  0.85366397792399640  0.86743249094066510  0.88290835370418053
  0.90082372927173870  0.92187696775107375  0.95014043574307394  1.00000000000000000
 -0.01910162968674180  0.10890530737824554  0.14525541649831300  0.16756066485975366
  0.18489137503614106  0.19982406196444780  0.21297782959037159  0.22497305988759703
  0.23620938767077576  0.24687734614989409  0.25690097372402299  0.26650488415762547
  0.27560172201731659  0.28426676791215116  0.29251288475270859  0.30041572971314778
  0.30807975831475320  0.31555135944668289  0.32283339141738548  0.33005951691926794
  0.33713987745142987  0.34401807093048276  0.35072663020159905  0.35724448555700550
  0.36367701649057438  0.37009792493934712  0.37641306814297010  0.38261306401731998
  0.38876381326127407  0.39488231865704293  0.40092073140458839  0.40687494284155046
  0.41277163743614853  0.41865297479596281  0.42443124053348119  0.43017678368044227
  0.43585651910856510  0.44142878647088668  0.44697089351032732  0.45250200062899582
  0.45809283255746958  0.46372519177940830  0.46931881568302236  0.47489443476475990
  0.48045504462224947  0.48602424753157242  0.49161710989454027  0.49718874860040385
  0.50272558441376891  0.50825539921654339  0.51376352122694868  0.51923848452607702
  0.52470762520147896  0.53018298998681901  0.53570973190063276  0.54128643818499045
  0.54686493591644680  0.55247329248082278  0.55809122246055698  0.56376053763290646
  0.56950664718857724  0.57529154919344916  0.58114630046778615  0.58703678759331201
  0.59292913421948834  0.59883806736827516  0.60483750909462286  0.61097173551136386
  0.61722336436227176  0.62357546252803431  0.63003207319636201  0.63653181611443932
  0.64300047694877416  0.64954876914639514  0.65633002685908570  0.66319432270896650
  0.67024190422799679  0.67743958688727346  0.68484753857127501  0.69250024906293828
  0.70039406311816210  0.70847373661454849  0.71682310043654729  0.72537467871703587
  0.73429502536449831  0.74370016887150991  0.75355970646171344  0.76410120672120296
  0.77530489531261693  0.78751366968097003  0.80092069820140444  0.81598556148618584
  0.83353873331054107  0.85565552794352329  0.89086755194205614  1.00000000000000000
   3.2091654752365558E-003  -1.0000000000000000     
 F T T F T T T T T T T T F T T F F F F F F F F F F F F F F F F F
  <DiscreteSampler_grid>
  grouped_processes
  1 # 1 for a reference and 2 for a running grid.
  10 # Attribute 'min_bin_probing_points' of the grid.
  1 # Attribute 'grid_mode' of the grid. 1=='default',2=='initialization'
  0.0000000000000000 # Attribute 'small_contrib_threshold' of the grid.
  0.5000000000000000 # Attribute 'damping_power' of the grid.
 # binID   n_entries weight   weight_sqr   abs_weight
    10   10   5.417096847750220E+008   1.613863060084792E+018   5.417096847750220E+008
    16   10   5.449933369464909E+008   1.614991648205589E+018   5.449933369464909E+008
  </DiscreteSampler_grid>
