 -0.00007300357948024  0.00080712342566072  0.00175387285308204  0.00311323255472337
  0.00485288261181587  0.00696829273569223  0.00955303478038302  0.01240321295602933
  0.01564601810213137  0.01913290958253360  0.02293655137157677  0.02721255376429169
  0.03179994274194656  0.03670218096047068  0.04183961640090246  0.04720573687415466
  0.05289746755859687  0.05877478167972214  0.06488422719483514  0.07121620671758379
  0.07770179813032449  0.08437236446568269  0.09137287088159644  0.09890273642179274
  0.10671659135420984  0.11475569065088984  0.12294298756437512  0.13131061285549636
  0.13993837369729276  0.14882899528690743  0.15783631400112089  0.16692973454285270
  0.17611445564569292  0.18561984315938029  0.19551251736115688  0.20568324921535017
  0.21592795180221644  0.22651932029319197  0.23732056962785147  0.24857141376212505
  0.26018011066274904  0.27146716810132637  0.28284913601371353  0.29430086190423527
  0.30592129233925341  0.31766685454411819  0.32942267121824853  0.34125434259452236
  0.35319073648320820  0.36518222294919012  0.37748666666783653  0.39003903891767239
  0.40277107604702567  0.41565175208742255  0.42880213006179840  0.44246130941331285
  0.45645501012573936  0.47065221584995132  0.48485040847100114  0.49895420857347861
  0.51327296665315947  0.52752920682961735  0.54189479561527187  0.55615066262392010
  0.57032859508076095  0.58444623939461704  0.59855422689423943  0.61286037932959558
  0.62732472540468132  0.64188717462457523  0.65652706584947340  0.67119921767386692
  0.68584958456280909  0.70042195015680908  0.71478540502154386  0.72924679909042445
  0.74371995626588594  0.75827156694789688  0.77282809193146718  0.78705189644995344
  0.80120114013549837  0.81518350763543590  0.82907262860091990  0.84291451263008543
  0.85673222169575192  0.87051721731830889  0.88410015177344137  0.89740174470983658
  0.91039757711911640  0.92338784352651881  0.93671584216578896  0.94989945050511526
  0.96258258555087606  0.97513698781260194  0.98761722599534485  1.00000000000000000
 -0.00261700180107685  0.01038926552573131  0.02115010947769839  0.03177891124931546
  0.04210807004150274  0.05265414669963625  0.06319836431733640  0.07369098969767654
  0.08422278308074568  0.09488923441612347  0.10522714329323829  0.11563823065032396
  0.12631679347669558  0.13779875848706399  0.14923233476401224  0.16055601214318915
  0.17151033863803333  0.18220876589757143  0.19266801745820969  0.20319049255199487
  0.21404296779184365  0.22500247095983902  0.23586296432621620  0.24649513480206436
  0.25650513161691352  0.26623711565051739  0.27642995742899573  0.28647931659579062
  0.29650903274454993  0.30598303887239281  0.31640516818603970  0.32734433923728828
  0.33828990951462590  0.34892395835497425  0.35935244696907936  0.36971209026454277
  0.38009182479392201  0.39005260408342979  0.40021797538547121  0.41046675713178082
  0.42088838862385691  0.43126465616136656  0.44182430868404660  0.45286127881143551
  0.46371010045261896  0.47439551117748668  0.48541164201801151  0.49670929334827690
  0.50762249067052168  0.51841326478381222  0.52965275011423962  0.54088274975607964
  0.55204723136846157  0.56274087686743701  0.57302063618622345  0.58306296008774328
  0.59313875795837490  0.60311884902336343  0.61302927959095832  0.62296853784663397
  0.63362936207800935  0.64476897930588672  0.65576265416694746  0.66675838373156593
  0.67757852855858025  0.68842447065654810  0.69875005034048665  0.70889680465709204
  0.71897965564368760  0.72927918212501341  0.73966320903905991  0.74991241649838147
  0.76036167348092187  0.77126356464784251  0.78238590484901260  0.79315829851217223
  0.80335176262063246  0.81348286179311768  0.82367604665842364  0.83433912720935621
  0.84519056210991061  0.85608168565237974  0.86676451065046389  0.87745651209732234
  0.88787842743674039  0.89807549073359583  0.90795594285189563  0.91793654134253500
  0.92804377973279695  0.93808519582093397  0.94818070019036726  0.95783730511696363
  0.96839148596516544  0.97898557136088327  0.98962824710146202  1.00000000000000000
 -0.00258510924950534  0.01650807831340000  0.03154757250100500  0.04448746981672975
  0.05578996865518040  0.06632696478309554  0.07666332227817288  0.08682619947665071
  0.09689579606357991  0.10687419286725962  0.11693183467330949  0.12674175647880481
  0.13602007411942238  0.14476471773359886  0.15324175486330216  0.16156192826517379
  0.16993521333973491  0.17814777710515958  0.18634648632817497  0.19456222870141099
  0.20286848557654305  0.21098979739408238  0.21921006988893735  0.22736892950611984
  0.23536518839610318  0.24318437693905531  0.25077326226437896  0.25811393246001646
  0.26556380932792611  0.27330863862827010  0.28128259097032116  0.28929100937050167
  0.29706517283491934  0.30469000822549946  0.31233237353542620  0.32007680732461852
  0.32782527623658975  0.33547338466825827  0.34308930091136419  0.35065658792540794
  0.35830476567603092  0.36593870212477686  0.37352221077361430  0.38098084815738198
  0.38849246859616821  0.39607094529802661  0.40405582265816115  0.41230499946582982
  0.42027616035909271  0.42811898176658936  0.43582622468921062  0.44379543086810008
  0.45194530583396630  0.46043042411264956  0.46934141908891042  0.47845348244370239
  0.48761556488035213  0.49679300409713917  0.50569347814052457  0.51448258684607728
  0.52309689163752582  0.53149338148815661  0.53994537518090169  0.54866776843604748
  0.55753561093519954  0.56653036093751852  0.57572273904687044  0.58502627172174704
  0.59482410589015933  0.60469487765237517  0.61434700035390521  0.62415698637250150
  0.63426745927563055  0.64443262891574316  0.65463902996434087  0.66493182817437224
  0.67543855689784860  0.68607781918018751  0.69677700954802646  0.70763308429130722
  0.71861677035891347  0.72988596082474411  0.74183461505626414  0.75400561414565426
  0.76609867685862254  0.77865687703025654  0.79176036247231130  0.80530378093291377
  0.81980098456933892  0.83527153129110099  0.85145603731822728  0.86873784315373026
  0.88907488072423024  0.91353560041954218  0.94485352439268511  1.00000000000000000
 -0.02128286007914055  0.13307430238062154  0.18034135570268367  0.21064530360827299
  0.23515794392032513  0.25568106315055861  0.27369435866320535  0.29028478474722924
  0.30625340138439522  0.32147918218185212  0.33609112081331960  0.35001609571058773
  0.36272476621885519  0.37452485012253184  0.38614374719418387  0.39729727194179376
  0.40776347796918178  0.41819786328102876  0.42808292764457972  0.43768356942541020
  0.44646609333853632  0.45487932533765790  0.46297892068396612  0.47076308046090082
  0.47869021544276869  0.48645990253828286  0.49415007436695219  0.50162397456601615
  0.50916203190977793  0.51654323678780933  0.52377634849849264  0.53070182168743663
  0.53754636872962591  0.54439338954772920  0.55119738452612854  0.55795165047936479
  0.56451041381906986  0.57088670508396078  0.57712481716617681  0.58334771908120087
  0.58962237682824192  0.59582686395789375  0.60194558621067740  0.60779666059638360
  0.61339727898704588  0.61898322040439235  0.62452908224874870  0.63016739697806978
  0.63583419455696377  0.64143816815562882  0.64690311129820433  0.65208171435318341
  0.65715239874877796  0.66227822537073100  0.66738892204342548  0.67245010124809168
  0.67748002281966668  0.68252514057268421  0.68760734696333792  0.69263778686126820
  0.69748902157021919  0.70226638856049206  0.70705484768973081  0.71192125446106924
  0.71693354816706212  0.72202852076872170  0.72719143628548388  0.73240973145607779
  0.73759477670558937  0.74266945698741660  0.74769282822116678  0.75288779628381708
  0.75824722299757252  0.76360397498255417  0.76887122862176493  0.77430732157509508
  0.77994767789890407  0.78568618228946940  0.79148261360775840  0.79741148023269792
  0.80351527732590666  0.80975690879972262  0.81618543067446425  0.82266645156334806
  0.82922337791362444  0.83589834584002931  0.84290366762592916  0.85020765469248361
  0.85807199764081821  0.86663778925034962  0.87565685135075721  0.88690702006242483
  0.89975886001505678  0.91643523884126521  0.94107598733610631  1.00000000000000000
   4.4268788833608041E-004  -1.0000000000000000     
 T T T T F F F F F F F F T T T T T T T T F F F F F F F F T T T T
  <DiscreteSampler_grid>
  grouped_processes
  1 # 1 for a reference and 2 for a running grid.
  10 # Attribute 'min_bin_probing_points' of the grid.
  1 # Attribute 'grid_mode' of the grid. 1=='default',2=='initialization'
  0.0000000000000000 # Attribute 'small_contrib_threshold' of the grid.
  0.5000000000000000 # Attribute 'damping_power' of the grid.
 # binID   n_entries weight   weight_sqr   abs_weight
    10   10   3.452008190799301E+008   1.204127876005103E+017   3.452008190799301E+008
    11   10   3.452008190799301E+008   1.204127876005103E+017   3.452008190799301E+008
  </DiscreteSampler_grid>
