 -0.00015795084688060  0.00139393645333262  0.00353886617811969  0.00633192703157134
  0.00968032380381503  0.01350728904822912  0.01776744811272757  0.02248672670934577
  0.02755195384428454  0.03292983690287768  0.03862832720773541  0.04454074042407166
  0.05063513706741846  0.05714143981309350  0.06391605984147367  0.07078412810337908
  0.07785458255926996  0.08513741067166684  0.09263907766883098  0.10045116492570293
  0.10865695001073003  0.11713297678097229  0.12574582554678335  0.13444819818275164
  0.14332410355323566  0.15241569494053087  0.16175398108669212  0.17113571270554342
  0.18069482946805798  0.19046811608431569  0.20035216575232040  0.21032128386060697
  0.22042360344768869  0.23090414672877205  0.24158550460460862  0.25250984144515815
  0.26347579501715268  0.27453209782712901  0.28569823527736710  0.29699032848403972
  0.30850619153087178  0.32009657583515877  0.33187563434033018  0.34383546420290612
  0.35591217230403699  0.36807504329786178  0.38028226359473988  0.39263377063360344
  0.40512485197149795  0.41762906892782176  0.43010834600226122  0.44248963574650779
  0.45484442385631763  0.46748718274897672  0.48037831135855680  0.49342964563647895
  0.50654554537896601  0.51969806175185651  0.53295801338725857  0.54610196938500721
  0.55965472807096217  0.57328263610548069  0.58687664672059692  0.60047523685866910
  0.61410833554855948  0.62771072247517257  0.64120583401098707  0.65458815689390282
  0.66785262136533452  0.68103164450890841  0.69411199631348719  0.70715668944127097
  0.72020500184064695  0.73326958832877587  0.74622470644858230  0.75900448506339535
  0.77167040963626443  0.78431326645575994  0.79695981968640250  0.80958808774337943
  0.82208857315308947  0.83453323101842147  0.84689320010138514  0.85920331352592438
  0.87153580542384113  0.88379052732142882  0.89587281030970445  0.90788142761842860
  0.91996590238638287  0.93209233372968203  0.94400413022024521  0.95562029241549462
  0.96696121910471056  0.97808643858153788  0.98906758092374736  1.00000000000000000
 -0.00257863412939109  0.00980742304301012  0.02023655514920545  0.03105117772154313
  0.04170873647201291  0.05218020360655216  0.06269329239216991  0.07334994192750141
  0.08412189508749381  0.09398805958856135  0.10426143929812372  0.11463211873955646
  0.12526843729513257  0.13535931279760452  0.14519933669151142  0.15587941779225684
  0.16681419822401383  0.17700910972594908  0.18751430781912726  0.19732769340003276
  0.20737156710423274  0.21777645116288905  0.22824676359172255  0.23860449621492480
  0.24884402318505280  0.25920357507535630  0.26979615221718151  0.28023764387803812
  0.29102653441089160  0.30215992787957330  0.31370534132260142  0.32432413864235859
  0.33525885085471552  0.34580988841090632  0.35664933168017054  0.36693282310926462
  0.37744043772912933  0.38795559099067917  0.39840192399415120  0.40870920127433652
  0.41906958791481141  0.42993411344684129  0.44065326551480438  0.45173734738510268
  0.46259351923703257  0.47369207547925507  0.48439703886240326  0.49541756061464742
  0.50597269163017822  0.51653228359706538  0.52719850956947301  0.53771211357930493
  0.54835497951783263  0.55888614077724552  0.56952986790955251  0.58038064625988672
  0.59115337935658574  0.60204985959496937  0.61286500130628230  0.62353641867074727
  0.63394830470364127  0.64433587929433289  0.65497385873227498  0.66541138679792422
  0.67571639194382627  0.68599886526687570  0.69661585732003806  0.70745854364661043
  0.71836124423744552  0.72928956868451544  0.74024088451190073  0.75117522189997765
  0.76210249620836001  0.77300670055121834  0.78392873334946556  0.79466413025444460
  0.80511691079001058  0.81538153007222414  0.82558810593941179  0.83566830248616653
  0.84557789114472470  0.85549534218372048  0.86535026910819002  0.87528093698330833
  0.88535781768917310  0.89557856689229809  0.90610914693635236  0.91684842474076444
  0.92764362166780923  0.93833507667572202  0.94882080393813228  0.95933482958724225
  0.96972233046315504  0.97998185740389043  0.99003372111902432  1.00000000000000000
 -0.00378371445532251  0.02128658995937707  0.03867966343842667  0.05332723589632810
  0.06678807732983197  0.07926178189172627  0.09102433258896384  0.10226366532504931
  0.11306277752651837  0.12343212448195180  0.13351374567929811  0.14328588384968469
  0.15280771533742962  0.16216445602489873  0.17129726123224090  0.18022097521427768
  0.18903992914764584  0.19768658610760409  0.20625467090827265  0.21478260584198294
  0.22334081161792657  0.23195145045592286  0.24060659710291998  0.24931047346260232
  0.25795875929947887  0.26671927061149509  0.27527812964377391  0.28352507457361320
  0.29199290582049969  0.30048153714665893  0.30892747200172604  0.31734568673554953
  0.32559224307866352  0.33380743557641923  0.34196739140692678  0.35007430044944210
  0.35812975983966361  0.36622598840927734  0.37439001094529401  0.38250354633957551
  0.39053588729388272  0.39860467201203376  0.40680712382447531  0.41513308607766730
  0.42343122561715352  0.43153269198555638  0.43948775174862720  0.44738770601071443
  0.45552774378617550  0.46350901313348924  0.47159920472934996  0.47965878195343559
  0.48768992781744219  0.49576246123252438  0.50388362707954537  0.51199169439947623
  0.52009021995626004  0.52797475124819859  0.53579930250987329  0.54375422078125868
  0.55187668092464215  0.56020743750586277  0.56877743737485154  0.57751949271208536
  0.58624787838130821  0.59492851282675907  0.60355506838843931  0.61236401816690544
  0.62134213856585274  0.63045155112504647  0.63955420994635448  0.64859653018707042
  0.65757158356808232  0.66665475143917796  0.67594346267292227  0.68540172230761542
  0.69504354540077884  0.70471791134537154  0.71478764534398753  0.72519851291954007
  0.73597216465747783  0.74678956387684470  0.75784281887950544  0.76936129035760370
  0.78183706823146948  0.79483085032316236  0.80798656999765261  0.82142162359302817
  0.83521885823665898  0.84935733509047584  0.86485925712172973  0.88166358642204046
  0.90029350292440824  0.92223012585352770  0.95100521576253416  1.00000000000000000
 -0.02796596402191587  0.13607013218875641  0.17518102460680490  0.19854967121693418
  0.21592250220407497  0.23010193251994715  0.24214207410709826  0.25319098164235415
  0.26352012014452419  0.27320604145882343  0.28226856207530088  0.29103419950132481
  0.29900126885862288  0.30663887165294917  0.31396640289258548  0.32093823041445591
  0.32780261144965728  0.33441188052570697  0.34089223456320550  0.34728629325200200
  0.35365118449961386  0.35985392410708467  0.36583460339462082  0.37169304700938038
  0.37752589577955764  0.38324754688584145  0.38899692451357404  0.39456402498880455
  0.39993230199905783  0.40518244718555263  0.41041420371692372  0.41567036408352864
  0.42093378256592290  0.42614169697674881  0.43124458372800956  0.43622174427639138
  0.44108801266532016  0.44600054039995191  0.45095653526916013  0.45592794428552169
  0.46090668040066762  0.46583978289123451  0.47069014383689217  0.47547873191960394
  0.48029504385996102  0.48521744486577428  0.49021396852052529  0.49521290313421840
  0.50020111423067248  0.50517267667261434  0.51015435208519178  0.51516369253187455
  0.52021729509148351  0.52526190226994629  0.53024450872747331  0.53528382808226560
  0.54041843516973909  0.54551244996783754  0.55063067300839574  0.55573969193678763
  0.56087211561833017  0.56606897709495663  0.57129328265328860  0.57652172784416866
  0.58182076977948349  0.58723024216334296  0.59269976007471958  0.59817956364278313
  0.60357641268039830  0.60898178517287516  0.61448388783704555  0.62018129620197104
  0.62601176190112584  0.63190051679804948  0.63779965709184416  0.64374025481290909
  0.64986173477567155  0.65625359151340068  0.66270523313118868  0.66953756295345634
  0.67671222804053899  0.68414669424277530  0.69185213293550696  0.69970273647964931
  0.70776399113522048  0.71618412017636435  0.72528937492305068  0.73515267964823383
  0.74563908470618268  0.75666067627139943  0.76886765294601356  0.78307491900568960
  0.80054190214684129  0.82360323599128582  0.86297887327093104  1.00000000000000000
   1.0669734117914229E-003  -1.0000000000000000     
 T T T T T T T T T T T T T T T T F F F F F F F F F F F F F F F F
  <DiscreteSampler_grid>
  grouped_processes
  1 # 1 for a reference and 2 for a running grid.
  10 # Attribute 'min_bin_probing_points' of the grid.
  1 # Attribute 'grid_mode' of the grid. 1=='default',2=='initialization'
  0.0000000000000000 # Attribute 'small_contrib_threshold' of the grid.
  0.5000000000000000 # Attribute 'damping_power' of the grid.
 # binID   n_entries weight   weight_sqr   abs_weight
    10   10   3.168099662826381E+008   1.514957929055526E+017   3.168099662826381E+008
  </DiscreteSampler_grid>
