  0.00000083456847958  0.00000472466182264  0.00001097727721228  0.00001629884328940
  0.00002114733265832  0.00002576046001318  0.00003026998038202  0.00003476100057951
  0.00003933454073846  0.00004397053325180  0.00004865389371690  0.00005336760054753
  0.00005812893373829  0.00006297749437058  0.00006793632327964  0.00007302574048166
  0.00007824649349434  0.00008355044611628  0.00008893286240497  0.00009443205692080
  0.00010007936398044  0.00010582737723914  0.00011171792188714  0.00011774736335500
  0.00012388134930013  0.00013017683285357  0.00013655679273340  0.00014298794937102
  0.00014950345409848  0.00015612570558049  0.00016285934403587  0.00016968109491402
  0.00017664192321077  0.00018386823151938  0.00019124863683192  0.00019883485334218
  0.00020689519334032  0.00021506391362792  0.00022385201687348  0.00023286460386100
  0.00024218027983699  0.00025192382677775  0.00026193332047863  0.00027233816930343
  0.00028313495781185  0.00029409528439908  0.00030557358856426  0.00031726597919306
  0.00032951872653655  0.00034247439871448  0.00035569648554838  0.00037035708920060
  0.00038525920715299  0.00040111660489604  0.00041782827840026  0.00043528254352768
  0.00045363394257354  0.00047271186103995  0.00049314217666174  0.00051496514943515
  0.00053799842882634  0.00056216149569656  0.00058769808152183  0.00061498829000075
  0.00064417090593954  0.00067555392106484  0.00070833073666457  0.00074466229050112
  0.00078253606724772  0.00082399724816860  0.00086797125889712  0.00091585742842518
  0.00096914210477363  0.00102684195604870  0.00108975588827193  0.00115781840569923
  0.00123237007063712  0.00131500286534695  0.00140575320556233  0.00150613814222699
  0.00161792959065195  0.00174732276685828  0.00189347155843229  0.00206558720870913
  0.00226223021166809  0.00248654018285761  0.00276053757456433  0.00309347500731850
  0.00350466304559613  0.00403714388133365  0.00472779195152658  0.00567306627750956
  0.00735018375594702  0.01046918264166334  0.09009321611285852  1.00000000000000000
 -0.00238748739720642  0.00957027685956800  0.01969131881918484  0.03008970207637520
  0.04023044048679481  0.05091659101472113  0.06170465819735305  0.07267029212357717
  0.08358783091709582  0.09488109140794809  0.10606457989539150  0.11712276424325811
  0.12797909423846429  0.13871766521352083  0.14902049346915358  0.15917660341337256
  0.16925676794748659  0.17944935134068482  0.18977249373387736  0.20014705094236762
  0.21038591348231903  0.22089902204014886  0.23113910403588814  0.24105916811417896
  0.25092916682222366  0.26111166419473630  0.27161015901584340  0.28188438627443196
  0.29207737330286948  0.30243132524021654  0.31293219994486665  0.32366644907958991
  0.33429243284741955  0.34526398801478680  0.35603032269421903  0.36744114619548685
  0.37837704551289730  0.38921910047692437  0.39964508812715382  0.41006015264310219
  0.42028171463330632  0.43034422863850380  0.44045399942335811  0.45058432622432637
  0.46073437953238322  0.47097635996515458  0.48139584384412715  0.49242784417084690
  0.50329001315218691  0.51401640510666569  0.52449526217129183  0.53505137471200381
  0.54536985803006421  0.55549909748449811  0.56568938303944993  0.57618761983445832
  0.58688241228917593  0.59756172332105173  0.60812332878604869  0.61834004858184444
  0.62869261307594038  0.63922488912483300  0.64981210973950942  0.66037931970114072
  0.67078698561995864  0.68134644484460527  0.69184309294040991  0.70237506663876159
  0.71268531580541039  0.72295479766622661  0.73328969035929481  0.74396311322776776
  0.75452195509573128  0.76547300781504646  0.77620769788280253  0.78720380256179967
  0.79785497047346920  0.80861475215820922  0.81930020383229096  0.83016760305822213
  0.84096720361995136  0.85162943304292849  0.86237157343052406  0.87322414415542127
  0.88384548398466867  0.89456559299552774  0.90489579945835685  0.91537980311293154
  0.92576820541066518  0.93619200224388777  0.94656837312659936  0.95690536033989748
  0.96764171445659786  0.97837268757355600  0.98923051221690539  1.00000000000000000
 -0.00398922516332078  0.02464619394647493  0.04543178570361332  0.06298316290727568
  0.07876505495205827  0.09308282791785842  0.10656746937373610  0.11950862699206576
  0.13192255875917042  0.14367657997138178  0.15487837172728389  0.16576654843756450
  0.17647320694530588  0.18696987585780295  0.19723480498989771  0.20726768068875548
  0.21719289264877309  0.22692452746592773  0.23652749645053919  0.24601920121658499
  0.25540151900821290  0.26461975069485055  0.27364552478376747  0.28257544375008836
  0.29153226233453045  0.30049764528935724  0.30934254588150956  0.31801960320753953
  0.32665743423906718  0.33533008275398790  0.34410782784603872  0.35288964321902555
  0.36140449841667399  0.36974470213386745  0.37793061399126621  0.38596086305087690
  0.39396754920140414  0.40182349981106347  0.40955629608839128  0.41726938204758440
  0.42517870178998568  0.43318717784544591  0.44105950205283079  0.44869157700642731
  0.45637484799322015  0.46410631192951468  0.47181498192116927  0.47934022390586439
  0.48687300488863511  0.49457592964988295  0.50249546799515166  0.51046815417499403
  0.51831172574037965  0.52605209608206094  0.53378492187687487  0.54155563619279190
  0.54937908628919807  0.55724099304675379  0.56511802658198185  0.57299728752677792
  0.58082669947705934  0.58857203806691594  0.59635990946281736  0.60418169850562176
  0.61221261141032257  0.62024462936824198  0.62836016498223457  0.63640038421168088
  0.64452459002687856  0.65277138953163316  0.66122207473491035  0.66977283779792895
  0.67858994057965938  0.68755406702214694  0.69647290057997824  0.70548490735974245
  0.71445345660123094  0.72359320052278764  0.73284138619405836  0.74210075922157193
  0.75169348346975662  0.76152686257431024  0.77169386539894480  0.78218302645083326
  0.79314376834491684  0.80463348751758601  0.81662672846432260  0.82900401701199511
  0.84181499200956778  0.85519719892341040  0.86947826441354736  0.88480631402493881
  0.90207140045505330  0.92284825144454263  0.95149351665523541  1.00000000000000000
 -0.01915219195693038  0.10999859028003790  0.14593709906668678  0.16829843380515780
  0.18580757391594890  0.20059691083559020  0.21372177919128249  0.22585339723573100
  0.23693555208140668  0.24722529648665231  0.25685917131670200  0.26615372601526405
  0.27507514541694145  0.28373898872744441  0.29209293253862229  0.30014682400711457
  0.30795265474378919  0.31552776823098888  0.32286545980858006  0.33000169370788784
  0.33700546545682009  0.34382556267912567  0.35065633183657491  0.35734467829951050
  0.36386774713400544  0.37025984144425100  0.37651585946561439  0.38267102199398667
  0.38880357659863701  0.39494007322195979  0.40101165548659579  0.40700264212041087
  0.41292945788014068  0.41870911415987000  0.42431056616452822  0.42986445754047597
  0.43541470473442123  0.44097565414259948  0.44652747872921611  0.45207600834005851
  0.45763963029760490  0.46325356313010635  0.46888121821093698  0.47447275155274976
  0.48004263866053742  0.48560951312932615  0.49114957536278187  0.49669597216716327
  0.50238555443012667  0.50810529552864991  0.51381691992188971  0.51944589461346247
  0.52498368097073889  0.53050235041595140  0.53604130658110860  0.54162947718300436
  0.54728194847399791  0.55297121473390731  0.55866835502617684  0.56435451398928593
  0.57003387559821495  0.57577964159011619  0.58160172533378696  0.58765154579731660
  0.59365349177502846  0.59960135233700518  0.60547993569656566  0.61141002956495538
  0.61742715953309835  0.62356224571621710  0.62987615822859089  0.63633363910957508
  0.64287657037985901  0.64952725727576999  0.65628419892200651  0.66317474249267283
  0.67025326182133405  0.67754686224712335  0.68493093080807799  0.69254137510592617
  0.70030311307654980  0.70830139754363486  0.71663606185024786  0.72530038431739174
  0.73421255995865686  0.74362160615691464  0.75353243000958348  0.76419284654668074
  0.77553379391575761  0.78778158167208445  0.80107202720593162  0.81588839025378856
  0.83323306381998619  0.85551838779052369  0.89078797136030052  1.00000000000000000
   2.4844296408414474E-003  -1.0000000000000000     
 F T T F T T T T T T T T F T T F F F F F F F F F F F F F F F F F
  <DiscreteSampler_grid>
  grouped_processes
  1 # 1 for a reference and 2 for a running grid.
  10 # Attribute 'min_bin_probing_points' of the grid.
  1 # Attribute 'grid_mode' of the grid. 1=='default',2=='initialization'
  0.0000000000000000 # Attribute 'small_contrib_threshold' of the grid.
  0.5000000000000000 # Attribute 'damping_power' of the grid.
 # binID   n_entries weight   weight_sqr   abs_weight
    10   10   1.619881510912975E+008   7.515469117132277E+016   1.619881510912975E+008
    16   10   1.646333936749623E+008   7.895187520529190E+016   1.646333936749623E+008
  </DiscreteSampler_grid>
