  0.00000351597271586  0.00000921043601483  0.00001449058836154  0.00001950142152212
  0.00002418919437939  0.00002881669996266  0.00003363256639916  0.00003849387668437
  0.00004343288841994  0.00004838397422118  0.00005336702262421  0.00005840576843840
  0.00006350508429244  0.00006852515909749  0.00007363771100763  0.00007883463364739
  0.00008412603195491  0.00008954392656538  0.00009510505575177  0.00010078600798745
  0.00010656095513836  0.00011244663612415  0.00011849525920758  0.00012464517581898
  0.00013088480936100  0.00013721807728314  0.00014362548064693  0.00015010189982777
  0.00015666455515588  0.00016324414898875  0.00016990284122886  0.00017674476042788
  0.00018385084224348  0.00019106439147425  0.00019854810593507  0.00020641030061989
  0.00021447009812686  0.00022282920304251  0.00023146326989186  0.00024033716495672
  0.00024955585222954  0.00025890837996171  0.00026869128107369  0.00027906000792678
  0.00028967871866966  0.00030081928881447  0.00031234160305205  0.00032432137567411
  0.00033695306865183  0.00035014633961968  0.00036393652276912  0.00037864497512038
  0.00039358849922716  0.00040969681811776  0.00042623779580618  0.00044359764231320
  0.00046197318223863  0.00048097780283492  0.00050145856196878  0.00052269751044063
  0.00054522824751226  0.00056911413232363  0.00059377598374978  0.00062096218387663
  0.00064952335107054  0.00068093753222065  0.00071386539341385  0.00074936902470023
  0.00078788907297672  0.00082919767592501  0.00087468660752306  0.00092415684528577
  0.00097914628533364  0.00103951471135030  0.00110480249175341  0.00117700354807117
  0.00125674004502372  0.00134513657098454  0.00144171867663965  0.00155145291815415
  0.00167706285780009  0.00182132970010305  0.00198792196565741  0.00218190737153748
  0.00241046051113132  0.00267760239045157  0.00299112856870424  0.00337229257330121
  0.00386053864595500  0.00448585813226770  0.00526184648201309  0.00624133812379923
  0.00808612139616751  0.01187402725131721  0.32329052843816009  1.00000000000000000
 -0.00227493657251578  0.00986131756215483  0.02035014372188419  0.03101662142545767
  0.04160691795998123  0.05228707390105329  0.06299688305547593  0.07361850473893913
  0.08403391671905154  0.09433882802419566  0.10480024521686306  0.11532456603426940
  0.12595532636566287  0.13639500271390226  0.14668678568909932  0.15684837312689698
  0.16707095681759024  0.17741588715254833  0.18794125993976363  0.19838450856657677
  0.20883013608393655  0.21927058870584365  0.22974665447926562  0.24020924210074041
  0.25074216827470358  0.26137662787711924  0.27195041289835420  0.28244310435962938
  0.29282427144115764  0.30313301286526884  0.31347723816033218  0.32401021841990957
  0.33466055734382516  0.34535019608402107  0.35596443015077844  0.36660513446169463
  0.37718085122517991  0.38755121274161008  0.39782154350700288  0.40796586706813692
  0.41816551244553990  0.42837022258669577  0.43852867867453960  0.44875957929240801
  0.45911286675852242  0.46963955073974739  0.48012605904899563  0.49072562349040055
  0.50153820378889702  0.51254263516365339  0.52334384423710945  0.53391754835615923
  0.54442742737482641  0.55498398500803992  0.56556525577616312  0.57596721488882507
  0.58646097202253999  0.59685971782327951  0.60735382085539380  0.61760948454545894
  0.62793761291827033  0.63838896564762848  0.64906581226790172  0.65994872474643607
  0.67062878946440463  0.68099523070795365  0.69110576222056164  0.70122086262772443
  0.71142032336502636  0.72176138679922186  0.73185962916768676  0.74231095266537916
  0.75284629243351531  0.76409236132514025  0.77534426254620048  0.78685330828765732
  0.79784473612700058  0.80857644112753957  0.81951949812850444  0.83053052005967254
  0.84180065508045143  0.85288316833229649  0.86419919422075508  0.87524346378390749
  0.88566358055099303  0.89600375030375545  0.90627015748031847  0.91665264508232525
  0.92693793122581103  0.93730804238284382  0.94764189585456615  0.95811290236544788
  0.96846743429157534  0.97899730502443494  0.98949609492073010  1.00000000000000000
 -0.00390770370909376  0.02458138441632708  0.04534813984889607  0.06276535692748766
  0.07830545871338243  0.09234690803214203  0.10576949156502449  0.11881374378422158
  0.13140414714171181  0.14334228395339380  0.15481629010710504  0.16578914344205836
  0.17643909254119050  0.18694156612661594  0.19727523532245389  0.20737004147748186
  0.21713252996824212  0.22679369946472161  0.23628864383300299  0.24566641411213314
  0.25490127934006745  0.26401967431317552  0.27307357152574124  0.28206342370282150
  0.29094587183834353  0.29973433289012008  0.30850504568649395  0.31727394563151640
  0.32597637926427120  0.33447858980831724  0.34280251398026251  0.35102392981391167
  0.35922429500388625  0.36744681594728706  0.37569810205791127  0.38397059567148839
  0.39226160939213112  0.40052643271607274  0.40874309257270314  0.41689710159280380
  0.42494451016353452  0.43293788497712798  0.44086651200190541  0.44876885182187171
  0.45686026098331861  0.46482379273277702  0.47284337406266608  0.48065520372791243
  0.48829125108625271  0.49581863656176484  0.50325239987814130  0.51071329567933110
  0.51824550148179471  0.52580794354869853  0.53340747669015531  0.54096814375425795
  0.54865537545859677  0.55630732980269482  0.56403768392706843  0.57187962231292133
  0.57977766154997046  0.58779407930367911  0.59589611815035315  0.60404424587623973
  0.61225248522709008  0.62053441758421202  0.62890957842562512  0.63743562716921498
  0.64622511717276798  0.65490523077913965  0.66357873585089400  0.67214972056289712
  0.68078347542165640  0.68944080147144393  0.69812667188681221  0.70693052979349613
  0.71614466950375766  0.72542022722800292  0.73498476546424341  0.74454619306267600
  0.75432108021143207  0.76418454876178454  0.77434579041791896  0.78477452737512687
  0.79557938906266357  0.80653519890217418  0.81797950587832313  0.82977905872966029
  0.84207821661013615  0.85499679742638357  0.86907628972718010  0.88448229638493725
  0.90194867684046265  0.92316569605248211  0.95123568521497903  1.00000000000000000
 -0.01918212516818017  0.10890060323679793  0.14524075921311286  0.16747920584871487
  0.18488303683992471  0.19997818154417979  0.21331723658081614  0.22536853065885890
  0.23647047357835860  0.24690609148283751  0.25672019873782775  0.26613096650740081
  0.27506502352564904  0.28365716852844169  0.29194773678188951  0.29987585200308498
  0.30758856984254357  0.31505377704172710  0.32228120744641059  0.32944573578234410
  0.33653281619420278  0.34354221887441727  0.35037917334748181  0.35712002745494154
  0.36379958782683819  0.37038665107855712  0.37682805240765621  0.38304902829265608
  0.38916285821691809  0.39520303268333035  0.40119697411902910  0.40715752754578888
  0.41317626256060314  0.41903168729965862  0.42482511236427895  0.43056443026502694
  0.43631489655171996  0.44208312566400426  0.44784507413611518  0.45355847603352684
  0.45916710925079485  0.46469028387511008  0.47020581578900422  0.47570690926182513
  0.48118017667081092  0.48660179819727595  0.49204629187107490  0.49755196482335945
  0.50301899921911220  0.50848697674313914  0.51394080343304749  0.51943177134508656
  0.52499869616035777  0.53062372709415906  0.53623275661736824  0.54184961272744991
  0.54753631988225948  0.55325383258363448  0.55900022149459505  0.56474933560081508
  0.57048239758195196  0.57624687674635122  0.58210881984543161  0.58796552432690596
  0.59391448206559716  0.59995330027741023  0.60599967449630765  0.61206778821331298
  0.61820591808921876  0.62441918770735683  0.63070015704617832  0.63697380109983581
  0.64327025866215815  0.64978050192574888  0.65653431079642277  0.66350663578920066
  0.67068150093373113  0.67795364854056872  0.68528333135082098  0.69281760777147872
  0.70059112825378911  0.70855625043816417  0.71689888202970187  0.72557461577874161
  0.73452559396668371  0.74389826016678051  0.75370277636818150  0.76417572480823992
  0.77526324673259750  0.78725392156092344  0.80059917200392128  0.81572987681661246
  0.83308223261601866  0.85493754225102381  0.89088099722929293  1.00000000000000000
   2.4814568811807971E-003  -1.0000000000000000     
 F T T F T T T T T T T T F T T F F F F F F F F F F F F F F F F F
  <DiscreteSampler_grid>
  grouped_processes
  1 # 1 for a reference and 2 for a running grid.
  10 # Attribute 'min_bin_probing_points' of the grid.
  1 # Attribute 'grid_mode' of the grid. 1=='default',2=='initialization'
  0.0000000000000000 # Attribute 'small_contrib_threshold' of the grid.
  0.5000000000000000 # Attribute 'damping_power' of the grid.
 # binID   n_entries weight   weight_sqr   abs_weight
    10   10   4.528465277680708E+008   4.082673567277997E+017   4.528465277680708E+008
    16   10   4.532672735288598E+008   4.084767605131119E+017   4.532672735288598E+008
  </DiscreteSampler_grid>
