 -0.00000040355526193  0.00001347472042219  0.00002804057795408  0.00004156250134917
  0.00005522655076112  0.00006934869652055  0.00008406231794479  0.00009954531038022
  0.00011580672227227  0.00013271421813281  0.00015015553144896  0.00016835955777861
  0.00018759028664212  0.00020790078985508  0.00022911587653835  0.00025155924659016
  0.00027493299893365  0.00029970023016668  0.00032580174364727  0.00035314056502477
  0.00038197257165928  0.00041198843087466  0.00044326813960061  0.00047640643563188
  0.00051114171586718  0.00054747116142812  0.00058498622662484  0.00062385466225541
  0.00066447006419243  0.00070675700729445  0.00075067455539150  0.00079663031115951
  0.00084459693400892  0.00089501912932264  0.00094562820792235  0.00099892714429425
  0.00105305806916324  0.00111108605666715  0.00117380471173856  0.00123979379520143
  0.00130763571959743  0.00137706044036978  0.00144854373044970  0.00152430447883344
  0.00160480032152005  0.00168815294410021  0.00177201040452047  0.00185722679076159
  0.00194424239718976  0.00203620380610447  0.00213329399841223  0.00223006474130144
  0.00233341773281648  0.00243569731480959  0.00255172492849703  0.00266638063636925
  0.00278472683911262  0.00291285622158216  0.00305083690024211  0.00319468808376807
  0.00333926324563990  0.00348455878982292  0.00363051991345561  0.00379028584339742
  0.00397014279389674  0.00416676671707582  0.00437588325875670  0.00459298563711222
  0.00481736235787464  0.00505402473363560  0.00528010016327244  0.00549669264810489
  0.00571382707872785  0.00593863841072339  0.00619423022480447  0.00647431779516649
  0.00679335357068451  0.00714637281600949  0.00762717282889151  0.00808261252207330
  0.00852351880538649  0.00892828936300042  0.00929972080850866  0.00968846180148790
  0.01014756139714252  0.01069032776278683  0.01126229891216084  0.01183438438172466
  0.01268373876424828  0.01370164455339517  0.01477651903438529  0.01587337396113288
  0.01705047467279663  0.01816087350667320  0.07249152506405895  1.00000000000000000
 -0.00241854869731949  0.00946382554062566  0.01976581590901489  0.03032744715484983
  0.04084710046581736  0.05131084021440616  0.06182991800473825  0.07231482171803688
  0.08255692548153372  0.09301794805888637  0.10362254761480660  0.11421044788624828
  0.12456891685293242  0.13500640008394207  0.14549064793918340  0.15599663865234353
  0.16639587604983261  0.17673725887518060  0.18718639644176935  0.19759910319967003
  0.20818629490652368  0.21891817996968660  0.22968576478428979  0.24044407581068164
  0.25107420330437302  0.26177737146981728  0.27239570773440980  0.28322204799246342
  0.29400294134348276  0.30471011660198488  0.31545159234243020  0.32605671600837938
  0.33647884064028227  0.34694133352211548  0.35745935574176307  0.36802832960090359
  0.37838164395161827  0.38868971024773669  0.39897513745230778  0.40939788729077087
  0.41974527390099736  0.43013696061616224  0.44055670641687372  0.45142733680569969
  0.46213160032818584  0.47274377684838192  0.48349386983619286  0.49437521750795810
  0.50530411659109420  0.51607684878906868  0.52678316629358946  0.53751224892285465
  0.54815215608464396  0.55873252625650949  0.56924383532030276  0.57959421421386792
  0.59002748113983761  0.60053472649093587  0.61127722806734786  0.62213486299850340
  0.63282430690026858  0.64357262434696072  0.65413506636096441  0.66477809334690652
  0.67523737206502266  0.68581186947463857  0.69649027337890901  0.70726136779597160
  0.71808449683855557  0.72886581848349308  0.73967634364200907  0.75068653349225856
  0.76152805272921953  0.77218744990461829  0.78244719389488937  0.79258913517134288
  0.80259477235830012  0.81273418778731532  0.82298571216088723  0.83337532817062032
  0.84369884329807809  0.85391735800287960  0.86405851654721177  0.87427552653933238
  0.88450756202382630  0.89480450834308067  0.90522994452939254  0.91566313940182276
  0.92619676849581989  0.93670690682214786  0.94711944989097197  0.95767174506400832
  0.96834299978995708  0.97900054590850261  0.98955312602473433  1.00000000000000000
 -0.00476256109175500  0.02544653674354953  0.04648979258452198  0.06402654734865609
  0.07992409737923087  0.09460340444914385  0.10832431231309360  0.12140562391924674
  0.13398505647556383  0.14618191416928322  0.15806716818918051  0.16957774887427196
  0.18070861469313745  0.19156756361650462  0.20219201232917580  0.21255767245436449
  0.22269392951487091  0.23277195115965632  0.24280593437153636  0.25270916518820280
  0.26247307517182877  0.27210185943638077  0.28156766129158090  0.29086705665214502
  0.30000017394773354  0.30904390559658762  0.31807867902796866  0.32708357201014687
  0.33607509051979512  0.34507206275438129  0.35398936116343005  0.36277394403395646
  0.37149846995701363  0.38022782269634481  0.38893621443560406  0.39756693177280000
  0.40610378028491401  0.41457604061918329  0.42298270903132645  0.43134067951224031
  0.43965364360389447  0.44796798111441244  0.45627113496234073  0.46452940606980658
  0.47266685851998702  0.48077055683772824  0.48880113717678281  0.49704072970082325
  0.50510774552190663  0.51305773860763404  0.52114612523600712  0.52924074699250678
  0.53743529567507020  0.54558056121904730  0.55369374781545122  0.56180333131732108
  0.56998891181432398  0.57816569646948612  0.58635662386100595  0.59449554308841601
  0.60268698214882022  0.61103849143746425  0.61951402778627307  0.62798290170787641
  0.63645393834035002  0.64496260807504646  0.65350044523052353  0.66210435435962089
  0.67072867056275365  0.67936782803138251  0.68810697904082463  0.69691563035254755
  0.70574848453368322  0.71460490566521384  0.72350424907303901  0.73248704319472413
  0.74156071462740170  0.75087253801552933  0.76044659170399242  0.77007288286330478
  0.77970387706615529  0.78942125955556286  0.79938233975947381  0.80952779697686528
  0.81972648166801976  0.83018456016864661  0.84104618007377574  0.85234467033895722
  0.86417440826821457  0.87654164250159028  0.88958555718442778  0.90348528559812991
  0.91868142423908228  0.93598571771234751  0.95941608488320018  1.00000000000000000
 -0.02799762678705980  0.13716506452408370  0.17542470821680425  0.19832324544357344
  0.21591909575571283  0.23076554158233067  0.24344939720656608  0.25481677312868339
  0.26487784655435598  0.27447242917173137  0.28351369760958139  0.29224553105498474
  0.30035589693965170  0.30811331217689608  0.31564123641543818  0.32281677011575782
  0.32983455731394851  0.33662583163078891  0.34326757990758022  0.34971109497258462
  0.35595968901149277  0.36204356178897695  0.36803875447492912  0.37399971700580481
  0.37977177214628144  0.38546644655484347  0.39109640491248959  0.39661553028837859
  0.40202350936496517  0.40736382085022455  0.41266155095158841  0.41789895434897406
  0.42304879367459114  0.42818175379015871  0.43335172895593410  0.43845274881279916
  0.44348443148363204  0.44847676188989227  0.45343914690084014  0.45839629125919540
  0.46332860887391469  0.46827617932588678  0.47323160056285285  0.47818571587482622
  0.48311102720491605  0.48796439099571137  0.49277950122032915  0.49758722974547598
  0.50239343906919409  0.50728298159491281  0.51211282206366637  0.51693984080788613
  0.52179838224719355  0.52669329005687149  0.53161705375962265  0.53653747252754092
  0.54147127033636477  0.54649211956858901  0.55154200054593405  0.55660124319547466
  0.56169154443124736  0.56683106881033651  0.57203004967212334  0.57724291636402936
  0.58251247047471766  0.58779240677532274  0.59311707999957186  0.59850569424968092
  0.60398504100679429  0.60957676337585287  0.61525860377808550  0.62095332616218990
  0.62670026430938264  0.63261934797167185  0.63857979793680830  0.64464971928707904
  0.65097995819878440  0.65747359325835186  0.66412928162373419  0.67092425609419226
  0.67786197051895181  0.68503745072824374  0.69252278425925762  0.70031920229601929
  0.70843320216396322  0.71702289673805186  0.72590020410955547  0.73556641412332902
  0.74578275122357973  0.75726195074867420  0.76975663135123706  0.78425276957900936
  0.80157158869059064  0.82418841145888688  0.86258514590417246  1.00000000000000000
   1.2669134337646368E-002  -1.0000000000000000     
 T T T T T T T T T T T T T T T T F F F F F F F F F F F F F F F F
  <DiscreteSampler_grid>
  grouped_processes
  1 # 1 for a reference and 2 for a running grid.
  10 # Attribute 'min_bin_probing_points' of the grid.
  1 # Attribute 'grid_mode' of the grid. 1=='default',2=='initialization'
  0.0000000000000000 # Attribute 'small_contrib_threshold' of the grid.
  0.5000000000000000 # Attribute 'damping_power' of the grid.
 # binID   n_entries weight   weight_sqr   abs_weight
    10   10   1.403589818885193E+009   2.385729117732018E+018   1.403589818885193E+009
    16   10   1.403589818885193E+009   2.385729117732019E+018   1.403589818885193E+009
  </DiscreteSampler_grid>
