  0.00000017238425078  0.00001303893604430  0.00002881672170672  0.00004230238352973
  0.00005594748327617  0.00006986237085298  0.00008448188855707  0.00009976221733085
  0.00011568862437130  0.00013226209543014  0.00014945903514679  0.00016734256822899
  0.00018641362908569  0.00020672516984839  0.00022850714228048  0.00025135557521847
  0.00027509647808149  0.00029974047517205  0.00032562430318176  0.00035280086131035
  0.00038123916330659  0.00041155295624559  0.00044315609525403  0.00047644694040781
  0.00051095175154068  0.00054732768312277  0.00058526969060104  0.00062480151397485
  0.00066584457637406  0.00070904706152842  0.00075434044013273  0.00080205079968512
  0.00085172897920357  0.00090408023395704  0.00095840967566940  0.00101384668803583
  0.00107326237918642  0.00113606490664727  0.00120225023831769  0.00126795604836461
  0.00133601865533785  0.00140872187376523  0.00148356207020120  0.00156272637219410
  0.00164546477843746  0.00173130169734038  0.00181889190508550  0.00190651155776999
  0.00200043146330566  0.00209943177327492  0.00220387216903961  0.00230967648149586
  0.00241820034383267  0.00253099768913834  0.00264928861003081  0.00277154423921316
  0.00289506106104370  0.00301908258812272  0.00314548734109614  0.00327755674262687
  0.00341714560912514  0.00356848056526720  0.00373174665032142  0.00390094088172048
  0.00407773437541605  0.00425116761992336  0.00442885089463163  0.00460116700505184
  0.00478230338838507  0.00497308719021998  0.00522445223417221  0.00548461487287163
  0.00578248114371574  0.00607454369143593  0.00639497786233020  0.00672886144580212
  0.00707348969749575  0.00743835576758035  0.00786106618458431  0.00836300784362023
  0.00889027970468931  0.00940126927047861  0.00991937019724031  0.01064857065861134
  0.01152662809320658  0.01228305131929610  0.01298338867599271  0.01370542086900879
  0.01455432532695420  0.01553403221916849  0.01695547506886629  0.01928839085462549
  0.02226353822200772  0.02608904484639049  0.05575004307947541  1.00000000000000000
 -0.00237486821355970  0.00929565144785811  0.01953353335675209  0.03004815253918092
  0.04063621446002087  0.05129195104079057  0.06187904517154037  0.07257297419407620
  0.08326264659978580  0.09399296372568958  0.10456381210086814  0.11488828518410923
  0.12516329287552114  0.13581030037892020  0.14645396273757927  0.15729163968848356
  0.16789899196051652  0.17851099102431262  0.18911885661540775  0.19979604080903249
  0.21031369700662203  0.22080597532510651  0.23104311207492131  0.24155860076137273
  0.25207357198375002  0.26262096751377811  0.27291695770503388  0.28318552642108408
  0.29343050952396177  0.30401916976248616  0.31447359231483768  0.32506583311800824
  0.33553843600005379  0.34613918058735532  0.35669813350045287  0.36729523891214405
  0.37784598853037715  0.38829748476203657  0.39868710517475109  0.40905810417122895
  0.41951413498716833  0.42990851903135907  0.44024837009797035  0.45053298626455351
  0.46080676930646142  0.47117707839665363  0.48151501355558163  0.49183461147890695
  0.50221174080494513  0.51271480212634934  0.52314546231222536  0.53373311029844739
  0.54450939384555919  0.55554823757943617  0.56639272126543150  0.57696068634994235
  0.58730165014061675  0.59759450955250237  0.60787655559755172  0.61821507300252865
  0.62849188734035077  0.63870935170954801  0.64887148532979833  0.65912847673185504
  0.66952930857644566  0.67999420623440465  0.69040239283525473  0.70087953120259239
  0.71158075972610602  0.72249926056380176  0.73343492208527350  0.74436009678167681
  0.75510414772743206  0.76560877064054733  0.77610542878126576  0.78648562655404741
  0.79701086036621793  0.80743640316643395  0.81804874317844523  0.82880936171691655
  0.83971109511879027  0.85045416265724205  0.86115934213084611  0.87189433490210100
  0.88243601315752196  0.89300401047581823  0.90358861589609119  0.91419065469706107
  0.92500675245217934  0.93550230935175438  0.94633668230098489  0.95691419083679952
  0.96784423335510628  0.97873137208776984  0.98941191698009523  1.00000000000000000
 -0.00471549952252122  0.02548540321562939  0.04623804702746626  0.06345084533042974
  0.07893197870240340  0.09337965180133691  0.10700392343020471  0.11991293034550389
  0.13229169265958515  0.14418248707385731  0.15571303160715722  0.16704359567785360
  0.17831274744310505  0.18946410251290305  0.20039529079666255  0.21098190079733165
  0.22115501631211423  0.23114347404464114  0.24109613969150312  0.25095756684059639
  0.26065716456519350  0.27017136453176099  0.27949792198559797  0.28866986816663931
  0.29770692638401380  0.30665467812157449  0.31564260671070199  0.32465908571645047
  0.33369631674056871  0.34280687921279274  0.35190242232244595  0.36089928712670893
  0.36976241324732712  0.37846468443910158  0.38702859541394818  0.39552713779546861
  0.40397856159989848  0.41238097572310572  0.42074965750957261  0.42904209308154145
  0.43729173744740740  0.44551707382577488  0.45374113638159963  0.46202236624905174
  0.47035213205491772  0.47859777870675663  0.48688474305617674  0.49499850948296398
  0.50318289179630926  0.51138968309305533  0.51984900095072328  0.52819884416598617
  0.53651611452659520  0.54479889557418049  0.55321669344263069  0.56153597070016026
  0.56979400749135733  0.57807373669238937  0.58642761681627864  0.59486219426838172
  0.60336356429318261  0.61182613602830582  0.62023195761014283  0.62862259646991980
  0.63700016572307028  0.64536280733087070  0.65373682532581723  0.66219601301463926
  0.67078134062183659  0.67943206742650974  0.68802968564861844  0.69654171902991391
  0.70511435515309728  0.71384534191766225  0.72261835560827403  0.73137509996843397
  0.74025668374855913  0.74928340973645569  0.75852199420015087  0.76791698186666235
  0.77750922335691919  0.78731100099253615  0.79731909599226192  0.80754378355489065
  0.81803477083927800  0.82856488891146740  0.83916161020124536  0.85004357896517935
  0.86146780958541902  0.87352792044076277  0.88641798978405550  0.90051849843216258
  0.91628705201129035  0.93465453334309145  0.95932906351000324  1.00000000000000000
 -0.02827757166678369  0.13755775744985416  0.17641336500748878  0.19931305668909480
  0.21669381897456311  0.23117247843181415  0.24372697572930721  0.25504182843075762
  0.26535510883255753  0.27503159838760216  0.28394793845904337  0.29254059364488177
  0.30056939657039244  0.30835659452055625  0.31581339276031828  0.32290611952072917
  0.32974554251590038  0.33640038057399313  0.34287300136159649  0.34927032410776543
  0.35552165578835687  0.36158944065093579  0.36754362957584868  0.37339879477612786
  0.37918436795688581  0.38491122829174873  0.39059435015823768  0.39617342419943308
  0.40159565962376631  0.40689576228480429  0.41214372607929672  0.41740265861075249
  0.42265718285182319  0.42786202506769183  0.43305449657680034  0.43817024621646061
  0.44324385179394976  0.44829298299536979  0.45334432907776834  0.45839270474115801
  0.46341106227377782  0.46838907595244195  0.47331503469043573  0.47818033229879520
  0.48301431399296157  0.48786530717123960  0.49273937385039357  0.49764297588512352
  0.50252765211963424  0.50739501620688343  0.51221600877124207  0.51703540099409140
  0.52185306784005969  0.52673797020161572  0.53162697673533066  0.53654432451541378
  0.54148745223692030  0.54641529618444817  0.55135726327309442  0.55634562406340760
  0.56142601901151290  0.56660813016725908  0.57181705063305810  0.57702163647930049
  0.58226481051318479  0.58755870436635604  0.59292493833416049  0.59835903411575098
  0.60383301034862202  0.60939264172294083  0.61499746941735489  0.62061652715742499
  0.62632022002029708  0.63216923885111043  0.63814223579210949  0.64424549056663372
  0.65053638600089103  0.65698501651807550  0.66358124163198506  0.67034274043993336
  0.67733776988489847  0.68449545750662100  0.69197425687582881  0.69978155924822794
  0.70779648346074253  0.71642766035551542  0.72535997332995827  0.73508490356227019
  0.74533412498106966  0.75664850766794778  0.76908710583812512  0.78378768694221312
  0.80132556940549193  0.82406529471358003  0.86257909384577502  1.00000000000000000
   1.2602555198751232E-002  -1.0000000000000000     
 T T T T T T T T T T T T T T T T F F F F F F F F F F F F F F F F
  <DiscreteSampler_grid>
  grouped_processes
  1 # 1 for a reference and 2 for a running grid.
  10 # Attribute 'min_bin_probing_points' of the grid.
  1 # Attribute 'grid_mode' of the grid. 1=='default',2=='initialization'
  0.0000000000000000 # Attribute 'small_contrib_threshold' of the grid.
  0.5000000000000000 # Attribute 'damping_power' of the grid.
 # binID   n_entries weight   weight_sqr   abs_weight
    10   10   1.995222744254031E+009   9.417210473862318E+018   1.995222744254031E+009
    16   10   1.995222744254032E+009   9.417210473862320E+018   1.995222744254032E+009
  </DiscreteSampler_grid>
