  0.00000355464560073  0.00001511563038797  0.00002917714289571  0.00004336562849184
  0.00005653748459751  0.00006962204366066  0.00008303149606894  0.00009686560450211
  0.00011096076547489  0.00012553414869829  0.00014039337554805  0.00015555056213375
  0.00017127437038589  0.00018776848099682  0.00020518865672939  0.00022347986694285
  0.00024259895922802  0.00026268311369633  0.00028362586977670  0.00030546633408105
  0.00032879992317791  0.00035315687477530  0.00037852216381409  0.00040567691660069
  0.00043399262710401  0.00046306672395771  0.00049389018832763  0.00052542762252674
  0.00055764191162707  0.00059216914440048  0.00062706377278236  0.00066464322947689
  0.00070462132346073  0.00074651313451647  0.00079059484714410  0.00083573321280050
  0.00088124569013521  0.00092723961610022  0.00097568263588333  0.00102602706851901
  0.00107982367526543  0.00113602564454010  0.00119486889799781  0.00125740022312718
  0.00132273713126815  0.00139100386723689  0.00146489359229431  0.00154556196270764
  0.00163147834790942  0.00172130921655706  0.00181518974068892  0.00191121027634663
  0.00201207823890514  0.00211901245637006  0.00222553784865147  0.00233266088858135
  0.00245284289109406  0.00258830025843760  0.00273475848757582  0.00288785922888815
  0.00304026651102376  0.00319568058776324  0.00334655703591986  0.00349465266228366
  0.00364636949599422  0.00382123323415001  0.00401274404686191  0.00420548189324157
  0.00440660567347600  0.00461962049048045  0.00484686114104582  0.00509742323941741
  0.00534696748036234  0.00559626553106525  0.00585965288831083  0.00615304928994348
  0.00648175432960570  0.00683753987070065  0.00718052085317452  0.00751453606108103
  0.00786578915689633  0.00826096935266972  0.00871776575163450  0.00920666862803277
  0.00970777002467421  0.01019052966557777  0.01081203793342036  0.01192631994142826
  0.01327181993904816  0.01482801652660015  0.01668162171366382  0.02089893644146597
  0.02804187438951569  0.04104724322622384  0.17647870778336913  1.00000000000000000
 -0.00238316507323496  0.00929640565412214  0.01909357597429806  0.02946499968609698
  0.03976532687166112  0.05004376793550016  0.06017633766073522  0.07062602800434344
  0.08085648159660218  0.09114061608937023  0.10141854684494434  0.11176701339340264
  0.12213664120809130  0.13261629542858136  0.14325689666667782  0.15390888705714348
  0.16454598585094796  0.17542523502461838  0.18603212189266188  0.19652611802506686
  0.20703801617252252  0.21773040768422175  0.22849149853524153  0.23908192968229178
  0.24956545603036648  0.26009149415265165  0.27095329937115675  0.28205979468133530
  0.29310133319799359  0.30398523597275318  0.31480568295144529  0.32571766101264382
  0.33673870544811918  0.34781735779108075  0.35875466534230682  0.36945108425957940
  0.38011319953317863  0.39077466699530500  0.40145856117039680  0.41206775175150206
  0.42260739067824404  0.43314703546947386  0.44364250860036314  0.45395016699690066
  0.46409618343321996  0.47417903315734267  0.48433607775147147  0.49458061439560097
  0.50483721030849349  0.51522644025678621  0.52561487107514238  0.53586955540712633
  0.54599598623323231  0.55605816669342178  0.56641055015902808  0.57702158302764128
  0.58755397431218248  0.59789378685401418  0.60834439001857399  0.61902560365247905
  0.62968151253516402  0.64021152552973726  0.65075260368920274  0.66141189755217977
  0.67203485734229174  0.68260491795333500  0.69294880218466037  0.70315160387553510
  0.71355146754899546  0.72436539872598371  0.73521809740929889  0.74604362998753293
  0.75676764448157985  0.76750515999110391  0.77802461130501910  0.78840874768773272
  0.79888529034336697  0.80945195212771703  0.81997482143220612  0.83032895310933230
  0.84065947465685797  0.85112346079782508  0.86160931070529911  0.87222151155216743
  0.88279019767545375  0.89321361344660388  0.90378070099415153  0.91426344136700610
  0.92508686746788926  0.93579838815691740  0.94623628566795026  0.95686552373630318
  0.96757009986706299  0.97847976483017585  0.98925058153752943  1.00000000000000000
 -0.00380336260426143  0.02323715477031779  0.04275132159892904  0.05927341641202365
  0.07438818455893237  0.08869044755611241  0.10236558260927842  0.11528940832747109
  0.12775091698244237  0.13978695182709439  0.15136164756632797  0.16258014686301261
  0.17363266494275020  0.18457252514264119  0.19535596687591222  0.20593178582025884
  0.21637771413655701  0.22663642594482858  0.23673607908089936  0.24671651299752789
  0.25653421217067401  0.26623336234713585  0.27579057455917294  0.28517883131870864
  0.29442384501879942  0.30358316251432255  0.31273674788146461  0.32192432255254549
  0.33101866059949564  0.33997448118589946  0.34890338469754173  0.35787117359142018
  0.36681058028930585  0.37559745305651682  0.38423322530227533  0.39284596758028439
  0.40153612930437577  0.41017800781422159  0.41871719193966700  0.42726772241505484
  0.43581914049958048  0.44449170064746202  0.45320023144748367  0.46195617254486132
  0.47060700339118233  0.47918731928405861  0.48765185620951113  0.49602901952244444
  0.50433379189781513  0.51258993096926175  0.52108386548357555  0.52969515497043917
  0.53818265430757417  0.54654241524291824  0.55477397757729829  0.56305677812017685
  0.57140545124301823  0.57982136695307995  0.58829275658993563  0.59683870111630033
  0.60551871471507634  0.61425087214282426  0.62295582911139613  0.63161200517324023
  0.64017845043060451  0.64876390220568525  0.65744514632555195  0.66622675395235098
  0.67503250899217171  0.68390399527963086  0.69289586124302105  0.70195044602782120
  0.71087005291803751  0.71972624786323924  0.72881464456872103  0.73826200410916987
  0.74794361993795089  0.75762202493370323  0.76729878638858884  0.77715164754699850
  0.78724834289475920  0.79758650931892916  0.80817022357185819  0.81886276997169316
  0.82966695400668289  0.84048075674146427  0.85121836061962197  0.86217903391385398
  0.87367390806932244  0.88583766523275165  0.89814528180587105  0.91101900908090305
  0.92538532824426722  0.94201811824272164  0.96454332590540537  1.00000000000000000
 -0.01989542945354399  0.12117302118285324  0.15970613425251717  0.18294150886144783
  0.20117090191570983  0.21645519698849652  0.23002806738711012  0.24193756773558173
  0.25297205802738132  0.26296920219488756  0.27245097989388078  0.28125600172747267
  0.28985819105338279  0.29806174126200830  0.30591944751968941  0.31347607991181692
  0.32071875215594181  0.32787850159550724  0.33483048614858890  0.34154931772984931
  0.34815978490159932  0.35467657557761301  0.36096645165804442  0.36717739050641496
  0.37326892537438583  0.37906901142305532  0.38479537810389136  0.39055363819208661
  0.39628657114156934  0.40190592637329481  0.40741933963257737  0.41287224162606939
  0.41826165833883822  0.42359188801008607  0.42889104238555437  0.43420886687472238
  0.43955498772497476  0.44495868498969859  0.45034360110834143  0.45566114756497222
  0.46094591846286126  0.46613393746132065  0.47126916930408219  0.47641712931177538
  0.48161409079957584  0.48687613582095673  0.49218596182897839  0.49750857989466818
  0.50274039988364749  0.50789783784944453  0.51297361934694041  0.51810118955716167
  0.52327466875757001  0.52846180119918662  0.53363320314643126  0.53882640613738697
  0.54401715212756918  0.54918489980247531  0.55442182213050872  0.55965181401293307
  0.56498210548435979  0.57036321724980943  0.57581589868881011  0.58119237432209359
  0.58676910757809098  0.59240584152118225  0.59806685099510559  0.60378048668257511
  0.60956472278521479  0.61543973284225839  0.62133722780640532  0.62726965666574974
  0.63332960490911039  0.63938426770430978  0.64562984181728655  0.65201624353812149
  0.65855962154635850  0.66526319172211579  0.67220249608294247  0.67931062425221689
  0.68648057383880490  0.69402132681298079  0.70184768948876441  0.71001827371686865
  0.71865126269335078  0.72746202418139561  0.73695144156415027  0.74683379120882865
  0.75777119781012758  0.76966745845107964  0.78323070008778017  0.79875900694893487
  0.81731292337538075  0.84123636364746146  0.87996937576925172  1.00000000000000000
   2.5118957466705363E-002  -1.0000000000000000     
 T T T T T T T T T T T T T T T T F F F F F F F F F F F F F F F F
  <DiscreteSampler_grid>
  grouped_processes
  1 # 1 for a reference and 2 for a running grid.
  10 # Attribute 'min_bin_probing_points' of the grid.
  1 # Attribute 'grid_mode' of the grid. 1=='default',2=='initialization'
  0.0000000000000000 # Attribute 'small_contrib_threshold' of the grid.
  0.5000000000000000 # Attribute 'damping_power' of the grid.
 # binID   n_entries weight   weight_sqr   abs_weight
    10   10   1.842214483163249E+009   5.742939986970993E+018   1.842214483163249E+009
    16   10   1.842214483163249E+009   5.742939986970990E+018   1.842214483163249E+009
  </DiscreteSampler_grid>
