 -0.00007959283186570  0.00081157892550208  0.00191162766870951  0.00352556953553541
  0.00566499638502563  0.00828923954334088  0.01136827761590301  0.01499636970899374
  0.01899020019667665  0.02328536774441304  0.02806110455025247  0.03319400407155270
  0.03868138538697966  0.04447549715300251  0.05044091332116364  0.05666003100178473
  0.06329945437730454  0.07012109448837414  0.07723121812128068  0.08464662758237369
  0.09236295798890341  0.10035100766729289  0.10849242135159443  0.11669206389646060
  0.12496630399048513  0.13342414939461958  0.14202531173414429  0.15069597481625702
  0.15970533564852926  0.16875198739649305  0.17793992122691327  0.18750065648688102
  0.19720914355511990  0.20707567952900297  0.21726335261621429  0.22767906218487199
  0.23820896843568889  0.24871711633168420  0.25907609022719608  0.26922767680115306
  0.27947860481329928  0.28997953187759851  0.30053937188555896  0.31122669196414843
  0.32215672727757633  0.33309961219266548  0.34391773170998752  0.35502266484846806
  0.36655502316084465  0.37818204810522738  0.38998273317084697  0.40182939622937819
  0.41360311258937099  0.42550514738673917  0.43817306627850022  0.45065682200157070
  0.46302121340858554  0.47522211181548735  0.48742894717075891  0.49967117975855407
  0.51184737263066260  0.52398629681855891  0.53628746310414777  0.54861033090006239
  0.56106764254340380  0.57346247346200507  0.58559888329417897  0.59761682049859721
  0.61007179146063850  0.62261190382817744  0.63503646426110971  0.64791358434237600
  0.66113937667090217  0.67455408624531443  0.68816918288002105  0.70184177941426751
  0.71574572605995779  0.72982901013935519  0.74387245261665169  0.75775647584929673
  0.77168658401776291  0.78581420348003117  0.80007370301343250  0.81439710599169579
  0.82870989290928709  0.84295944364578446  0.85752762673286786  0.87232477250434315
  0.88733071494621651  0.90271165909142870  0.91866576331194405  0.93476191915100681
  0.95096391346603815  0.96720950317503240  0.98352317788914057  1.00000000000000000
 -0.00207089743065545  0.00886348797232117  0.01838334324161484  0.02833004919385219
  0.03832072791001708  0.04860639229583000  0.05910135826543658  0.06964152177200851
  0.08030770214103473  0.09114901555831587  0.10171421837306727  0.11219482109926851
  0.12242624853897580  0.13275214486592690  0.14319044907938996  0.15403816984834612
  0.16518120491908334  0.17618292802379007  0.18702758171113246  0.19765368157704943
  0.20847510961515672  0.21912983237901376  0.22972030255849862  0.24016932612868569
  0.25078658088354711  0.26162372980770138  0.27202462514474185  0.28227479608147094
  0.29251002447618790  0.30297445194969796  0.31323777496939254  0.32307543450275972
  0.33285790845475149  0.34264148511033021  0.35268970897782664  0.36303954317175896
  0.37348510489697684  0.38392230049189352  0.39431917567316799  0.40444185642398006
  0.41449972586138845  0.42469735650242441  0.43476570425238698  0.44540927475074082
  0.45636979851273207  0.46713209110099735  0.47780922527143393  0.48807648280523369
  0.49868190516204769  0.50910953890407495  0.51912623103028566  0.52910701922289116
  0.53917656548108495  0.54950803176795582  0.55988749073232325  0.57012121825492557
  0.58040058268215045  0.59067257655607963  0.60104635673225415  0.61145882793764328
  0.62198039905616087  0.63318774059994598  0.64429411422895244  0.65499820159465205
  0.66547286239513259  0.67655428887698277  0.68829282379325529  0.69893695581537385
  0.70924918686219918  0.71889184423978936  0.72878291107375359  0.73968166066996088
  0.75057724799735770  0.76135721672924284  0.77170186353290271  0.78211813621209270
  0.79236849178829227  0.80232625639515509  0.81242420033302631  0.82343517961239276
  0.83445789580009688  0.84501193089423421  0.85530082022459852  0.86615826341164415
  0.87729488919988252  0.88759950913859353  0.89797095400285987  0.90882835695198327
  0.91977370855268525  0.93073562176992464  0.94229455330379619  0.95461849588090930
  0.96652877934229686  0.97786452710484995  0.98910764296411657  1.00000000000000000
 -0.00355442495172219  0.02172563165548013  0.03981631460401644  0.05473102523310807
  0.06830971488292077  0.08125178496691968  0.09366788287345926  0.10578168012001109
  0.11766462509500342  0.12905563594060199  0.14025151962728760  0.15150229545990232
  0.16294021943220566  0.17427940457328314  0.18552113399777612  0.19672069359181019
  0.20769084559723214  0.21825043313465622  0.22872355782414491  0.23924033618061716
  0.24947208186266845  0.25945606468823429  0.26921747489827363  0.27883706379676187
  0.28822775577187820  0.29731392857400929  0.30608899513093263  0.31473412439640103
  0.32310579619619195  0.33140913248136122  0.33973666385444723  0.34800013418664943
  0.35621711463178091  0.36445345539797719  0.37298830314373743  0.38223626718090925
  0.39195365339719906  0.40168910600759028  0.41133691200035510  0.42091473126745355
  0.43019183991050108  0.43944674541099360  0.44795607112289498  0.45649720133253341
  0.46500829158743562  0.47340643954139972  0.48213128125471372  0.49040406123893771
  0.49878392674343192  0.50727468679344834  0.51625790057050480  0.52535896510417002
  0.53430510396023678  0.54292931729839722  0.55163500981354541  0.56060326228103097
  0.56976470399905788  0.57867841852142399  0.58765963311352487  0.59650400288404670
  0.60558937606905872  0.61525941535055273  0.62540170923677640  0.63596343096333252
  0.64653343269953323  0.65664527675834272  0.66642931096337910  0.67612766707338912
  0.68547114213492799  0.69459131035202459  0.70364289632511690  0.71285305975846014
  0.72268235789568502  0.73299435062634410  0.74382242271454124  0.75406076132657773
  0.76359804333248382  0.77301998616691692  0.78253230872087032  0.79200816412111619
  0.80157023778829617  0.81128066562128276  0.82218401230584504  0.83345666708351618
  0.84465037306150459  0.85591064536444206  0.86724278224630813  0.87853033878649145
  0.88994578270158298  0.90220877187439741  0.91552297085418788  0.92889014203476394
  0.94283793546582073  0.95797214125530283  0.97631045595743060  1.00000000000000000
 -0.01439538082849216  0.08732996524235488  0.13455229023313353  0.17743860347947274
  0.21022690545268485  0.23306062265857058  0.25069954566560315  0.26527325905020893
  0.27835961797959474  0.28982742804812622  0.30016852311072934  0.31031423133753822
  0.32051614282388985  0.33078423331706036  0.34056356368587010  0.34987028356792904
  0.35869471458282298  0.36725775867251853  0.37584246287485856  0.38425395687900343
  0.39258776934675549  0.40043619378049056  0.40801631482098411  0.41565553539598388
  0.42304037593960142  0.43033612196115950  0.43746198797081470  0.44445739390589845
  0.45138998215773857  0.45818991144000965  0.46479501286988251  0.47124389922393384
  0.47766758329378994  0.48423028877543506  0.49091019830469401  0.49754095194276643
  0.50397857509669386  0.51016302299422167  0.51627157076912322  0.52262131044179805
  0.52930659918635370  0.53618350867106557  0.54282451008916677  0.54899047451434324
  0.55513061760158955  0.56127442067289712  0.56738182220232869  0.57349632713823251
  0.57962483592588221  0.58568760377771545  0.59158484918882648  0.59730235614250415
  0.60303858752219730  0.60858263125917311  0.61420312131828969  0.61972869232757599
  0.62528333608095921  0.63078282725459334  0.63640057030084740  0.64187208807114504
  0.64719196451846939  0.65236865777994657  0.65747808906813698  0.66263588329642142
  0.66800304783586761  0.67374243488603003  0.67940708968599550  0.68512715706875782
  0.69083035706691642  0.69657166423801786  0.70232525012978475  0.70817833591481616
  0.71410191862992145  0.72006257673279550  0.72599785105711523  0.73181781839382576
  0.73756463762246116  0.74337361178030403  0.74953654088352206  0.75562579098837457
  0.76187061658151556  0.76807679506397153  0.77458070601312368  0.78136429041416333
  0.78845178890605294  0.79584914664213291  0.80355061675439510  0.81159366360822227
  0.82050459356945837  0.83038564190059505  0.84104637102446411  0.85276657912507603
  0.86687212176206607  0.88571683979243376  0.92110207842727509  1.00000000000000000
   6.9731356081545611E-004  -1.0000000000000000     
 T T T T F F F F F F F F T T T T F F F F F F F F F F F F F F F F
  <DiscreteSampler_grid>
  grouped_processes
  1 # 1 for a reference and 2 for a running grid.
  10 # Attribute 'min_bin_probing_points' of the grid.
  1 # Attribute 'grid_mode' of the grid. 1=='default',2=='initialization'
  0.0000000000000000 # Attribute 'small_contrib_threshold' of the grid.
  0.5000000000000000 # Attribute 'damping_power' of the grid.
 # binID   n_entries weight   weight_sqr   abs_weight
    10   10   1.510670232620033E+009   2.284242599884595E+018   1.510670232620033E+009
  </DiscreteSampler_grid>
