 -0.00000011424706967  0.00001391375620590  0.00002883287655459  0.00004292043031274
  0.00005710348123927  0.00007171373128908  0.00008698058638123  0.00010295872661392
  0.00011970101195615  0.00013713318951175  0.00015522151417608  0.00017423632453531
  0.00019440245149036  0.00021574060954534  0.00023812835852809  0.00026168460964898
  0.00028651492205854  0.00031315320510478  0.00034135301091416  0.00037078132576143
  0.00040124381640560  0.00043271216849757  0.00046579930759239  0.00050032016859104
  0.00053673813510554  0.00057505575497807  0.00061501924223029  0.00065665130336335
  0.00070013999484230  0.00074544181007634  0.00079216113521329  0.00084016394516629
  0.00089133290673031  0.00094513409750546  0.00100108020347112  0.00105908348886072
  0.00112148320717695  0.00118664496790271  0.00125277375784569  0.00132101273022993
  0.00139229975750167  0.00146720470563348  0.00154687814402187  0.00163177740823111
  0.00172250200730883  0.00181616531995046  0.00191298284356757  0.00201339224426451
  0.00211675128738578  0.00222474160794272  0.00233640442980282  0.00245084212834206
  0.00257189422404747  0.00270024829285603  0.00284103655431923  0.00299090898068718
  0.00314549159678495  0.00331106786939366  0.00348193324404227  0.00365942460672110
  0.00384322914596991  0.00403274934270540  0.00423063724448981  0.00443513611607342
  0.00465166190192414  0.00487744622746321  0.00510880804458491  0.00533045836988854
  0.00559579375992521  0.00587454808469125  0.00615632933545392  0.00644011639052221
  0.00673263736083953  0.00707921757392534  0.00743301158173794  0.00780205774111287
  0.00818767000547501  0.00860317697058006  0.00905478946007000  0.00954155771422571
  0.01012201727438117  0.01076777721444406  0.01141851704008211  0.01198699458877386
  0.01268247669565119  0.01359231562351091  0.01525104419615460  0.01723623347740110
  0.01832210096077026  0.01957697558705182  0.02160663149214250  0.03014350785854990
  0.05035913031951331  0.08164273272626843  0.11126030828333214  1.00000000000000000
 -0.00235120960330858  0.00929267514388488  0.01912282203363051  0.02962830528957939
  0.04010319066640614  0.05053321726013892  0.06119725621579259  0.07170581356075330
  0.08238100414472831  0.09271641628792796  0.10325339764482296  0.11370428671293452
  0.12425526525352205  0.13468603123035799  0.14508940396231526  0.15551693252667131
  0.16586173660207462  0.17630099080222306  0.18678027397890140  0.19726955650181080
  0.20786727568507524  0.21832774925895021  0.22871170949420525  0.23912716729089228
  0.24953043268448608  0.26030372056787437  0.27099896290455577  0.28162033579980511
  0.29217091886085711  0.30274308289422014  0.31328032063907846  0.32375722480566516
  0.33407837284959402  0.34453319686922218  0.35478962209779630  0.36499269965607295
  0.37521112005315305  0.38583786782988361  0.39656895453852153  0.40715607460102521
  0.41763559273591783  0.42837707608655246  0.43932892499484150  0.45014683220772084
  0.46084719555024395  0.47144864628787947  0.48214818453157177  0.49278666951790651
  0.50337163000174223  0.51384600693710991  0.52434534828500956  0.53493414682514617
  0.54574020256173938  0.55646646557549251  0.56716489459087682  0.57764036434876997
  0.58823154198135919  0.59883697879737996  0.60931291563779844  0.61985934275801557
  0.63032160422851646  0.64099677743541861  0.65149320987047765  0.66218951521988423
  0.67274531040551666  0.68348685487789063  0.69405426588563834  0.70461192641137826
  0.71516161325345440  0.72578236259750017  0.73643973141215024  0.74703293398713777
  0.75768204108197279  0.76836885896232976  0.77897553475561043  0.78949161637075915
  0.80013839949864785  0.81087973064255492  0.82159294644546610  0.83234607634060198
  0.84302548260983279  0.85359603049659838  0.86394168880813060  0.87438021365135932
  0.88462505191652396  0.89492230249364990  0.90510439980665536  0.91539740858076712
  0.92581285384676659  0.93624915696816602  0.94702412832138261  0.95744490721009801
  0.96789843073120374  0.97817018360667951  0.98906372746062621  1.00000000000000000
 -0.00470483194918885  0.02536529753795429  0.04644367523991447  0.06372689995837122
  0.07906073379984456  0.09336242101183338  0.10697456622241215  0.11992259564317942
  0.13235226508335859  0.14441147743323257  0.15614194162933584  0.16755699906366567
  0.17866449475748974  0.18958136637541989  0.20033745335988454  0.21091604148684015
  0.22130358289410820  0.23149294666096648  0.24155662814444814  0.25145253567530435
  0.26118479383195675  0.27077869198937643  0.28022181067192709  0.28955818751626800
  0.29879749024026464  0.30792156517718522  0.31689706644671561  0.32573323718692371
  0.33451571610075670  0.34334122557416680  0.35218002641296708  0.36099790396346448
  0.36977147392718174  0.37847991678890014  0.38708670218878183  0.39555087157908148
  0.40398176597378455  0.41248054864473738  0.42097924908220458  0.42939887826560497
  0.43773982867615774  0.44599800444955190  0.45417723410341226  0.46227194509454106
  0.47040908949655824  0.47855216902350373  0.48672282091144370  0.49484483117280820
  0.50300385693291794  0.51118253165117866  0.51938949698639814  0.52747617698441429
  0.53544264459241075  0.54347497046292814  0.55164897124721479  0.55990834595878836
  0.56818668796378291  0.57644076428945934  0.58470787173982319  0.59303041336361029
  0.60137194569567776  0.60967357866713756  0.61792700181810944  0.62620257290808712
  0.63459278404473185  0.64298623147277589  0.65142392577884178  0.65993527336689028
  0.66857476436977126  0.67724842337931179  0.68591708453058275  0.69459171005604003
  0.70331812591109688  0.71221986663416492  0.72122986417432833  0.73033144082690293
  0.73954563792350758  0.74885389305353955  0.75835475099855065  0.76787959514886162
  0.77746380937752835  0.78720277983552622  0.79728089347115816  0.80755915349487928
  0.81822826920766767  0.82913336587779429  0.84041983844847912  0.85211263026275930
  0.86422903090390701  0.87673605359568174  0.88976037744793446  0.90385681021301578
  0.91961838581963717  0.93762635953502804  0.96161370049676587  1.00000000000000000
 -0.02833098860957328  0.13749419098712579  0.17588964233899282  0.19858505657502495
  0.21612553791049133  0.23068573107745671  0.24329590628425254  0.25464897033754003
  0.26481688912496842  0.27447311598468616  0.28334270697339581  0.29209335230772099
  0.30012880436754846  0.30789247250472468  0.31529785913311836  0.32243829253127426
  0.32941471606234607  0.33616444065522455  0.34267629500753932  0.34906281929502342
  0.35531789994434687  0.36144720649185114  0.36743206001679579  0.37330925639262441
  0.37907693353752270  0.38481157109410186  0.39048090317026785  0.39605137091734482
  0.40151638380134980  0.40694980061593417  0.41233162929485617  0.41766997403500222
  0.42286062052734158  0.42802036327733178  0.43319431983957207  0.43833185746315811
  0.44338806777764306  0.44837207421092401  0.45333009342734154  0.45826462256446687
  0.46318652315994696  0.46810288987818438  0.47302177737237205  0.47797255131226518
  0.48294677708501493  0.48792615665770916  0.49282983110195966  0.49768471387651092
  0.50256495733929996  0.50749055562422174  0.51241838336554213  0.51735981263524278
  0.52229030751918570  0.52721050380107359  0.53214442529947470  0.53708386497101701
  0.54203787471351206  0.54701361898205059  0.55199269306603171  0.55697349844318045
  0.56197918316791962  0.56704181085637084  0.57217697943189394  0.57735327967586902
  0.58257645936973368  0.58788495037246580  0.59327427460873250  0.59869786375462264
  0.60417636560021870  0.60974178161296977  0.61537762896757042  0.62106587122372825
  0.62684768567773519  0.63275447983539224  0.63874454344615827  0.64483003348010903
  0.65104423385893362  0.65736839738130370  0.66381812632755199  0.67049565281572576
  0.67746480955329436  0.68460784961007459  0.69210063475662909  0.69984432809287345
  0.70786303323679323  0.71644421650433054  0.72537370635086507  0.73497342392262421
  0.74529139618945339  0.75677074405301648  0.76959953769662826  0.78427290693622964
  0.80159264561418053  0.82413030364659112  0.86295757713246801  1.00000000000000000
   1.2537086452866362E-002  -1.0000000000000000     
 T T T T T T T T T T T T T T T T F F F F F F F F F F F F F F F F
  <DiscreteSampler_grid>
  grouped_processes
  1 # 1 for a reference and 2 for a running grid.
  10 # Attribute 'min_bin_probing_points' of the grid.
  1 # Attribute 'grid_mode' of the grid. 1=='default',2=='initialization'
  0.0000000000000000 # Attribute 'small_contrib_threshold' of the grid.
  0.5000000000000000 # Attribute 'damping_power' of the grid.
 # binID   n_entries weight   weight_sqr   abs_weight
    10   10   2.164094475444076E+009   1.660193041418377E+019   2.164094475444076E+009
    16   10   2.164094475444076E+009   1.660193041418377E+019   2.164094475444076E+009
  </DiscreteSampler_grid>
