  0.00000019800674191  0.00001199551021704  0.00002506084468036  0.00003790429588726
  0.00005065498173647  0.00006322613384713  0.00007618766016114  0.00008973942776922
  0.00010368477994425  0.00011795151130639  0.00013249694826494  0.00014721612810329
  0.00016221182031468  0.00017784211923938  0.00019443879117119  0.00021191448087665
  0.00023024437590754  0.00024985937851044  0.00027016392133800  0.00029137281281779
  0.00031335096700691  0.00033587025733287  0.00035978924016572  0.00038475524325518
  0.00041092456755680  0.00043787926476819  0.00046550939981760  0.00049452869944344
  0.00052442456858127  0.00055646764236616  0.00058976855074530  0.00062501649730812
  0.00066223458141438  0.00070115829654371  0.00074083161954664  0.00078165488041790
  0.00082543283402863  0.00087119033686150  0.00091802066761199  0.00096646822604657
  0.00101684928878845  0.00107004682139775  0.00112526786250757  0.00118235962666190
  0.00124251670182295  0.00130578563030546  0.00137274796662296  0.00144447076903253
  0.00151696908289067  0.00159039458231828  0.00166482539501853  0.00174040457969115
  0.00181933014024350  0.00190091174675031  0.00198801614809062  0.00208771860060522
  0.00219221077700598  0.00230040292333860  0.00240981042099770  0.00252110871815866
  0.00263832618413983  0.00277563247971926  0.00290845005239361  0.00304993961802471
  0.00319663972870666  0.00335069909051923  0.00350860600935480  0.00366652413279314
  0.00382535676122900  0.00399306375367887  0.00421079707117936  0.00446858215445057
  0.00473586955159317  0.00499173342875819  0.00522793531416834  0.00544906897153835
  0.00566518958383368  0.00588520969729684  0.00612903574739996  0.00641081297349716
  0.00673883186504612  0.00706170975689801  0.00738010797983703  0.00773733029180113
  0.00819245511233937  0.00872754366442641  0.00921336640898648  0.00953628501098454
  0.00989102441860583  0.01025283846297885  0.01063876673825555  0.01108172381108145
  0.01165802087005413  0.01275864462160642  0.21939315971210543  1.00000000000000000
 -0.00235630299241716  0.00902303714732699  0.01887842604199629  0.02928166510124848
  0.03961468153010713  0.04981889685417517  0.06016029295229287  0.07101687964979836
  0.08209686202369657  0.09293070686679097  0.10371652602885913  0.11433868139943422
  0.12490122306404769  0.13540208048381766  0.14600836917985943  0.15659513200648936
  0.16712039470293530  0.17757203205932354  0.18792901636762169  0.19842932672056282
  0.20883721112980394  0.21934857124099294  0.22962712378240482  0.24004262469451035
  0.25048480407045054  0.26120544489583802  0.27169864050801462  0.28228202020187843
  0.29297520829979962  0.30367079398361613  0.31449859099504474  0.32514073166134189
  0.33579473668771914  0.34631842913657851  0.35685704048877193  0.36765294180670233
  0.37806276387402488  0.38848728981450914  0.39899605441462621  0.40976365285642419
  0.42029279603627745  0.43054063969702239  0.44084620945462505  0.45129808646194669
  0.46179551488243975  0.47219667795835052  0.48254059945943051  0.49296749162669079
  0.50348674654697001  0.51397519063694208  0.52447300169022726  0.53501414190470675
  0.54551681988807865  0.55602356221614069  0.56636100655140154  0.57669401374208451
  0.58714013122733377  0.59749883748536281  0.60791040971016097  0.61829068339415394
  0.62899187718358274  0.63957896797222058  0.65012432757808425  0.66054922813395933
  0.67094568613990069  0.68130739603141710  0.69194468030001510  0.70293100276179665
  0.71389990457994268  0.72460212337766206  0.73516556815324940  0.74568073003854962
  0.75632849186803852  0.76700864280201975  0.77753078025771127  0.78790253980240943
  0.79824469956464794  0.80847748740919134  0.81888444066995469  0.82926737856474775
  0.83992798038186156  0.85057261693510833  0.86111588407208095  0.87195778718666184
  0.88264358472727100  0.89343764860812602  0.90391198438151044  0.91435468230060879
  0.92476331004281820  0.93553754484406160  0.94651465230374021  0.95733434375683379
  0.96809635988936416  0.97849250166546564  0.98930847882885520  1.00000000000000000
 -0.00364197873010510  0.02244093458794424  0.04150327655288681  0.05798953413595289
  0.07307815797470982  0.08720497935694740  0.10066711857646717  0.11353351890415975
  0.12591621216283633  0.13793951355000789  0.14962827646553539  0.16110223582257552
  0.17234016845522737  0.18330236744675601  0.19396441770666345  0.20421511005700105
  0.21447920336325738  0.22476036034115818  0.23505949842025151  0.24503128102122163
  0.25482241885984036  0.26454483367451131  0.27417566905348750  0.28376586689876787
  0.29330594817990069  0.30278668214811572  0.31224679309394171  0.32151736907934259
  0.33064341946318510  0.33967268347696133  0.34858916338286844  0.35746668255843800
  0.36637661986370901  0.37521935748855278  0.38392000138692811  0.39252964768775767
  0.40107280736179596  0.40962665190473685  0.41816904655207382  0.42664490690677243
  0.43508767578390434  0.44347453457938313  0.45184695625655735  0.46020445119141540
  0.46850013051146033  0.47675686853979132  0.48503179347526176  0.49334734978504491
  0.50167750283657220  0.51003659933695200  0.51832877220803597  0.52662220397148096
  0.53497004958238126  0.54346719433367285  0.55203340838419468  0.56060879481346426
  0.56918553924812265  0.57768411414962217  0.58618481146992851  0.59484215913404470
  0.60353942962515739  0.61219273395000984  0.62078840495969001  0.62942426477473712
  0.63819457241501243  0.64697959678890637  0.65568168187904907  0.66435420203834605
  0.67297258815119032  0.68155363612399711  0.69018004975712388  0.69887953284441107
  0.70771105184126948  0.71669819022500214  0.72576264890746744  0.73479707490714474
  0.74379516257852885  0.75299584687946519  0.76253756153211838  0.77226315470101392
  0.78206482036429836  0.79198264305102095  0.80213466656127008  0.81239023109457875
  0.82281867079906124  0.83351227068273448  0.84453000607913653  0.85585756014617509
  0.86787380252626745  0.88052924295765811  0.89378787452932540  0.90764890611021454
  0.92219689337733268  0.93827436878779091  0.96059834888955420  1.00000000000000000
 -0.02038149283279045  0.12072719116497566  0.16025445752821399  0.18396327399090356
  0.20219556739426672  0.21739869072123599  0.23071087544294724  0.24267197306455232
  0.25343868673819997  0.26331220508782804  0.27262663378317198  0.28144517488467907
  0.28994703590441651  0.29798349015456138  0.30575547353542371  0.31329601998259987
  0.32066959250229515  0.32791518879883574  0.33500812820962367  0.34186834565695712
  0.34851664130626914  0.35494548608544974  0.36103416505960700  0.36700817582303163
  0.37296123371884454  0.37876902204632273  0.38447624730412255  0.39019562324602919
  0.39591905157804680  0.40158853377640719  0.40720709809156791  0.41278621148253319
  0.41831625028224179  0.42381372135975337  0.42920829191686372  0.43455410728649563
  0.43984586089186345  0.44514215447715161  0.45039779631660809  0.45562947620943806
  0.46081024761882933  0.46594681593552029  0.47107242129964633  0.47619859352613580
  0.48131424772992765  0.48642582672918006  0.49155873021009655  0.49664842809016363
  0.50175349889357612  0.50676833374046626  0.51183507791196936  0.51686170028223477
  0.52194044151427965  0.52708962499333845  0.53223564528134804  0.53739763497502879
  0.54258846864414745  0.54778129744215243  0.55299790748767008  0.55819423479331087
  0.56346182378157794  0.56885531150386515  0.57432931727687853  0.57985592048088885
  0.58545022053583506  0.59109035763766060  0.59675861466857338  0.60244099964593212
  0.60821827011230367  0.61406717019285673  0.62000354109700240  0.62603203513247918
  0.63214130574598382  0.63833534461812447  0.64455347552147668  0.65094893031971468
  0.65751074797163522  0.66423216313347666  0.67118981412325218  0.67827852599811700
  0.68543591068003618  0.69298239636207148  0.70081291354655217  0.70888714553684906
  0.71747924279256547  0.72624116212483847  0.73574927097086706  0.74560034268538911
  0.75636906496395284  0.76815870881746895  0.78173917122721026  0.79743056033047022
  0.81601792417988683  0.83956563498130865  0.87862309893351676  1.00000000000000000
   2.5343862491712298E-002  -1.0000000000000000     
 T T T T T T T T T T T T T T T T F F F F F F F F F F F F F F F F
  <DiscreteSampler_grid>
  grouped_processes
  1 # 1 for a reference and 2 for a running grid.
  10 # Attribute 'min_bin_probing_points' of the grid.
  1 # Attribute 'grid_mode' of the grid. 1=='default',2=='initialization'
  0.0000000000000000 # Attribute 'small_contrib_threshold' of the grid.
  0.5000000000000000 # Attribute 'damping_power' of the grid.
 # binID   n_entries weight   weight_sqr   abs_weight
    10   10   1.831581254835711E+009   9.495724426948760E+018   1.831581254835711E+009
    16   10   1.831581254835711E+009   9.495724426948755E+018   1.831581254835711E+009
  </DiscreteSampler_grid>
