  0.00000555268323975  0.00000791080276744  0.00001282695396175  0.00001824958595761
  0.00002320380490704  0.00002821176987336  0.00003328956524764  0.00003840293387484
  0.00004354345974052  0.00004875496531588  0.00005399161823987  0.00005929922735585
  0.00006476565006101  0.00007046584089281  0.00007627080719653  0.00008218063575355
  0.00008826504641530  0.00009456008128491  0.00010102621697473  0.00010760067489042
  0.00011428511112431  0.00012114978054771  0.00012822781924691  0.00013539625122915
  0.00014264487177479  0.00014996964171172  0.00015731582493511  0.00016468273171429
  0.00017219875453627  0.00017995231865136  0.00018786633059836  0.00019606218197854
  0.00020453357851636  0.00021326022205368  0.00022253483282877  0.00023194425557865
  0.00024202760195173  0.00025232709318642  0.00026310915027882  0.00027427172892813
  0.00028572145227270  0.00029765747878408  0.00031002994062686  0.00032310795999180
  0.00033715319368019  0.00035155614589107  0.00036673600425843  0.00038246718500931
  0.00039902404629038  0.00041709308900697  0.00043531886855542  0.00045526277920495
  0.00047539372334052  0.00049715585357325  0.00051999366090854  0.00054394775422073
  0.00056955870926839  0.00059655330068319  0.00062498569912279  0.00065528765707155
  0.00068711695816998  0.00072112215995385  0.00075716379126154  0.00079607629564725
  0.00083837786582564  0.00088342388569369  0.00093166967245461  0.00098357239118381
  0.00103902029885581  0.00109924058279803  0.00116323571297626  0.00123274909569924
  0.00130694693647315  0.00138708945438559  0.00147641064912940  0.00157542520719907
  0.00168733996266243  0.00181168122908680  0.00194547974843492  0.00209135097629987
  0.00225887454913683  0.00245273623317270  0.00267709340752458  0.00296473410299541
  0.00331093350961960  0.00369661764710475  0.00408827807726872  0.00454710663688713
  0.00511655416388862  0.00587424036255460  0.00705576097602536  0.00890712923010348
  0.01116123793243708  0.01602372234691241  0.19111724090746887  1.00000000000000000
 -0.00235791790410107  0.00940017040403822  0.01945605632229618  0.03004111421873563
  0.04053549066951476  0.05104771736087813  0.06172950585138770  0.07234145735024662
  0.08307472106082918  0.09376463322362362  0.10429030628234680  0.11462097120876898
  0.12508875061937680  0.13570645359077912  0.14642114844585877  0.15700519495103402
  0.16747162602237778  0.17771530826949836  0.18793949864707676  0.19835337670447920
  0.20876197126637633  0.21928085014560300  0.22985227176499257  0.24063911011727165
  0.25132234704333017  0.26206994580854576  0.27271796390015357  0.28347175340059733
  0.29411363182991973  0.30477331518665168  0.31529244224326564  0.32579201706511507
  0.33625127890791912  0.34654817768848806  0.35687226959641721  0.36722028247488886
  0.37779702187932163  0.38830039578222103  0.39869988211527091  0.40895984060413526
  0.41923962552415195  0.42947230736667147  0.43965646975911321  0.44988514681728747
  0.46015731816133487  0.47081301683931687  0.48147235665678212  0.49225433026188253
  0.50296268712140269  0.51375968175417763  0.52434517045822449  0.53489510085318892
  0.54535644381543136  0.55588873656809901  0.56646346731934405  0.57702880241109078
  0.58754931256331511  0.59785164305063376  0.60828851735545697  0.61869916128706037
  0.62923782682896268  0.63972645494623248  0.65025241414940538  0.66083423253728379
  0.67131099612987544  0.68161935350293523  0.69188869579392043  0.70218797024448487
  0.71273114809494653  0.72348219724224860  0.73463909344401268  0.74595183612464977
  0.75676014531515212  0.76737706152555807  0.77781730449089770  0.78833686601372377
  0.79876096410952280  0.80924553064062088  0.81980029955650413  0.83039474820358450
  0.84107627889638503  0.85198979120570839  0.86264477332111922  0.87333187448965266
  0.88369376051440440  0.89420282334622869  0.90449144112012725  0.91472095133837206
  0.92509523179768516  0.93546106757082526  0.94634630828867239  0.95714303628565989
  0.96807206934648349  0.97876089316450121  0.98946853575663396  1.00000000000000000
 -0.00375846913979799  0.02337466882194610  0.04324141995890431  0.05985545185260453
  0.07481589785248939  0.08853806984546936  0.10148073578762332  0.11387020511735343
  0.12589002414000383  0.13737134416707744  0.14849832741701491  0.15935319606479309
  0.16997204204053645  0.18027203000235939  0.19045608997984489  0.20044505012477770
  0.21034740330975249  0.21991719303882473  0.22961411681371868  0.23907370740717529
  0.24836296184571624  0.25743254959632150  0.26630416258909273  0.27514623408937355
  0.28389014271972257  0.29271909874236740  0.30169274572542654  0.31065494979899622
  0.31940083822836096  0.32801297310084337  0.33660809117320090  0.34517602663335079
  0.35359919722164784  0.36180400640686261  0.36991078035640845  0.37810634870587390
  0.38641344085352314  0.39468185560505648  0.40278386693364499  0.41073834621764077
  0.41860872899813484  0.42662113620323561  0.43464531989843769  0.44274884245726315
  0.45078469992054615  0.45877923055453751  0.46667097041784811  0.47455382840288662
  0.48244301717116661  0.49030880291022155  0.49820300878897689  0.50617150594358074
  0.51415037592391843  0.52206235840339799  0.52992313015115133  0.53777421204106157
  0.54566348007163701  0.55366947534434374  0.56170149690905868  0.56973163679569905
  0.57770027887057518  0.58570319363876910  0.59372385539119998  0.60172175025220953
  0.60978037009014385  0.61793124337941863  0.62623246024544454  0.63437879708458811
  0.64256347403008895  0.65075960546355582  0.65902934476445330  0.66762475530735133
  0.67650774510220746  0.68549132158581283  0.69452754362545377  0.70359012320200587
  0.71285951339277009  0.72226539835843773  0.73169426863268416  0.74121834797031472
  0.75107595822362239  0.76127449913013701  0.77159535854420547  0.78205096520883044
  0.79286725622738108  0.80408187522075125  0.81569127768913918  0.82773411515212025
  0.84056656650031902  0.85420829693913614  0.86875341476400136  0.88479020146465748
  0.90235621667060761  0.92300347784345405  0.95096977737035504  1.00000000000000000
 -0.01841138064529193  0.10845495417211304  0.14356113423467717  0.16588297755752235
  0.18403177604273391  0.19945438752946859  0.21292605538566153  0.22506277310960959
  0.23620723889649795  0.24659822771831807  0.25629698455672262  0.26562064945696717
  0.27457603332596131  0.28322703887167933  0.29146837837457373  0.29934495207525497
  0.30702196964887085  0.31457646391848404  0.32185621433166578  0.32902110013364799
  0.33600215867750000  0.34284349399062869  0.34958370951561751  0.35623282476141255
  0.36279113342150687  0.36930769908207634  0.37572442906665393  0.38202786853980386
  0.38826830477999397  0.39442085562475226  0.40043869479487065  0.40635773287042698
  0.41220493255914897  0.41801513874439389  0.42373545797758116  0.42944608208410340
  0.43515874017558387  0.44087065310285334  0.44659464188453968  0.45231274952497658
  0.45799853710046945  0.46363550399889741  0.46920596364493178  0.47472477478010910
  0.48025573271479916  0.48583892352565389  0.49144716920452114  0.49711007212964098
  0.50267973658011333  0.50820757080949241  0.51373641457920971  0.51928999332074621
  0.52486531285869265  0.53046618322480310  0.53607287384194791  0.54166613579680467
  0.54724215861037995  0.55280970397889995  0.55839654973863073  0.56403727378319291
  0.56975879621193393  0.57550234832729341  0.58128949509373640  0.58715264707335368
  0.59309650091732380  0.59905846926766659  0.60510436606951745  0.61125255234129372
  0.61746654189610484  0.62375896538106734  0.63016491949692299  0.63665470270725844
  0.64318773510290372  0.64983529401583107  0.65668927391398590  0.66366865397182817
  0.67080105236121923  0.67805190080801025  0.68546246717022374  0.69304342418804954
  0.70070619579282289  0.70851065580194583  0.71666508821819253  0.72509913377170421
  0.73407336789018529  0.74366140197006214  0.75373162502473601  0.76443314150220543
  0.77573148844056539  0.78782754777312292  0.80101449572840400  0.81574355369560891
  0.83294527640039362  0.85520204608107853  0.89079358417830112  1.00000000000000000
   3.1962258804722568E-003  -1.0000000000000000     
 F T T F T T T T T T T T F T T F F F F F F F F F F F F F F F F F
  <DiscreteSampler_grid>
  grouped_processes
  1 # 1 for a reference and 2 for a running grid.
  10 # Attribute 'min_bin_probing_points' of the grid.
  1 # Attribute 'grid_mode' of the grid. 1=='default',2=='initialization'
  0.0000000000000000 # Attribute 'small_contrib_threshold' of the grid.
  0.5000000000000000 # Attribute 'damping_power' of the grid.
 # binID   n_entries weight   weight_sqr   abs_weight
    10   10   1.479233466762639E+009   1.484050438707748E+019   1.479233466762639E+009
    16   10   1.480162736702990E+009   1.484342839760592E+019   1.480162736702990E+009
  </DiscreteSampler_grid>
